1630627200000,19.50000000,19.50000000,19.47000000,19.50000000,201.79000000,1630627259999,3931.48000000,10,65.31000000,1273.18780000,0
1630627260000,19.50000000,19.53000000,19.48000000,19.53000000,1503.46000000,1630627319999,29336.42710000,27,1459.63000000,28481.75350000,0
1630627320000,19.53000000,19.53000000,19.53000000,19.53000000,59.23000000,1630627379999,1156.76190000,7,59.23000000,1156.76190000,0
1630627380000,19.53000000,19.53000000,19.50000000,19.53000000,39.40000000,1630627439999,769.43700000,9,37.42000000,730.81260000,0
1630627440000,19.53000000,19.54000000,19.48000000,19.51000000,389.48000000,1630627499999,7597.43820000,33,114.36000000,2233.43330000,0
1630627500000,19.51000000,19.51000000,19.50000000,19.50000000,40.56000000,1630627559999,791.15800000,8,40.56000000,791.15800000,0
1630627560000,19.48000000,19.51000000,19.48000000,19.51000000,46.48000000,1630627619999,906.74380000,12,45.92000000,895.83500000,0
1630627620000,19.51000000,19.51000000,19.36000000,19.38000000,2870.87000000,1630627679999,55755.37310000,115,355.34000000,6905.71160000,0
1630627680000,19.38000000,19.40000000,19.28000000,19.30000000,4153.41000000,1630627739999,80236.69560000,198,2507.98000000,48422.73330000,0
1630627740000,19.29000000,19.35000000,19.29000000,19.35000000,130.43000000,1630627799999,2519.84830000,20,129.43000000,2500.55830000,0
1630627800000,19.36000000,19.37000000,19.36000000,19.37000000,334.23000000,1630627859999,6471.02360000,12,334.23000000,6471.02360000,0
1630627860000,19.35000000,19.37000000,19.35000000,19.35000000,129.68000000,1630627919999,2510.52010000,23,128.90000000,2495.42710000,0
1630627920000,19.36000000,19.39000000,19.36000000,19.39000000,142.43000000,1630627979999,2759.13130000,9,142.43000000,2759.13130000,0
1630627980000,19.39000000,19.39000000,19.39000000,19.39000000,63.65000000,1630628039999,1234.17350000,11,63.65000000,1234.17350000,0
1630628040000,19.39000000,19.39000000,19.39000000,19.39000000,46.13000000,1630628099999,894.46070000,7,46.13000000,894.46070000,0
1630628100000,19.39000000,19.39000000,19.38000000,19.39000000,51.37000000,1630628159999,995.97800000,9,51.37000000,995.97800000,0
1630628160000,19.36000000,19.39000000,19.36000000,19.39000000,39.28000000,1630628219999,761.62300000,8,38.74000000,751.16860000,0
1630628220000,19.39000000,19.40000000,19.39000000,19.39000000,73.45000000,1630628279999,1424.47980000,12,70.52000000,1367.66710000,0
1630628280000,19.37000000,19.37000000,19.36000000,19.37000000,120.88000000,1630628339999,2341.33240000,20,32.01000000,620.03370000,0
1630628340000,19.37000000,19.39000000,19.37000000,19.39000000,45.66000000,1630628399999,884.66770000,10,45.66000000,884.66770000,0
1630628400000,19.39000000,19.41000000,19.38000000,19.41000000,77.18000000,1630628459999,1497.12410000,11,54.59000000,1059.11100000,0
1630628460000,19.41000000,19.41000000,19.33000000,19.33000000,466.89000000,1630628519999,9037.92810000,32,32.33000000,627.28520000,0
1630628520000,19.33000000,19.38000000,19.33000000,19.36000000,294.27000000,1630628579999,5694.73720000,40,106.28000000,2057.55920000,0
1630628580000,19.36000000,19.42000000,19.36000000,19.42000000,198.71000000,1630628639999,3853.59410000,37,198.71000000,3853.59410000,0
1630628640000,19.41000000,19.43000000,19.37000000,19.43000000,825.33000000,1630628699999,16015.31090000,42,726.63000000,14102.82490000,0
1630628700000,19.41000000,19.43000000,19.41000000,19.42000000,32.55000000,1630628759999,632.19340000,7,31.98000000,621.12970000,0
1630628760000,19.43000000,19.46000000,19.43000000,19.46000000,72.48000000,1630628819999,1408.95570000,12,71.44000000,1388.74850000,0
1630628820000,19.46000000,19.46000000,19.46000000,19.46000000,43.99000000,1630628879999,856.04540000,8,43.99000000,856.04540000,0
1630628880000,19.43000000,19.44000000,19.40000000,19.44000000,179.51000000,1630628939999,3486.08710000,28,31.24000000,606.83700000,0
1630628940000,19.44000000,19.46000000,19.44000000,19.46000000,847.87000000,1630628999999,16483.24340000,19,846.21000000,16450.93980000,0
1630629000000,19.48000000,19.48000000,19.41000000,19.41000000,327.10000000,1630629059999,6354.57140000,39,42.33000000,822.56250000,0
1630629060000,19.41000000,19.46000000,19.41000000,19.45000000,71.75000000,1630629119999,1394.71690000,17,47.11000000,915.71530000,0
1630629120000,19.45000000,19.45000000,19.40000000,19.41000000,98.52000000,1630629179999,1912.36400000,12,31.24000000,606.83700000,0
1630629180000,19.42000000,19.46000000,19.42000000,19.46000000,60.81000000,1630629239999,1182.72110000,11,52.77000000,1026.50930000,0
1630629240000,19.44000000,19.44000000,19.36000000,19.36000000,355.62000000,1630629299999,6890.10030000,28,45.29000000,877.43920000,0
1630629300000,19.36000000,19.36000000,19.33000000,19.36000000,50.35000000,1630629359999,974.72200000,8,48.55000000,939.92800000,0
1630629360000,19.33000000,19.33000000,19.29000000,19.32000000,432.95000000,1630629419999,8361.47380000,43,163.15000000,3150.50460000,0
1630629420000,19.32000000,19.35000000,19.30000000,19.30000000,240.53000000,1630629479999,4646.77800000,36,127.88000000,2470.38000000,0
1630629480000,19.30000000,19.32000000,19.30000000,19.31000000,81.67000000,1630629539999,1576.51470000,10,80.67000000,1557.20470000,0
1630629540000,19.31000000,19.31000000,19.27000000,19.29000000,264.04000000,1630629599999,5092.00670000,26,107.99000000,2083.38670000,0
1630629600000,19.29000000,19.29000000,19.13000000,19.16000000,1565.99000000,1630629659999,30048.83720000,108,61.21000000,1175.88780000,0
1630629660000,19.15000000,19.17000000,19.12000000,19.14000000,68.23000000,1630629719999,1306.27420000,13,26.68000000,510.93210000,0
1630629720000,19.14000000,19.14000000,19.08000000,19.10000000,1929.69000000,1630629779999,36855.77720000,44,15.04000000,287.72570000,0
1630629780000,19.10000000,19.11000000,19.07000000,19.10000000,863.24000000,1630629839999,16479.12890000,48,541.44000000,10341.05060000,0
1630629840000,19.10000000,19.11000000,19.04000000,19.09000000,579.83000000,1630629899999,11049.55370000,29,31.52000000,602.17560000,0
1630629900000,19.06000000,19.09000000,19.06000000,19.09000000,129.98000000,1630629959999,2480.06330000,22,65.89000000,1257.75460000,0
1630629960000,19.10000000,19.10000000,19.05000000,19.08000000,141.69000000,1630630019999,2700.88000000,18,79.24000000,1511.03830000,0
1630630020000,19.05000000,19.10000000,19.05000000,19.10000000,73.74000000,1630630079999,1407.49150000,17,60.13000000,1148.22100000,0
1630630080000,19.11000000,19.16000000,19.10000000,19.15000000,234.11000000,1630630139999,4476.88470000,22,143.84000000,2750.24460000,0
1630630140000,19.15000000,19.26000000,19.15000000,19.25000000,1598.97000000,1630630199999,30701.63150000,54,1415.86000000,27181.85580000,0
1630630200000,19.25000000,19.26000000,19.20000000,19.20000000,461.35000000,1630630259999,8874.98340000,23,114.50000000,2205.25690000,0
1630630260000,19.22000000,19.22000000,19.19000000,19.21000000,132.68000000,1630630319999,2548.43030000,14,74.37000000,1429.27170000,0
1630630320000,19.19000000,19.21000000,19.19000000,19.21000000,103.73000000,1630630379999,1992.62450000,4,102.29000000,1964.99090000,0
1630630380000,19.23000000,19.23000000,19.10000000,19.11000000,416.18000000,1630630439999,7972.60970000,59,80.44000000,1540.12420000,0
1630630440000,19.11000000,19.15000000,19.11000000,19.12000000,397.50000000,1630630499999,7607.26470000,18,61.52000000,1177.94090000,0
1630630500000,19.15000000,19.15000000,19.06000000,19.06000000,276.83000000,1630630559999,5287.16140000,32,63.91000000,1222.14130000,0
1630630560000,19.09000000,19.14000000,19.07000000,19.14000000,596.51000000,1630630619999,11392.57210000,40,580.89000000,11094.69870000,0
1630630620000,19.14000000,19.21000000,19.14000000,19.20000000,396.83000000,1630630679999,7609.79100000,34,168.97000000,3237.86460000,0
1630630680000,19.21000000,19.21000000,19.17000000,19.18000000,179.70000000,1630630739999,3447.59720000,22,11.78000000,225.94040000,0
1630630740000,19.15000000,19.16000000,19.14000000,19.14000000,54.00000000,1630630799999,1034.16920000,8,9.37000000,179.52920000,0
1630630800000,19.16000000,19.18000000,19.15000000,19.17000000,734.35000000,1630630859999,14063.74770000,14,503.76000000,9647.93660000,0
1630630860000,19.17000000,19.17000000,19.09000000,19.09000000,1380.56000000,1630630919999,26373.59140000,71,1007.67000000,19242.47070000,0
1630630920000,19.09000000,19.15000000,19.09000000,19.13000000,341.02000000,1630630979999,6515.02820000,30,42.76000000,817.94290000,0
1630630980000,19.13000000,19.13000000,19.07000000,19.10000000,441.07000000,1630631039999,8425.28540000,40,336.43000000,6428.29320000,0
1630631040000,19.08000000,19.10000000,19.05000000,19.05000000,315.89000000,1630631099999,6025.75550000,19,57.26000000,1092.74160000,0
1630631100000,19.07000000,19.11000000,19.06000000,19.11000000,32.72000000,1630631159999,624.10250000,12,17.31000000,330.38060000,0
1630631160000,19.10000000,19.11000000,19.04000000,19.04000000,536.76000000,1630631219999,10231.24610000,20,53.21000000,1016.01630000,0
1630631220000,19.07000000,19.07000000,18.95000000,18.96000000,5381.89000000,1630631279999,102155.75640000,190,927.59000000,17592.25230000,0
1630631280000,18.96000000,18.96000000,18.86000000,18.93000000,8828.03000000,1630631339999,166680.68650000,232,2097.12000000,39628.96330000,0
1630631340000,18.91000000,18.91000000,18.86000000,18.88000000,1831.50000000,1630631399999,34577.32630000,51,1447.54000000,27327.54760000,0
1630631400000,18.87000000,18.89000000,18.85000000,18.88000000,712.28000000,1630631459999,13441.49660000,38,544.33000000,10274.37540000,0
1630631460000,18.86000000,18.86000000,18.84000000,18.86000000,1176.38000000,1630631519999,22172.69380000,50,645.97000000,12177.62530000,0
1630631520000,18.87000000,18.89000000,18.85000000,18.88000000,555.40000000,1630631579999,10480.97240000,23,542.99000000,10246.67160000,0
1630631580000,18.88000000,18.91000000,18.66000000,18.66000000,20345.53000000,1630631639999,381571.74150000,449,4706.11000000,88088.72210000,0
1630631640000,18.66000000,18.69000000,18.59000000,18.63000000,8009.14000000,1630631699999,149273.92860000,351,3738.00000000,69662.87230000,0
1630631700000,18.64000000,18.64000000,18.56000000,18.58000000,3141.39000000,1630631759999,58371.40680000,156,2004.63000000,37254.82240000,0
1630631760000,18.58000000,18.71000000,18.56000000,18.68000000,4479.55000000,1630631819999,83553.93140000,99,4310.46000000,80400.34530000,0
1630631820000,18.68000000,18.71000000,18.60000000,18.61000000,2230.17000000,1630631879999,41546.25130000,86,1678.02000000,31251.28810000,0
1630631880000,18.61000000,18.61000000,18.57000000,18.58000000,630.07000000,1630631939999,11720.06440000,40,447.18000000,8318.68240000,0
1630631940000,18.58000000,18.58000000,18.53000000,18.53000000,620.92000000,1630631999999,11518.11500000,58,416.82000000,7734.55100000,0
1630632000000,18.53000000,18.61000000,18.53000000,18.58000000,2559.18000000,1630632059999,47492.32510000,72,2517.15000000,46712.01330000,0
1630632060000,18.59000000,18.60000000,18.52000000,18.53000000,1373.13000000,1630632119999,25462.73140000,84,701.53000000,13008.53790000,0
1630632120000,18.52000000,18.53000000,18.43000000,18.44000000,6541.74000000,1630632179999,120925.94400000,246,2295.80000000,42402.91580000,0
1630632180000,18.44000000,18.44000000,18.34000000,18.36000000,5483.89000000,1630632239999,100727.95610000,212,1587.67000000,29144.92270000,0
1630632240000,18.36000000,18.37000000,18.33000000,18.34000000,913.98000000,1630632299999,16770.16920000,65,530.24000000,9728.04570000,0
1630632300000,18.34000000,18.35000000,18.34000000,18.34000000,794.40000000,1630632359999,14570.00480000,46,794.40000000,14570.00480000,0
1630632360000,18.34000000,18.49000000,18.34000000,18.46000000,3483.93000000,1630632419999,64155.47840000,166,3075.27000000,56614.08610000,0
1630632420000,18.46000000,18.53000000,18.43000000,18.47000000,3219.28000000,1630632479999,59475.17750000,265,2179.07000000,40261.05630000,0
1630632480000,18.49000000,18.55000000,18.47000000,18.52000000,2138.91000000,1630632539999,39572.04080000,73,2128.63000000,39381.85760000,0
1630632540000,18.52000000,18.53000000,18.44000000,18.46000000,1281.76000000,1630632599999,23665.38890000,89,493.17000000,9113.07390000,0
1630632600000,18.46000000,18.50000000,18.41000000,18.46000000,1576.86000000,1630632659999,29113.83470000,132,1262.56000000,23317.00170000,0
1630632660000,18.45000000,18.48000000,18.38000000,18.39000000,1051.42000000,1630632719999,19362.99150000,48,217.37000000,4007.46170000,0
1630632720000,18.39000000,18.42000000,18.39000000,18.41000000,241.60000000,1630632779999,4446.03380000,24,198.34000000,3650.48240000,0
1630632780000,18.41000000,18.47000000,18.40000000,18.46000000,376.16000000,1630632839999,6940.24060000,29,363.27000000,6703.06460000,0
1630632840000,18.46000000,18.58000000,18.46000000,18.54000000,1824.40000000,1630632899999,33793.95110000,89,1419.27000000,26281.34370000,0
1630632900000,18.55000000,18.58000000,18.53000000,18.56000000,218.96000000,1630632959999,4060.99370000,39,213.53000000,3960.31380000,0
1630632960000,18.56000000,18.58000000,18.56000000,18.56000000,142.68000000,1630633019999,2649.99180000,15,141.69000000,2631.61740000,0
1630633020000,18.58000000,18.58000000,18.54000000,18.56000000,1258.28000000,1630633079999,23341.57000000,34,187.55000000,3479.71640000,0
1630633080000,18.57000000,18.57000000,18.47000000,18.49000000,1367.49000000,1630633139999,25308.39510000,87,271.22000000,5019.90220000,0
1630633140000,18.48000000,18.54000000,18.47000000,18.47000000,318.01000000,1630633199999,5883.26860000,50,266.37000000,4927.77540000,0
1630633200000,18.49000000,18.53000000,18.48000000,18.52000000,84.15000000,1630633259999,1557.44580000,33,50.64000000,936.84060000,0
1630633260000,18.53000000,18.54000000,18.53000000,18.54000000,26.61000000,1630633319999,493.23930000,13,26.61000000,493.23930000,0
1630633320000,18.54000000,18.56000000,18.52000000,18.53000000,159.32000000,1630633379999,2952.83130000,21,59.79000000,1108.19810000,0
1630633380000,18.53000000,18.53000000,18.51000000,18.53000000,84.05000000,1630633439999,1556.84820000,19,25.57000000,473.81210000,0
1630633440000,18.52000000,18.54000000,18.52000000,18.54000000,97.32000000,1630633499999,1803.30070000,11,23.86000000,442.20360000,0
1630633500000,18.54000000,18.55000000,18.52000000,18.55000000,435.20000000,1630633559999,8068.23340000,29,417.15000000,7733.69190000,0
1630633560000,18.54000000,18.55000000,18.52000000,18.55000000,114.37000000,1630633619999,2120.07280000,26,94.84000000,1758.16630000,0
1630633620000,18.55000000,18.57000000,18.54000000,18.57000000,1157.14000000,1630633679999,21482.09220000,10,1063.02000000,19737.10740000,0
1630633680000,18.57000000,18.60000000,18.55000000,18.58000000,1516.80000000,1630633739999,28208.67990000,38,1456.81000000,27095.12050000,0
1630633740000,18.57000000,18.58000000,18.51000000,18.55000000,696.10000000,1630633799999,12901.92670000,56,142.86000000,2648.47750000,0
1630633800000,18.54000000,18.55000000,18.52000000,18.53000000,62.12000000,1630633859999,1151.29980000,23,49.19000000,911.72140000,0
1630633860000,18.52000000,18.56000000,18.46000000,18.48000000,2461.56000000,1630633919999,45550.21280000,57,202.33000000,3747.32770000,0
1630633920000,18.48000000,18.48000000,18.37000000,18.41000000,4224.62000000,1630633979999,77805.56970000,101,408.17000000,7523.93950000,0
1630633980000,18.42000000,18.43000000,18.40000000,18.43000000,516.77000000,1630634039999,9518.81730000,17,461.14000000,8494.72550000,0
1630634040000,18.43000000,18.48000000,18.41000000,18.43000000,1198.74000000,1630634099999,22102.83260000,146,466.09000000,8599.31700000,0
1630634100000,18.45000000,18.45000000,18.41000000,18.43000000,409.34000000,1630634159999,7544.21870000,28,286.08000000,5274.26900000,0
1630634160000,18.44000000,18.47000000,18.43000000,18.47000000,296.32000000,1630634219999,5465.13060000,30,211.43000000,3900.59980000,0
1630634220000,18.47000000,18.50000000,18.47000000,18.50000000,729.03000000,1630634279999,13474.72250000,37,540.63000000,9992.19910000,0
1630634280000,18.48000000,18.52000000,18.47000000,18.52000000,28.31000000,1630634339999,523.51710000,15,15.49000000,286.65020000,0
1630634340000,18.50000000,18.52000000,18.50000000,18.50000000,108.20000000,1630634399999,2002.41240000,9,36.57000000,677.25740000,0
1630634400000,18.50000000,18.50000000,18.45000000,18.47000000,752.00000000,1630634459999,13888.25920000,32,486.53000000,8986.49110000,0
1630634460000,18.50000000,18.51000000,18.47000000,18.47000000,388.77000000,1630634519999,7187.16750000,22,64.42000000,1191.54910000,0
1630634520000,18.46000000,18.49000000,18.46000000,18.49000000,76.18000000,1630634579999,1407.93900000,8,55.46000000,1025.35220000,0
1630634580000,18.49000000,18.53000000,18.47000000,18.52000000,1085.97000000,1630634639999,20105.83710000,31,1050.21000000,19444.60060000,0
1630634640000,18.52000000,18.56000000,18.52000000,18.54000000,950.88000000,1630634699999,17638.55380000,32,164.22000000,3046.03690000,0
1630634700000,18.54000000,18.58000000,18.54000000,18.58000000,706.89000000,1630634759999,13120.14680000,18,632.08000000,11731.64800000,0
1630634760000,18.58000000,18.60000000,18.57000000,18.60000000,167.95000000,1630634819999,3121.69330000,16,163.13000000,3032.14560000,0
1630634820000,18.60000000,18.61000000,18.57000000,18.59000000,437.77000000,1630634879999,8142.62570000,22,420.26000000,7817.26740000,0
1630634880000,18.61000000,18.63000000,18.60000000,18.61000000,124.15000000,1630634939999,2310.85360000,29,99.45000000,1851.13070000,0
1630634940000,18.63000000,18.64000000,18.61000000,18.64000000,89.73000000,1630634999999,1671.59160000,23,69.50000000,1295.03440000,0
1630635000000,18.64000000,18.65000000,18.61000000,18.64000000,510.50000000,1630635059999,9515.07720000,28,215.64000000,4020.43130000,0
1630635060000,18.63000000,18.65000000,18.62000000,18.65000000,352.35000000,1630635119999,6568.83980000,14,340.26000000,6343.61670000,0
1630635120000,18.64000000,18.67000000,18.62000000,18.67000000,1300.39000000,1630635179999,24250.35100000,27,1211.33000000,22591.40060000,0
1630635180000,18.64000000,18.69000000,18.63000000,18.66000000,452.26000000,1630635239999,8442.43520000,45,91.64000000,1711.54280000,0
1630635240000,18.65000000,18.69000000,18.63000000,18.66000000,548.93000000,1630635299999,10249.20550000,19,245.21000000,4579.42940000,0
1630635300000,18.64000000,18.69000000,18.64000000,18.67000000,273.57000000,1630635359999,5107.68710000,34,204.44000000,3818.39260000,0
1630635360000,18.67000000,18.71000000,18.65000000,18.71000000,363.81000000,1630635419999,6798.57200000,37,354.06000000,6616.65370000,0
1630635420000,18.70000000,18.71000000,18.66000000,18.69000000,1166.03000000,1630635479999,21807.54190000,24,513.77000000,9611.91230000,0
1630635480000,18.69000000,18.71000000,18.68000000,18.69000000,269.38000000,1630635539999,5036.18850000,18,28.04000000,524.47030000,0
1630635540000,18.70000000,18.73000000,18.67000000,18.69000000,3006.13000000,1630635599999,56266.68060000,41,2891.74000000,54128.36970000,0
1630635600000,18.70000000,18.72000000,18.65000000,18.67000000,232.17000000,1630635659999,4340.78030000,33,41.59000000,778.12200000,0
1630635660000,18.67000000,18.74000000,18.67000000,18.74000000,791.40000000,1630635719999,14800.85360000,32,784.56000000,14673.15080000,0
1630635720000,18.74000000,18.75000000,18.71000000,18.75000000,1088.29000000,1630635779999,20390.26060000,70,394.50000000,7392.75100000,0
1630635780000,18.75000000,18.76000000,18.73000000,18.76000000,78.34000000,1630635839999,1468.89850000,19,55.16000000,1034.55900000,0
1630635840000,18.75000000,18.80000000,18.74000000,18.80000000,234.29000000,1630635899999,4396.12510000,45,89.67000000,1683.37610000,0
1630635900000,18.80000000,18.80000000,18.77000000,18.78000000,745.66000000,1630635959999,14009.19400000,49,534.03000000,10036.21930000,0
1630635960000,18.77000000,18.79000000,18.73000000,18.79000000,1888.76000000,1630636019999,35402.26610000,80,327.45000000,6139.37770000,0
1630636020000,18.79000000,18.80000000,18.76000000,18.78000000,573.81000000,1630636079999,10778.63520000,40,315.35000000,5927.14910000,0
1630636080000,18.78000000,18.81000000,18.77000000,18.81000000,694.68000000,1630636139999,13054.54350000,26,674.34000000,12672.22920000,0
1630636140000,18.81000000,18.83000000,18.81000000,18.83000000,180.90000000,1630636199999,3404.47100000,34,114.35000000,2152.01880000,0
1630636200000,18.83000000,18.84000000,18.80000000,18.84000000,211.70000000,1630636259999,3985.75640000,35,115.58000000,2176.89770000,0
1630636260000,18.83000000,18.83000000,18.80000000,18.83000000,219.38000000,1630636319999,4130.03140000,25,119.09000000,2242.18960000,0
1630636320000,18.82000000,18.83000000,18.78000000,18.79000000,1076.83000000,1630636379999,20250.82810000,39,234.12000000,4407.38580000,0
1630636380000,18.77000000,18.81000000,18.76000000,18.81000000,676.05000000,1630636439999,12708.32040000,33,410.18000000,7710.78910000,0
1630636440000,18.81000000,18.81000000,18.78000000,18.81000000,165.54000000,1630636499999,3111.06200000,26,94.63000000,1778.91010000,0
1630636500000,18.80000000,18.81000000,18.78000000,18.79000000,189.56000000,1630636559999,3561.79600000,26,154.33000000,2900.17660000,0
1630636560000,18.79000000,18.82000000,18.79000000,18.82000000,281.00000000,1630636619999,5282.85650000,28,274.66000000,5163.60110000,0
1630636620000,18.81000000,18.83000000,18.80000000,18.83000000,134.95000000,1630636679999,2540.58660000,14,129.41000000,2436.36280000,0
1630636680000,18.81000000,18.83000000,18.79000000,18.82000000,178.56000000,1630636739999,3359.13280000,23,116.86000000,2198.96350000,0
1630636740000,18.82000000,18.83000000,18.82000000,18.83000000,91.37000000,1630636799999,1720.47910000,8,91.37000000,1720.47910000,0
1630636800000,18.83000000,18.85000000,18.83000000,18.85000000,110.98000000,1630636859999,2091.14360000,25,89.25000000,1681.75040000,0
1630636860000,18.84000000,18.86000000,18.84000000,18.86000000,388.26000000,1630636919999,7318.85530000,20,382.11000000,7202.98930000,0
1630636920000,18.85000000,18.86000000,18.85000000,18.86000000,171.73000000,1630636979999,3238.41850000,9,130.80000000,2466.88800000,0
1630636980000,18.86000000,18.90000000,18.86000000,18.88000000,2142.51000000,1630637039999,40445.78140000,94,2025.30000000,38232.85090000,0
1630637040000,18.87000000,18.89000000,18.87000000,18.88000000,134.24000000,1630637099999,2535.20850000,14,115.43000000,2180.16210000,0
1630637100000,18.89000000,18.89000000,18.70000000,18.79000000,2164.58000000,1630637159999,40690.63210000,157,495.25000000,9305.86270000,0
1630637160000,18.77000000,18.83000000,18.76000000,18.82000000,736.82000000,1630637219999,13852.62030000,59,458.36000000,8618.14570000,0
1630637220000,18.82000000,18.85000000,18.82000000,18.85000000,156.99000000,1630637279999,2957.66540000,22,148.24000000,2792.92310000,0
1630637280000,18.84000000,18.85000000,18.77000000,18.80000000,1678.17000000,1630637339999,31564.78400000,36,204.10000000,3837.66020000,0
1630637340000,18.80000000,18.81000000,18.79000000,18.81000000,190.07000000,1630637399999,3573.37410000,14,78.06000000,1468.17420000,0
1630637400000,18.81000000,18.81000000,18.79000000,18.79000000,211.19000000,1630637459999,3971.12270000,23,188.31000000,3540.97870000,0
1630637460000,18.80000000,18.82000000,18.79000000,18.82000000,84.26000000,1630637519999,1585.25990000,9,84.26000000,1585.25990000,0
1630637520000,18.82000000,18.84000000,18.82000000,18.84000000,109.81000000,1630637579999,2067.02370000,9,109.81000000,2067.02370000,0
1630637580000,18.84000000,18.84000000,18.81000000,18.83000000,110.62000000,1630637639999,2083.44770000,10,98.30000000,1851.70850000,0
1630637640000,18.81000000,18.85000000,18.81000000,18.85000000,147.68000000,1630637699999,2782.46270000,15,118.80000000,2238.67440000,0
1630637700000,18.86000000,18.87000000,18.85000000,18.85000000,99.70000000,1630637759999,1880.13420000,11,99.70000000,1880.13420000,0
1630637760000,18.85000000,18.87000000,18.83000000,18.83000000,192.60000000,1630637819999,3628.51810000,34,147.94000000,2787.12370000,0
1630637820000,18.82000000,18.85000000,18.79000000,18.85000000,196.13000000,1630637879999,3691.28630000,29,162.61000000,3060.80400000,0
1630637880000,18.84000000,18.86000000,18.84000000,18.85000000,380.97000000,1630637939999,7182.28580000,28,376.10000000,7090.53500000,0
1630637940000,18.85000000,18.86000000,18.80000000,18.83000000,342.03000000,1630637999999,6440.29370000,25,110.80000000,2086.76900000,0
1630638000000,18.84000000,18.86000000,18.80000000,18.82000000,372.03000000,1630638059999,7004.23820000,53,159.12000000,2997.13910000,0
1630638060000,18.83000000,18.87000000,18.82000000,18.84000000,107.83000000,1630638119999,2032.64010000,19,107.83000000,2032.64010000,0
1630638120000,18.85000000,18.86000000,18.75000000,18.77000000,1035.34000000,1630638179999,19470.91690000,69,168.36000000,3163.14990000,0
1630638180000,18.77000000,18.78000000,18.75000000,18.76000000,377.10000000,1630638239999,7077.44430000,43,348.07000000,6532.92790000,0
1630638240000,18.78000000,18.79000000,18.76000000,18.78000000,280.31000000,1630638299999,5262.76100000,28,107.46000000,2018.52310000,0
1630638300000,18.75000000,18.82000000,18.75000000,18.82000000,135.81000000,1630638359999,2551.62810000,28,126.31000000,2373.50310000,0
1630638360000,18.82000000,18.82000000,18.82000000,18.82000000,94.29000000,1630638419999,1774.53780000,10,94.29000000,1774.53780000,0
1630638420000,18.82000000,18.82000000,18.81000000,18.82000000,110.18000000,1630638479999,2073.56030000,21,110.18000000,2073.56030000,0
1630638480000,18.82000000,18.84000000,18.81000000,18.84000000,123.35000000,1630638539999,2322.36280000,14,97.03000000,1827.28360000,0
1630638540000,18.83000000,18.85000000,18.81000000,18.85000000,150.39000000,1630638599999,2831.91670000,24,80.83000000,1523.18990000,0
1630638600000,18.85000000,18.88000000,18.84000000,18.88000000,169.60000000,1630638659999,3197.68110000,16,102.34000000,1929.83010000,0
1630638660000,18.88000000,18.90000000,18.87000000,18.89000000,123.69000000,1630638719999,2336.31460000,19,122.61000000,2315.93500000,0
1630638720000,18.90000000,18.90000000,18.89000000,18.89000000,98.30000000,1630638779999,1857.23980000,8,98.30000000,1857.23980000,0
1630638780000,18.88000000,18.90000000,18.87000000,18.89000000,184.68000000,1630638839999,3487.69360000,21,82.69000000,1562.56200000,0
1630638840000,18.90000000,18.91000000,18.86000000,18.91000000,199.89000000,1630638899999,3774.79860000,19,76.00000000,1436.53480000,0
1630638900000,18.92000000,18.92000000,18.90000000,18.92000000,336.66000000,1630638959999,6369.59680000,16,336.14000000,6359.76880000,0
1630638960000,18.92000000,18.92000000,18.85000000,18.87000000,453.17000000,1630639019999,8555.26920000,40,90.93000000,1718.98470000,0
1630639020000,18.87000000,18.87000000,18.84000000,18.85000000,133.53000000,1630639079999,2517.38550000,23,89.65000000,1690.44850000,0
1630639080000,18.86000000,18.87000000,18.83000000,18.87000000,182.68000000,1630639139999,3444.92910000,26,155.68000000,2936.44410000,0
1630639140000,18.87000000,18.89000000,18.87000000,18.89000000,103.81000000,1630639199999,1960.13150000,8,103.81000000,1960.13150000,0
1630639200000,18.88000000,18.88000000,18.85000000,18.88000000,298.23000000,1630639259999,5628.02370000,47,121.19000000,2286.30910000,0
1630639260000,18.88000000,18.88000000,18.85000000,18.88000000,82.22000000,1630639319999,1552.19240000,7,78.18000000,1476.03840000,0
1630639320000,18.88000000,18.88000000,18.85000000,18.88000000,84.47000000,1630639379999,1594.77470000,9,83.84000000,1582.89920000,0
1630639380000,18.88000000,18.88000000,18.85000000,18.88000000,120.72000000,1630639439999,2278.88040000,9,110.28000000,2082.08640000,0
1630639440000,18.88000000,18.88000000,18.86000000,18.88000000,147.27000000,1630639499999,2779.76440000,9,112.61000000,2126.07680000,0
1630639500000,18.88000000,18.89000000,18.88000000,18.89000000,99.68000000,1630639559999,1882.14840000,9,99.68000000,1882.14840000,0
1630639560000,18.89000000,18.90000000,18.87000000,18.89000000,85.37000000,1630639619999,1612.77090000,9,82.45000000,1557.67050000,0
1630639620000,18.89000000,18.91000000,18.88000000,18.89000000,750.01000000,1630639679999,14172.51830000,30,561.96000000,10621.13180000,0
1630639680000,18.90000000,18.91000000,18.81000000,18.88000000,2096.29000000,1630639739999,39585.54310000,57,663.49000000,12542.22720000,0
1630639740000,18.85000000,18.88000000,18.85000000,18.88000000,120.62000000,1630639799999,2276.61190000,23,80.24000000,1514.93120000,0
1630639800000,18.88000000,18.90000000,18.85000000,18.88000000,808.88000000,1630639859999,15268.32040000,46,348.88000000,6592.40590000,0
1630639860000,18.88000000,18.94000000,18.88000000,18.93000000,1796.45000000,1630639919999,33972.24440000,40,1794.28000000,33931.17470000,0
1630639920000,18.93000000,18.94000000,18.90000000,18.94000000,332.42000000,1630639979999,6291.87350000,24,130.05000000,2462.57700000,0
1630639980000,18.93000000,18.96000000,18.92000000,18.96000000,601.15000000,1630640039999,11391.27450000,24,580.40000000,10998.44650000,0
1630640040000,18.96000000,18.96000000,18.93000000,18.95000000,185.23000000,1630640099999,3511.08760000,16,107.90000000,2045.75730000,0
1630640100000,18.95000000,18.96000000,18.93000000,18.96000000,186.39000000,1630640159999,3531.35710000,19,106.85000000,2025.07670000,0
1630640160000,18.97000000,18.97000000,18.95000000,18.95000000,238.46000000,1630640219999,4520.74070000,18,91.43000000,1734.39990000,0
1630640220000,18.95000000,18.98000000,18.94000000,18.96000000,250.06000000,1630640279999,4739.38190000,30,102.87000000,1950.14960000,0
1630640280000,18.94000000,18.97000000,18.94000000,18.96000000,101.89000000,1630640339999,1931.96910000,10,76.00000000,1441.50130000,0
1630640340000,18.96000000,18.97000000,18.95000000,18.95000000,77.57000000,1630640399999,1471.28770000,7,76.00000000,1441.53000000,0
1630640400000,18.96000000,18.98000000,18.95000000,18.98000000,1742.33000000,1630640459999,33068.09160000,35,1710.18000000,32458.27670000,0
1630640460000,18.98000000,18.99000000,18.97000000,18.99000000,101.72000000,1630640519999,1931.31700000,12,94.98000000,1803.45920000,0
1630640520000,18.96000000,18.99000000,18.95000000,18.96000000,183.03000000,1630640579999,3471.36100000,23,76.00000000,1442.40640000,0
1630640580000,18.99000000,18.99000000,18.97000000,18.99000000,241.13000000,1630640639999,4577.13860000,15,128.65000000,2443.06350000,0
1630640640000,18.99000000,19.00000000,18.96000000,19.00000000,201.73000000,1630640699999,3828.25850000,32,90.00000000,1709.21820000,0
1630640700000,19.00000000,19.03000000,19.00000000,19.03000000,1338.20000000,1630640759999,25448.32140000,49,1258.51000000,23932.73780000,0
1630640760000,19.02000000,19.06000000,19.00000000,19.04000000,2772.02000000,1630640819999,52799.23510000,56,1901.88000000,36227.05710000,0
1630640820000,19.03000000,19.06000000,19.00000000,19.04000000,116.57000000,1630640879999,2219.21520000,25,91.77000000,1747.44970000,0
1630640880000,19.04000000,19.05000000,19.01000000,19.05000000,106.44000000,1630640939999,2026.82570000,12,97.49000000,1856.62820000,0
1630640940000,19.06000000,19.06000000,19.04000000,19.05000000,121.83000000,1630640999999,2320.99890000,8,76.00000000,1448.37000000,0
1630641000000,19.04000000,19.06000000,19.00000000,19.00000000,540.17000000,1630641059999,10281.45270000,43,318.46000000,6064.26450000,0
1630641060000,19.01000000,19.02000000,18.99000000,19.01000000,358.75000000,1630641119999,6815.17590000,27,171.68000000,3262.59660000,0
1630641120000,19.01000000,19.03000000,19.01000000,19.03000000,131.27000000,1630641179999,2496.87570000,15,131.27000000,2496.87570000,0
1630641180000,19.00000000,19.04000000,19.00000000,19.03000000,599.31000000,1630641239999,11401.59050000,41,126.61000000,2409.70230000,0
1630641240000,19.02000000,19.06000000,18.95000000,18.99000000,3820.16000000,1630641299999,72494.55220000,71,198.48000000,3773.31630000,0
1630641300000,18.97000000,19.00000000,18.97000000,18.99000000,81.55000000,1630641359999,1548.57310000,11,76.56000000,1453.91280000,0
1630641360000,18.96000000,18.99000000,18.96000000,18.99000000,112.62000000,1630641419999,2138.15230000,9,102.50000000,1946.27710000,0
1630641420000,18.97000000,19.02000000,18.97000000,19.02000000,771.09000000,1630641479999,14651.36160000,20,762.36000000,14485.71790000,0
1630641480000,19.03000000,19.05000000,19.03000000,19.05000000,373.49000000,1630641539999,7111.02130000,32,373.49000000,7111.02130000,0
1630641540000,19.03000000,19.06000000,19.03000000,19.06000000,86.57000000,1630641599999,1649.31550000,12,79.68000000,1518.09400000,0
1630641600000,19.06000000,19.06000000,18.98000000,19.01000000,275.51000000,1630641659999,5239.26020000,29,109.60000000,2086.79650000,0
1630641660000,19.02000000,19.07000000,19.02000000,19.07000000,1266.39000000,1630641719999,24105.64060000,65,911.33000000,17350.15820000,0
1630641720000,19.07000000,19.08000000,18.99000000,19.00000000,1745.93000000,1630641779999,33238.22410000,58,978.13000000,18617.27710000,0
1630641780000,18.99000000,19.00000000,18.82000000,18.82000000,4387.59000000,1630641839999,82997.00210000,151,2231.07000000,42226.08390000,0
1630641840000,18.83000000,18.88000000,18.79000000,18.87000000,1477.87000000,1630641899999,27825.78700000,92,1150.36000000,21660.05970000,0
1630641900000,18.87000000,18.94000000,18.87000000,18.93000000,1923.07000000,1630641959999,36365.30270000,71,1560.26000000,29505.09590000,0
1630641960000,18.95000000,18.96000000,18.94000000,18.95000000,248.71000000,1630642019999,4713.18750000,28,245.64000000,4655.04170000,0
1630642020000,18.95000000,18.97000000,18.94000000,18.95000000,203.90000000,1630642079999,3863.35980000,17,96.04000000,1820.49140000,0
1630642080000,18.95000000,19.02000000,18.95000000,19.02000000,486.42000000,1630642139999,9240.10730000,20,208.56000000,3960.91710000,0
1630642140000,18.99000000,19.01000000,18.92000000,18.94000000,585.46000000,1630642199999,11105.05390000,50,161.83000000,3067.26770000,0
1630642200000,18.93000000,18.94000000,18.91000000,18.93000000,123.17000000,1630642259999,2330.92300000,19,123.17000000,2330.92300000,0
1630642260000,18.92000000,18.93000000,18.90000000,18.92000000,430.38000000,1630642319999,8137.18110000,27,365.63000000,6913.29500000,0
1630642320000,18.92000000,18.93000000,18.90000000,18.91000000,528.57000000,1630642379999,9998.55420000,40,228.31000000,4318.53270000,0
1630642380000,18.92000000,18.94000000,18.91000000,18.92000000,268.40000000,1630642439999,5076.38880000,33,198.62000000,3756.84900000,0
1630642440000,18.92000000,18.94000000,18.89000000,18.92000000,208.31000000,1630642499999,3939.53000000,32,173.37000000,3279.20490000,0
1630642500000,18.91000000,18.95000000,18.90000000,18.90000000,120.68000000,1630642559999,2283.79140000,23,107.20000000,2028.82480000,0
1630642560000,18.89000000,18.92000000,18.89000000,18.92000000,194.55000000,1630642619999,3678.82310000,20,117.42000000,2220.29480000,0
1630642620000,18.90000000,18.91000000,18.85000000,18.87000000,242.95000000,1630642679999,4586.19030000,31,91.00000000,1718.99960000,0
1630642680000,18.87000000,18.89000000,18.86000000,18.89000000,215.05000000,1630642739999,4059.45340000,21,142.24000000,2686.25680000,0
1630642740000,18.86000000,18.88000000,18.86000000,18.88000000,688.57000000,1630642799999,12996.93220000,43,261.64000000,4938.81340000,0
1630642800000,18.86000000,18.89000000,18.85000000,18.89000000,108.78000000,1630642859999,2053.11370000,23,98.07000000,1851.23020000,0
1630642860000,18.89000000,18.90000000,18.85000000,18.86000000,247.55000000,1630642919999,4672.20140000,24,109.05000000,2058.72620000,0
1630642920000,18.87000000,18.89000000,18.86000000,18.88000000,197.42000000,1630642979999,3726.15740000,29,185.01000000,3491.98070000,0
1630642980000,18.87000000,18.87000000,18.85000000,18.87000000,219.32000000,1630643039999,4136.60900000,29,130.69000000,2465.91450000,0
1630643040000,18.87000000,18.90000000,18.87000000,18.90000000,126.89000000,1630643099999,2397.12270000,8,76.00000000,1435.81060000,0
1630643100000,18.87000000,18.87000000,18.84000000,18.87000000,252.26000000,1630643159999,4758.53290000,29,136.31000000,2571.50610000,0
1630643160000,18.87000000,18.88000000,18.85000000,18.88000000,108.55000000,1630643219999,2048.74450000,9,89.43000000,1688.33250000,0
1630643220000,18.88000000,18.89000000,18.86000000,18.87000000,208.17000000,1630643279999,3927.90580000,9,81.48000000,1538.53240000,0
1630643280000,18.87000000,18.88000000,18.87000000,18.87000000,210.55000000,1630643339999,3974.10380000,20,210.55000000,3974.10380000,0
1630643340000,18.87000000,18.87000000,18.83000000,18.87000000,237.61000000,1630643399999,4479.16400000,34,135.13000000,2548.75530000,0
1630643400000,18.87000000,18.95000000,18.86000000,18.93000000,655.68000000,1630643459999,12401.75910000,38,544.37000000,10295.00880000,0
1630643460000,18.95000000,18.96000000,18.93000000,18.96000000,133.94000000,1630643519999,2538.84690000,11,131.27000000,2488.30380000,0
1630643520000,18.96000000,18.96000000,18.93000000,18.96000000,96.13000000,1630643579999,1822.02090000,8,76.00000000,1440.96000000,0
1630643580000,18.96000000,18.96000000,18.92000000,18.93000000,357.09000000,1630643639999,6763.40620000,16,161.38000000,3059.19480000,0
1630643640000,18.94000000,18.95000000,18.93000000,18.94000000,100.67000000,1630643699999,1906.89820000,8,100.67000000,1906.89820000,0
1630643700000,18.95000000,18.95000000,18.92000000,18.94000000,131.23000000,1630643759999,2485.72350000,10,129.80000000,2458.66790000,0
1630643760000,18.93000000,18.95000000,18.92000000,18.94000000,484.14000000,1630643819999,9165.17190000,18,377.38000000,7144.79070000,0
1630643820000,18.94000000,18.96000000,18.94000000,18.96000000,149.49000000,1630643879999,2832.51710000,11,109.24000000,2070.18210000,0
1630643880000,18.96000000,18.96000000,18.95000000,18.95000000,113.86000000,1630643939999,2158.47710000,11,83.01000000,1573.86960000,0
1630643940000,18.97000000,18.98000000,18.96000000,18.96000000,127.36000000,1630643999999,2416.90620000,16,118.66000000,2251.87250000,0
1630644000000,18.98000000,19.00000000,18.97000000,19.00000000,77.07000000,1630644059999,1464.12350000,12,76.54000000,1454.06940000,0
1630644060000,18.97000000,19.00000000,18.94000000,19.00000000,466.75000000,1630644119999,8851.65470000,45,158.80000000,3012.29100000,0
1630644120000,19.00000000,19.00000000,18.97000000,19.00000000,93.58000000,1630644179999,1777.77610000,12,85.45000000,1623.55000000,0
1630644180000,19.00000000,19.00000000,18.97000000,19.00000000,204.25000000,1630644239999,3877.41480000,21,89.75000000,1705.25000000,0
1630644240000,18.97000000,19.00000000,18.97000000,19.00000000,208.33000000,1630644299999,3956.41590000,12,142.39000000,2705.41000000,0
1630644300000,19.00000000,19.01000000,18.97000000,19.00000000,128.01000000,1630644359999,2431.97570000,15,115.65000000,2197.50650000,0
1630644360000,19.00000000,19.03000000,18.99000000,19.03000000,748.05000000,1630644419999,14213.54640000,20,303.56000000,5770.77490000,0
1630644420000,19.04000000,19.04000000,19.01000000,19.03000000,371.17000000,1630644479999,7059.59650000,37,267.13000000,5081.79610000,0
1630644480000,19.03000000,19.04000000,19.01000000,19.04000000,108.50000000,1630644539999,2065.23510000,15,98.05000000,1866.55110000,0
1630644540000,19.04000000,19.05000000,19.02000000,19.05000000,456.96000000,1630644599999,8700.54260000,13,416.80000000,7936.37900000,0
1630644600000,19.05000000,19.06000000,19.03000000,19.06000000,239.77000000,1630644659999,4567.49810000,14,204.23000000,3891.15150000,0
1630644660000,19.06000000,19.08000000,19.05000000,19.08000000,1242.28000000,1630644719999,23691.01870000,30,537.75000000,10255.72200000,0
1630644720000,19.08000000,19.09000000,19.05000000,19.07000000,418.54000000,1630644779999,7983.86640000,37,276.49000000,5275.67490000,0
1630644780000,19.07000000,19.08000000,19.04000000,19.05000000,301.30000000,1630644839999,5742.58960000,17,106.36000000,2028.74890000,0
1630644840000,19.05000000,19.06000000,19.03000000,19.03000000,329.52000000,1630644899999,6277.87860000,25,328.99000000,6267.79270000,0
1630644900000,19.05000000,19.07000000,19.05000000,19.07000000,187.73000000,1630644959999,3578.24520000,10,187.73000000,3578.24520000,0
1630644960000,19.09000000,19.09000000,19.06000000,19.09000000,140.27000000,1630645019999,2676.76730000,13,107.37000000,2049.69330000,0
1630645020000,19.09000000,19.10000000,19.08000000,19.10000000,89.64000000,1630645079999,1712.00630000,19,81.64000000,1559.31400000,0
1630645080000,19.09000000,19.12000000,19.08000000,19.10000000,514.01000000,1630645139999,9816.08650000,52,172.72000000,3300.24820000,0
1630645140000,19.11000000,19.12000000,19.09000000,19.12000000,94.36000000,1630645199999,1803.93080000,10,91.46000000,1748.52520000,0
1630645200000,19.12000000,19.12000000,19.10000000,19.12000000,80.25000000,1630645259999,1534.20590000,8,76.54000000,1463.34490000,0
1630645260000,19.12000000,19.12000000,19.10000000,19.12000000,154.11000000,1630645319999,2945.04040000,7,86.47000000,1653.11640000,0
1630645320000,19.12000000,19.13000000,19.10000000,19.13000000,150.57000000,1630645379999,2879.89020000,12,149.76000000,2864.41920000,0
1630645380000,19.10000000,19.13000000,19.10000000,19.13000000,94.45000000,1630645439999,1806.43220000,14,83.86000000,1604.16320000,0
1630645440000,19.12000000,19.12000000,19.07000000,19.08000000,2408.72000000,1630645499999,46004.34930000,55,98.96000000,1890.82980000,0
1630645500000,19.08000000,19.10000000,19.06000000,19.10000000,149.85000000,1630645559999,2859.54510000,21,76.00000000,1451.14800000,0
1630645560000,19.09000000,19.10000000,19.07000000,19.10000000,97.92000000,1630645619999,1869.98610000,13,89.39000000,1707.31900000,0
1630645620000,19.10000000,19.13000000,19.10000000,19.10000000,278.01000000,1630645679999,5314.66350000,23,259.00000000,4951.44840000,0
1630645680000,19.10000000,19.14000000,19.10000000,19.14000000,118.71000000,1630645739999,2269.95370000,11,83.07000000,1589.22420000,0
1630645740000,19.11000000,19.12000000,19.09000000,19.12000000,1117.87000000,1630645799999,21353.64440000,17,238.04000000,4548.31580000,0
1630645800000,19.09000000,19.12000000,19.09000000,19.10000000,234.85000000,1630645859999,4487.12080000,9,234.31000000,4476.81220000,0
1630645860000,19.11000000,19.11000000,19.08000000,19.10000000,185.42000000,1630645919999,3540.36610000,23,120.68000000,2304.85760000,0
1630645920000,19.10000000,19.11000000,19.10000000,19.11000000,128.25000000,1630645979999,2449.76500000,12,128.25000000,2449.76500000,0
1630645980000,19.11000000,19.11000000,19.11000000,19.11000000,90.45000000,1630646039999,1728.49950000,12,90.45000000,1728.49950000,0
1630646040000,19.11000000,19.12000000,19.11000000,19.11000000,125.11000000,1630646099999,2391.42210000,12,124.11000000,2372.31210000,0
1630646100000,19.11000000,19.12000000,19.04000000,19.05000000,1820.83000000,1630646159999,34735.20190000,63,998.88000000,19060.23980000,0
1630646160000,19.05000000,19.07000000,18.95000000,18.95000000,2775.35000000,1630646219999,52794.98770000,76,1393.58000000,26530.29040000,0
1630646220000,18.95000000,18.95000000,18.90000000,18.91000000,1232.95000000,1630646279999,23347.24300000,88,1022.26000000,19357.24280000,0
1630646280000,18.91000000,18.91000000,18.89000000,18.89000000,743.42000000,1630646339999,14053.47130000,41,661.10000000,12498.26560000,0
1630646340000,18.89000000,18.90000000,18.88000000,18.89000000,120.55000000,1630646399999,2276.77240000,18,110.54000000,2087.78360000,0
1630646400000,18.89000000,18.93000000,18.87000000,18.92000000,1260.80000000,1630646459999,23825.18740000,44,999.56000000,18895.30570000,0
1630646460000,18.91000000,18.92000000,18.90000000,18.92000000,183.42000000,1630646519999,3468.63860000,13,142.39000000,2693.17160000,0
1630646520000,18.91000000,18.94000000,18.91000000,18.94000000,550.38000000,1630646579999,10413.00320000,24,550.38000000,10413.00320000,0
1630646580000,18.93000000,18.94000000,18.91000000,18.92000000,238.67000000,1630646639999,4515.35420000,21,194.76000000,3684.57700000,0
1630646640000,18.92000000,18.92000000,18.87000000,18.89000000,424.82000000,1630646699999,8024.43860000,35,197.46000000,3730.38960000,0
1630646700000,18.89000000,18.94000000,18.89000000,18.94000000,684.00000000,1630646759999,12932.06910000,37,676.79000000,12795.87220000,0
1630646760000,18.93000000,18.94000000,18.92000000,18.94000000,167.10000000,1630646819999,3162.46900000,20,167.10000000,3162.46900000,0
1630646820000,18.93000000,18.94000000,18.87000000,18.87000000,217.11000000,1630646879999,4103.16500000,26,137.15000000,2592.24230000,0
1630646880000,18.87000000,18.90000000,18.86000000,18.89000000,232.15000000,1630646939999,4383.27930000,33,214.13000000,4043.34190000,0
1630646940000,18.87000000,18.88000000,18.84000000,18.86000000,302.31000000,1630646999999,5700.71290000,39,111.89000000,2110.86790000,0
1630647000000,18.85000000,18.90000000,18.84000000,18.89000000,441.75000000,1630647059999,8336.77260000,46,441.14000000,8325.28020000,0
1630647060000,18.88000000,18.88000000,18.85000000,18.87000000,272.55000000,1630647119999,5142.50730000,33,120.57000000,2274.68270000,0
1630647120000,18.86000000,18.91000000,18.84000000,18.85000000,1235.59000000,1630647179999,23312.62670000,51,814.86000000,15378.60520000,0
1630647180000,18.85000000,18.85000000,18.73000000,18.77000000,6618.85000000,1630647239999,124274.35720000,150,1818.43000000,34113.34980000,0
1630647240000,18.77000000,18.77000000,18.71000000,18.72000000,1544.11000000,1630647299999,28934.78090000,50,1406.79000000,26363.11520000,0
1630647300000,18.72000000,18.74000000,18.63000000,18.68000000,1807.93000000,1630647359999,33783.97420000,122,1221.47000000,22828.38910000,0
1630647360000,18.67000000,18.75000000,18.67000000,18.69000000,3371.63000000,1630647419999,63082.24900000,246,1685.85000000,31552.64740000,0
1630647420000,18.69000000,18.70000000,18.65000000,18.66000000,965.96000000,1630647479999,18039.17840000,99,658.27000000,12292.49310000,0
1630647480000,18.65000000,18.67000000,18.62000000,18.64000000,1671.09000000,1630647539999,31167.35540000,170,1110.98000000,20721.75200000,0
1630647540000,18.64000000,18.67000000,18.62000000,18.65000000,1250.54000000,1630647599999,23317.76270000,89,984.77000000,18363.84750000,0
1630647600000,18.66000000,18.70000000,18.65000000,18.67000000,1031.57000000,1630647659999,19259.99330000,55,712.36000000,13296.56270000,0
1630647660000,18.67000000,18.69000000,18.65000000,18.68000000,479.91000000,1630647719999,8962.80950000,35,273.38000000,5105.27180000,0
1630647720000,18.67000000,18.68000000,18.64000000,18.66000000,303.24000000,1630647779999,5657.00850000,30,236.85000000,4419.36410000,0
1630647780000,18.65000000,18.66000000,18.64000000,18.65000000,105.63000000,1630647839999,1969.99290000,11,87.45000000,1631.06740000,0
1630647840000,18.64000000,18.66000000,18.62000000,18.63000000,307.26000000,1630647899999,5725.50500000,38,159.02000000,2963.46990000,0
1630647900000,18.63000000,18.69000000,18.60000000,18.65000000,1527.47000000,1630647959999,28471.98660000,108,624.46000000,11648.06550000,0
1630647960000,18.65000000,18.70000000,18.64000000,18.70000000,559.29000000,1630648019999,10445.38360000,39,548.45000000,10243.00080000,0
1630648020000,18.70000000,18.71000000,18.65000000,18.65000000,600.99000000,1630648079999,11218.60830000,25,65.99000000,1234.21950000,0
1630648080000,18.68000000,18.68000000,18.65000000,18.68000000,471.33000000,1630648139999,8799.70480000,34,313.68000000,5856.40620000,0
1630648140000,18.66000000,18.71000000,18.65000000,18.70000000,229.75000000,1630648199999,4289.72410000,50,202.97000000,3790.27710000,0
1630648200000,18.70000000,18.73000000,18.70000000,18.73000000,328.33000000,1630648259999,6148.30780000,16,321.28000000,6016.26130000,0
1630648260000,18.72000000,18.72000000,18.69000000,18.70000000,183.70000000,1630648319999,3436.69320000,13,57.93000000,1082.76100000,0
1630648320000,18.70000000,18.73000000,18.70000000,18.73000000,58.25000000,1630648379999,1089.67300000,6,39.97000000,747.83700000,0
1630648380000,18.72000000,18.76000000,18.72000000,18.76000000,212.04000000,1630648439999,3973.43520000,12,162.11000000,3038.03310000,0
1630648440000,18.76000000,18.76000000,18.76000000,18.76000000,0.59000000,1630648499999,11.06840000,1,0.59000000,11.06840000,0
1630648500000,18.74000000,18.79000000,18.74000000,18.79000000,696.36000000,1630648559999,13079.27840000,17,695.62000000,13065.41080000,0
1630648560000,18.77000000,18.81000000,18.75000000,18.75000000,935.57000000,1630648619999,17573.31180000,41,597.76000000,11231.38130000,0
1630648620000,18.74000000,18.78000000,18.72000000,18.72000000,301.61000000,1630648679999,5656.36840000,17,73.36000000,1377.14130000,0
1630648680000,18.72000000,18.75000000,18.72000000,18.75000000,21.66000000,1630648739999,405.79500000,3,10.66000000,199.87500000,0
1630648740000,18.72000000,18.72000000,18.72000000,18.72000000,2.60000000,1630648799999,48.67200000,1,0.00000000,0.00000000,0
1630648800000,18.72000000,18.72000000,18.72000000,18.72000000,0.00000000,1630648859999,0.00000000,0,0.00000000,0.00000000,0
1630648860000,18.75000000,18.77000000,18.75000000,18.77000000,65.46000000,1630648919999,1228.17950000,14,64.45000000,1209.24200000,0
1630648920000,18.77000000,18.79000000,18.77000000,18.78000000,197.97000000,1630648979999,3718.76350000,8,157.53000000,2959.70470000,0
1630648980000,18.78000000,18.78000000,18.78000000,18.78000000,88.58000000,1630649039999,1663.53240000,5,88.58000000,1663.53240000,0
1630649040000,18.78000000,18.78000000,18.71000000,18.74000000,1080.03000000,1630649099999,20227.46600000,52,533.28000000,9985.43020000,0
1630649100000,18.74000000,18.79000000,18.74000000,18.79000000,142.31000000,1630649159999,2670.21980000,27,126.39000000,2371.61420000,0
1630649160000,18.80000000,18.80000000,18.79000000,18.80000000,577.11000000,1630649219999,10844.47800000,6,577.11000000,10844.47800000,0
1630649220000,18.80000000,18.80000000,18.77000000,18.79000000,108.90000000,1630649279999,2046.89980000,6,107.56000000,2021.74800000,0
1630649280000,18.79000000,18.79000000,18.76000000,18.77000000,182.15000000,1630649339999,3419.26170000,9,78.05000000,1465.35800000,0
1630649340000,18.77000000,18.77000000,18.77000000,18.77000000,83.52000000,1630649399999,1567.67040000,7,83.52000000,1567.67040000,0
1630649400000,18.77000000,18.77000000,18.74000000,18.74000000,127.62000000,1630649459999,2392.90010000,7,33.91000000,636.07130000,0
1630649460000,18.73000000,18.75000000,18.72000000,18.75000000,23.16000000,1630649519999,433.92980000,7,9.82000000,184.12500000,0
1630649520000,18.72000000,18.78000000,18.71000000,18.75000000,576.52000000,1630649579999,10795.13780000,13,100.60000000,1886.96570000,0
1630649580000,18.78000000,18.79000000,18.76000000,18.77000000,494.87000000,1630649639999,9294.04170000,23,410.11000000,7703.92570000,0
1630649640000,18.77000000,18.79000000,18.77000000,18.79000000,76.01000000,1630649699999,1427.77230000,5,76.01000000,1427.77230000,0
1630649700000,18.79000000,18.79000000,18.77000000,18.79000000,291.96000000,1630649759999,5483.60250000,8,71.48000000,1343.06300000,0
1630649760000,18.78000000,18.79000000,18.78000000,18.79000000,138.68000000,1630649819999,2605.77960000,6,138.68000000,2605.77960000,0
1630649820000,18.76000000,18.78000000,18.75000000,18.78000000,240.33000000,1630649879999,4508.23210000,14,19.54000000,366.58120000,0
1630649880000,18.76000000,18.79000000,18.76000000,18.76000000,8.33000000,1630649939999,156.46790000,3,6.57000000,123.45030000,0
1630649940000,18.76000000,18.80000000,18.76000000,18.80000000,176.91000000,1630649999999,3324.54240000,15,172.76000000,3246.68840000,0
1630650000000,18.80000000,18.80000000,18.80000000,18.80000000,722.11000000,1630650059999,13575.66800000,2,722.11000000,13575.66800000,0
1630650060000,18.78000000,18.80000000,18.78000000,18.80000000,91.31000000,1630650119999,1715.86100000,7,83.81000000,1575.01100000,0
1630650120000,18.80000000,18.80000000,18.77000000,18.77000000,38.45000000,1630650179999,722.69770000,6,33.04000000,621.15200000,0
1630650180000,18.77000000,18.80000000,18.77000000,18.80000000,215.96000000,1630650239999,4053.71500000,5,50.02000000,939.02120000,0
1630650240000,18.78000000,18.79000000,18.77000000,18.79000000,56.59000000,1630650299999,1062.42970000,4,10.82000000,203.30780000,0
1630650300000,18.77000000,18.80000000,18.77000000,18.80000000,54.39000000,1630650359999,1021.48760000,4,22.87000000,429.85720000,0
1630650360000,18.80000000,18.82000000,18.80000000,18.80000000,5026.59000000,1630650419999,94500.21270000,22,5019.66000000,94369.92870000,0
1630650420000,18.80000000,18.83000000,18.80000000,18.80000000,81.83000000,1630650479999,1540.37280000,7,71.96000000,1354.81680000,0
1630650480000,18.83000000,18.83000000,18.83000000,18.83000000,41.94000000,1630650539999,789.73020000,1,41.94000000,789.73020000,0
1630650540000,18.80000000,18.80000000,18.71000000,18.72000000,1430.23000000,1630650599999,26819.70050000,58,1.18000000,22.11520000,0
1630650600000,18.71000000,18.73000000,18.71000000,18.73000000,314.92000000,1630650659999,5892.89660000,13,314.92000000,5892.89660000,0
1630650660000,18.72000000,18.73000000,18.70000000,18.70000000,125.24000000,1630650719999,2343.29150000,13,33.09000000,619.47140000,0
1630650720000,18.70000000,18.70000000,18.66000000,18.70000000,381.51000000,1630650779999,7127.07740000,45,64.76000000,1210.74440000,0
1630650780000,18.70000000,18.70000000,18.68000000,18.69000000,292.98000000,1630650839999,5474.05000000,10,78.82000000,1473.54120000,0
1630650840000,18.69000000,18.69000000,18.68000000,18.69000000,78.99000000,1630650899999,1476.31030000,9,77.71000000,1452.39990000,0
1630650900000,18.69000000,18.69000000,18.69000000,18.69000000,77.75000000,1630650959999,1453.14750000,8,77.75000000,1453.14750000,0
1630650960000,18.69000000,18.70000000,18.64000000,18.68000000,684.25000000,1630651019999,12771.55410000,35,157.73000000,2948.55990000,0
1630651020000,18.66000000,18.68000000,18.65000000,18.68000000,334.68000000,1630651079999,6248.08240000,17,229.65000000,4288.22800000,0
1630651080000,18.68000000,18.68000000,18.67000000,18.68000000,106.85000000,1630651139999,1995.64950000,6,76.00000000,1419.68000000,0
1630651140000,18.68000000,18.70000000,18.67000000,18.70000000,666.43000000,1630651199999,12453.61300000,18,632.09000000,11812.36110000,0
1630651200000,18.70000000,18.72000000,18.69000000,18.72000000,95.54000000,1630651259999,1787.46170000,21,95.54000000,1787.46170000,0
1630651260000,18.72000000,18.72000000,18.70000000,18.72000000,196.53000000,1630651319999,3676.80760000,13,159.68000000,2987.71260000,0
1630651320000,18.71000000,18.72000000,18.69000000,18.72000000,175.92000000,1630651379999,3292.00870000,8,153.80000000,2878.35800000,0
1630651380000,18.72000000,18.72000000,18.69000000,18.71000000,186.02000000,1630651439999,3479.67700000,18,111.50000000,2086.77160000,0
1630651440000,18.71000000,18.72000000,18.66000000,18.71000000,630.05000000,1630651499999,11771.21950000,47,299.50000000,5597.33390000,0
1630651500000,18.71000000,18.72000000,18.70000000,18.72000000,216.63000000,1630651559999,4052.86860000,40,187.67000000,3511.31660000,0
1630651560000,18.72000000,18.72000000,18.64000000,18.67000000,756.31000000,1630651619999,14119.97180000,67,156.77000000,2927.42250000,0
1630651620000,18.67000000,18.72000000,18.65000000,18.72000000,210.63000000,1630651679999,3939.00980000,25,203.63000000,3808.35390000,0
1630651680000,18.72000000,18.77000000,18.72000000,18.77000000,2565.06000000,1630651739999,48048.98340000,53,2564.44000000,48037.36460000,0
1630651740000,18.76000000,18.80000000,18.76000000,18.80000000,271.84000000,1630651799999,5106.39090000,25,264.65000000,4971.50030000,0
1630651800000,18.78000000,18.82000000,18.78000000,18.82000000,130.68000000,1630651859999,2457.30140000,21,118.89000000,2235.77340000,0
1630651860000,18.80000000,18.83000000,18.80000000,18.83000000,108.79000000,1630651919999,2048.03630000,11,83.11000000,1564.76330000,0
1630651920000,18.83000000,18.83000000,18.81000000,18.83000000,83.43000000,1630651979999,1570.95570000,10,81.87000000,1541.61210000,0
1630651980000,18.84000000,18.84000000,18.77000000,18.80000000,487.20000000,1630652039999,9164.60260000,47,76.00000000,1430.13000000,0
1630652040000,18.80000000,18.80000000,18.73000000,18.74000000,817.08000000,1630652099999,15329.37680000,45,76.53000000,1437.62400000,0
1630652100000,18.74000000,18.74000000,18.71000000,18.74000000,143.49000000,1630652159999,2687.39240000,12,87.83000000,1645.62010000,0
1630652160000,18.74000000,18.74000000,18.74000000,18.74000000,143.83000000,1630652219999,2695.37420000,10,143.83000000,2695.37420000,0
1630652220000,18.74000000,18.74000000,18.71000000,18.74000000,100.73000000,1630652279999,1887.64660000,21,99.61000000,1866.69140000,0
1630652280000,18.75000000,18.76000000,18.73000000,18.76000000,1520.41000000,1630652339999,28505.52790000,30,282.57000000,5298.37750000,0
1630652340000,18.77000000,18.80000000,18.77000000,18.80000000,168.30000000,1630652399999,3160.55240000,10,155.89000000,2927.49260000,0
1630652400000,18.80000000,18.81000000,18.77000000,18.81000000,149.69000000,1630652459999,2813.04510000,13,91.00000000,1710.99000000,0
1630652460000,18.78000000,18.82000000,18.78000000,18.82000000,172.23000000,1630652519999,3238.40980000,10,124.68000000,2345.42080000,0
1630652520000,18.82000000,18.85000000,18.79000000,18.85000000,142.88000000,1630652579999,2688.66990000,19,95.49000000,1797.83580000,0
1630652580000,18.83000000,18.84000000,18.80000000,18.81000000,229.87000000,1630652639999,4325.00810000,14,89.92000000,1692.50300000,0
1630652640000,18.81000000,18.84000000,18.81000000,18.84000000,87.63000000,1630652699999,1650.23040000,10,85.83000000,1616.37240000,0
1630652700000,18.81000000,18.84000000,18.81000000,18.84000000,93.72000000,1630652759999,1765.05630000,12,89.54000000,1686.43050000,0
1630652760000,18.84000000,18.86000000,18.82000000,18.85000000,225.04000000,1630652819999,4238.67300000,38,86.09000000,1622.27060000,0
1630652820000,18.82000000,18.84000000,18.81000000,18.84000000,199.30000000,1630652879999,3751.07580000,18,84.18000000,1585.39370000,0
1630652880000,18.84000000,18.86000000,18.83000000,18.86000000,825.34000000,1630652939999,15549.97950000,27,555.11000000,10458.97390000,0
1630652940000,18.86000000,18.86000000,18.82000000,18.85000000,179.74000000,1630652999999,3389.08240000,15,168.82000000,3183.46520000,0
1630653000000,18.85000000,18.85000000,18.82000000,18.84000000,85.19000000,1630653059999,1605.53380000,8,79.27000000,1494.04950000,0
1630653060000,18.85000000,18.86000000,18.77000000,18.78000000,990.35000000,1630653119999,18614.65280000,49,84.95000000,1600.43220000,0
1630653120000,18.76000000,18.78000000,18.76000000,18.78000000,140.48000000,1630653179999,2637.36880000,7,139.40000000,2617.10800000,0
1630653180000,18.78000000,18.79000000,18.78000000,18.79000000,116.82000000,1630653239999,2194.10600000,11,116.82000000,2194.10600000,0
1630653240000,18.79000000,18.81000000,18.78000000,18.81000000,284.90000000,1630653299999,5353.21820000,27,214.46000000,4030.33110000,0
1630653300000,18.80000000,18.82000000,18.80000000,18.82000000,79.30000000,1630653359999,1491.65300000,6,79.30000000,1491.65300000,0
1630653360000,18.80000000,18.86000000,18.79000000,18.86000000,1371.27000000,1630653419999,25827.24610000,47,1243.95000000,23431.19630000,0
1630653420000,18.85000000,18.87000000,18.75000000,18.77000000,3134.54000000,1630653479999,58946.27040000,67,1810.47000000,34036.28890000,0
1630653480000,18.77000000,18.79000000,18.65000000,18.67000000,4256.01000000,1630653539999,79547.64960000,115,1338.07000000,25025.73900000,0
1630653540000,18.66000000,18.67000000,18.63000000,18.65000000,346.05000000,1630653599999,6452.61880000,37,151.24000000,2820.53460000,0
1630653600000,18.65000000,18.65000000,18.58000000,18.62000000,2499.01000000,1630653659999,46477.21570000,77,381.35000000,7100.59260000,0
1630653660000,18.62000000,18.62000000,18.61000000,18.62000000,93.98000000,1630653719999,1749.88200000,11,93.98000000,1749.88200000,0
1630653720000,18.60000000,18.60000000,18.57000000,18.60000000,527.48000000,1630653779999,9809.56850000,26,272.36000000,5065.00210000,0
1630653780000,18.57000000,18.62000000,18.57000000,18.60000000,249.16000000,1630653839999,4631.85500000,37,86.64000000,1611.47680000,0
1630653840000,18.59000000,18.60000000,18.59000000,18.60000000,77.01000000,1630653899999,1432.34430000,6,77.01000000,1432.34430000,0
1630653900000,18.60000000,18.60000000,18.58000000,18.60000000,209.16000000,1630653959999,3888.30390000,19,90.13000000,1676.41800000,0
1630653960000,18.60000000,18.61000000,18.60000000,18.61000000,85.14000000,1630654019999,1583.77430000,16,85.14000000,1583.77430000,0
1630654020000,18.60000000,18.60000000,18.56000000,18.60000000,329.05000000,1630654079999,6113.98190000,27,113.48000000,2109.84760000,0
1630654080000,18.59000000,18.64000000,18.59000000,18.64000000,836.67000000,1630654139999,15574.81900000,28,835.14000000,15546.31510000,0
1630654140000,18.63000000,18.63000000,18.63000000,18.63000000,117.18000000,1630654199999,2183.06340000,7,117.18000000,2183.06340000,0
1630654200000,18.63000000,18.63000000,18.61000000,18.62000000,99.49000000,1630654259999,1852.74070000,12,95.54000000,1779.19170000,0
1630654260000,18.62000000,18.70000000,18.62000000,18.70000000,1161.43000000,1630654319999,21683.98820000,33,1161.43000000,21683.98820000,0
1630654320000,18.70000000,18.74000000,18.70000000,18.74000000,543.19000000,1630654379999,10168.19700000,30,356.12000000,6666.26260000,0
1630654380000,18.74000000,18.74000000,18.72000000,18.74000000,250.07000000,1630654439999,4686.14940000,14,241.95000000,4534.14300000,0
1630654440000,18.74000000,18.75000000,18.73000000,18.75000000,166.44000000,1630654499999,3119.59690000,9,159.51000000,2989.79800000,0
1630654500000,18.75000000,18.77000000,18.75000000,18.77000000,300.17000000,1630654559999,5632.38450000,17,297.55000000,5583.25950000,0
1630654560000,18.76000000,18.80000000,18.76000000,18.80000000,316.42000000,1630654619999,5942.50860000,23,226.60000000,4256.59160000,0
1630654620000,18.80000000,18.84000000,18.79000000,18.84000000,292.68000000,1630654679999,5504.92570000,26,287.53000000,5408.14500000,0
1630654680000,18.84000000,18.84000000,18.80000000,18.84000000,217.18000000,1630654739999,4087.83060000,16,111.13000000,2092.98660000,0
1630654740000,18.85000000,18.85000000,18.83000000,18.85000000,327.17000000,1630654799999,6165.66240000,15,259.72000000,4895.22350000,0
1630654800000,18.85000000,18.86000000,18.83000000,18.85000000,122.17000000,1630654859999,2302.11040000,12,76.90000000,1449.67630000,0
1630654860000,18.85000000,18.85000000,18.82000000,18.84000000,367.78000000,1630654919999,6931.07430000,16,299.22000000,5638.88010000,0
1630654920000,18.84000000,18.86000000,18.84000000,18.86000000,135.76000000,1630654979999,2559.41160000,10,133.16000000,2510.40160000,0
1630654980000,18.86000000,18.87000000,18.85000000,18.87000000,119.77000000,1630655039999,2259.10040000,18,115.53000000,2179.17640000,0
1630655040000,18.85000000,18.88000000,18.81000000,18.83000000,676.00000000,1630655099999,12742.42260000,26,93.68000000,1766.20370000,0
1630655100000,18.84000000,18.87000000,18.84000000,18.87000000,271.08000000,1630655159999,5109.27220000,10,218.42000000,4117.15780000,0
1630655160000,18.87000000,18.87000000,18.80000000,18.82000000,903.62000000,1630655219999,17003.30270000,40,352.45000000,6632.19300000,0
1630655220000,18.82000000,18.82000000,18.82000000,18.82000000,83.32000000,1630655279999,1568.08240000,15,83.32000000,1568.08240000,0
1630655280000,18.80000000,18.86000000,18.80000000,18.86000000,142.39000000,1630655339999,2682.21470000,16,122.40000000,2305.83590000,0
1630655340000,18.86000000,18.86000000,18.81000000,18.84000000,220.74000000,1630655399999,4158.46320000,33,178.01000000,3354.00320000,0
1630655400000,18.84000000,18.85000000,18.82000000,18.84000000,110.37000000,1630655459999,2078.64360000,23,83.22000000,1567.62760000,0
1630655460000,18.84000000,18.87000000,18.82000000,18.85000000,243.87000000,1630655519999,4595.34950000,33,159.64000000,3009.69800000,0
1630655520000,18.85000000,18.85000000,18.80000000,18.83000000,296.09000000,1630655579999,5574.40950000,21,86.65000000,1632.10630000,0
1630655580000,18.83000000,18.86000000,18.83000000,18.86000000,212.52000000,1630655639999,4003.61230000,13,212.52000000,4003.61230000,0
1630655640000,18.84000000,18.86000000,18.83000000,18.86000000,93.03000000,1630655699999,1753.62320000,10,76.00000000,1432.94830000,0
1630655700000,18.86000000,18.87000000,18.84000000,18.87000000,112.98000000,1630655759999,2131.14900000,11,109.98000000,2074.62900000,0
1630655760000,18.87000000,18.87000000,18.86000000,18.87000000,76.00000000,1630655819999,1433.93170000,9,76.00000000,1433.93170000,0
1630655820000,18.87000000,18.87000000,18.78000000,18.81000000,1509.45000000,1630655879999,28383.31170000,59,450.31000000,8469.49880000,0
1630655880000,18.78000000,18.82000000,18.78000000,18.82000000,316.96000000,1630655939999,5955.42530000,22,91.24000000,1716.21480000,0
1630655940000,18.79000000,18.82000000,18.79000000,18.82000000,136.35000000,1630655999999,2565.13710000,13,114.09000000,2146.67380000,0
1630656000000,18.82000000,18.82000000,18.80000000,18.82000000,177.65000000,1630656059999,3342.02340000,8,110.17000000,2073.39940000,0
1630656060000,18.82000000,18.82000000,18.79000000,18.82000000,110.32000000,1630656119999,2075.06870000,8,76.00000000,1430.19590000,0
1630656120000,18.82000000,18.82000000,18.79000000,18.81000000,137.73000000,1630656179999,2589.44140000,11,80.66000000,1517.09610000,0
1630656180000,18.80000000,18.81000000,18.77000000,18.79000000,213.97000000,1630656239999,4020.76300000,11,76.00000000,1428.74270000,0
1630656240000,18.81000000,18.89000000,18.81000000,18.89000000,1245.58000000,1630656299999,23454.53970000,36,1215.32000000,22883.91110000,0
1630656300000,18.89000000,18.92000000,18.89000000,18.92000000,1111.36000000,1630656359999,21004.71540000,25,1103.41000000,20854.48180000,0
1630656360000,18.91000000,18.93000000,18.86000000,18.89000000,476.35000000,1630656419999,8997.55070000,51,288.99000000,5457.92880000,0
1630656420000,18.90000000,18.91000000,18.88000000,18.91000000,95.80000000,1630656479999,1810.85830000,19,92.33000000,1745.33670000,0
1630656480000,18.90000000,18.92000000,18.90000000,18.92000000,145.30000000,1630656539999,2746.92820000,27,144.73000000,2736.15520000,0
1630656540000,18.91000000,18.92000000,18.88000000,18.92000000,495.21000000,1630656599999,9355.69570000,23,139.18000000,2630.72080000,0
1630656600000,18.90000000,18.92000000,18.90000000,18.92000000,1577.73000000,1630656659999,29834.73140000,24,1438.76000000,27208.11530000,0
1630656660000,18.91000000,18.92000000,18.90000000,18.91000000,359.44000000,1630656719999,6799.51470000,16,359.44000000,6799.51470000,0
1630656720000,18.90000000,18.97000000,18.90000000,18.97000000,1185.21000000,1630656779999,22436.36910000,70,1180.61000000,22349.21930000,0
1630656780000,18.96000000,18.99000000,18.95000000,18.99000000,3628.31000000,1630656839999,68822.18340000,85,3518.74000000,66744.71180000,0
1630656840000,18.98000000,18.99000000,18.97000000,18.99000000,162.24000000,1630656899999,3080.12380000,29,144.41000000,2741.74970000,0
1630656900000,18.99000000,19.00000000,18.98000000,19.00000000,319.41000000,1630656959999,6065.89590000,40,318.36000000,6045.96690000,0
1630656960000,18.98000000,19.01000000,18.98000000,19.01000000,2373.22000000,1630657019999,45088.34690000,21,2254.63000000,42836.45560000,0
1630657020000,19.02000000,19.02000000,18.98000000,19.01000000,503.37000000,1630657079999,9569.46900000,18,388.61000000,7390.48370000,0
1630657080000,18.98000000,19.03000000,18.98000000,19.03000000,549.36000000,1630657139999,10451.86360000,22,541.65000000,10305.48020000,0
1630657140000,19.03000000,19.03000000,18.89000000,18.94000000,4205.29000000,1630657199999,79698.01800000,150,1641.24000000,31100.79290000,0
1630657200000,18.94000000,18.94000000,18.90000000,18.93000000,951.10000000,1630657259999,17987.98210000,50,717.69000000,13573.38010000,0
1630657260000,18.92000000,18.93000000,18.88000000,18.89000000,258.38000000,1630657319999,4883.63720000,20,139.32000000,2634.41280000,0
1630657320000,18.89000000,18.89000000,18.88000000,18.89000000,389.31000000,1630657379999,7354.01480000,27,382.41000000,7223.72490000,0
1630657380000,18.89000000,18.89000000,18.88000000,18.88000000,616.74000000,1630657439999,11645.66170000,46,316.47000000,5976.56410000,0
1630657440000,18.89000000,18.89000000,18.88000000,18.89000000,199.47000000,1630657499999,3767.97000000,18,197.64000000,3733.41960000,0
1630657500000,18.88000000,18.90000000,18.88000000,18.89000000,326.13000000,1630657559999,6158.89540000,29,227.30000000,4292.98500000,0
1630657560000,18.88000000,18.89000000,18.86000000,18.88000000,1375.10000000,1630657619999,25948.63690000,74,980.63000000,18506.58210000,0
1630657620000,18.88000000,18.91000000,18.86000000,18.88000000,858.36000000,1630657679999,16203.24720000,70,766.56000000,14470.56740000,0
1630657680000,18.88000000,18.89000000,18.86000000,18.89000000,503.12000000,1630657739999,9494.69280000,49,426.83000000,8055.16250000,0
1630657740000,18.87000000,18.89000000,18.86000000,18.89000000,288.44000000,1630657799999,5444.31140000,30,223.30000000,4215.23620000,0
1630657800000,18.89000000,18.89000000,18.86000000,18.89000000,1083.79000000,1630657859999,20457.24530000,91,794.30000000,14995.17850000,0
1630657860000,18.88000000,18.90000000,18.87000000,18.90000000,264.09000000,1630657919999,4984.78260000,24,101.95000000,1925.14920000,0
1630657920000,18.87000000,18.92000000,18.87000000,18.91000000,419.45000000,1630657979999,7922.19090000,48,307.27000000,5805.35430000,0
1630657980000,18.91000000,18.92000000,18.90000000,18.90000000,137.32000000,1630658039999,2597.06470000,21,120.02000000,2270.09470000,0
1630658040000,18.90000000,18.91000000,18.87000000,18.87000000,375.11000000,1630658099999,7080.85820000,34,153.82000000,2903.33260000,0
1630658100000,18.86000000,18.88000000,18.86000000,18.88000000,222.00000000,1630658159999,4189.15350000,18,87.26000000,1646.69830000,0
1630658160000,18.87000000,18.93000000,18.87000000,18.93000000,656.60000000,1630658219999,12415.19650000,41,656.02000000,12404.22870000,0
1630658220000,18.92000000,18.92000000,18.91000000,18.92000000,106.17000000,1630658279999,2008.44090000,15,106.17000000,2008.44090000,0
1630658280000,18.91000000,18.94000000,18.91000000,18.94000000,207.20000000,1630658339999,3920.63180000,18,83.13000000,1573.66370000,0
1630658340000,18.93000000,18.97000000,18.93000000,18.96000000,106.12000000,1630658399999,2010.19850000,20,105.42000000,1996.94050000,0
1630658400000,18.96000000,18.99000000,18.94000000,18.94000000,350.79000000,1630658459999,6650.55290000,42,165.31000000,3133.78850000,0
1630658460000,18.94000000,18.96000000,18.93000000,18.94000000,174.98000000,1630658519999,3314.99780000,45,170.05000000,3221.63160000,0
1630658520000,18.93000000,18.99000000,18.93000000,18.99000000,154.06000000,1630658579999,2921.23150000,22,116.56000000,2211.10710000,0
1630658580000,18.98000000,18.99000000,18.98000000,18.99000000,118.93000000,1630658639999,2258.35230000,20,118.93000000,2258.35230000,0
1630658640000,18.98000000,18.98000000,18.89000000,18.91000000,1014.39000000,1630658699999,19186.20160000,58,194.24000000,3675.28340000,0
1630658700000,18.91000000,18.95000000,18.89000000,18.95000000,325.89000000,1630658759999,6166.93030000,29,212.16000000,4015.11570000,0
1630658760000,18.93000000,18.94000000,18.92000000,18.94000000,119.72000000,1630658819999,2266.76540000,10,102.44000000,1939.69950000,0
1630658820000,18.95000000,18.95000000,18.92000000,18.95000000,82.13000000,1630658879999,1556.20300000,6,76.78000000,1454.98100000,0
1630658880000,18.92000000,19.04000000,18.92000000,19.04000000,2688.44000000,1630658939999,51076.26190000,43,2684.39000000,50999.51430000,0
1630658940000,19.02000000,19.12000000,19.02000000,19.10000000,2647.75000000,1630658999999,50563.64230000,94,492.98000000,9404.38450000,0
1630659000000,19.10000000,19.18000000,19.09000000,19.18000000,1789.08000000,1630659059999,34262.90050000,62,1233.09000000,23613.97380000,0
1630659060000,19.16000000,19.19000000,19.15000000,19.18000000,2524.91000000,1630659119999,48378.74550000,74,77.63000000,1489.10290000,0
1630659120000,19.16000000,19.18000000,19.12000000,19.17000000,2778.32000000,1630659179999,53208.76170000,44,221.81000000,4247.54610000,0
1630659180000,19.14000000,19.18000000,19.14000000,19.18000000,1691.12000000,1630659239999,32408.09770000,29,659.82000000,12648.81530000,0
1630659240000,19.18000000,19.19000000,19.15000000,19.19000000,219.78000000,1630659299999,4212.30950000,30,82.96000000,1591.56320000,0
1630659300000,19.19000000,19.20000000,19.15000000,19.20000000,369.62000000,1630659359999,7087.05070000,43,156.05000000,2995.40400000,0
1630659360000,19.17000000,19.22000000,19.17000000,19.22000000,399.20000000,1630659419999,7661.67980000,24,146.74000000,2818.37300000,0
1630659420000,19.23000000,19.24000000,19.20000000,19.22000000,957.17000000,1630659479999,18396.84460000,26,117.20000000,2253.67010000,0
1630659480000,19.22000000,19.24000000,19.21000000,19.23000000,2087.27000000,1630659539999,40118.90080000,36,230.48000000,4432.03100000,0
1630659540000,19.22000000,19.24000000,19.21000000,19.24000000,100.87000000,1630659599999,1939.79580000,11,86.54000000,1664.38660000,0
1630659600000,19.24000000,19.24000000,19.16000000,19.16000000,839.38000000,1630659659999,16110.08890000,26,100.09000000,1924.97160000,0
1630659660000,19.16000000,19.19000000,19.13000000,19.16000000,472.79000000,1630659719999,9060.90610000,42,377.20000000,7230.10870000,0
1630659720000,19.18000000,19.18000000,19.11000000,19.11000000,414.63000000,1630659779999,7938.93850000,40,137.49000000,2634.92860000,0
1630659780000,19.11000000,19.14000000,19.09000000,19.14000000,380.97000000,1630659839999,7278.27730000,44,162.85000000,3112.94060000,0
1630659840000,19.14000000,19.16000000,19.14000000,19.16000000,374.33000000,1630659899999,7171.03460000,21,373.56000000,7156.29680000,0
1630659900000,19.17000000,19.19000000,19.17000000,19.19000000,267.91000000,1630659959999,5138.86160000,28,267.91000000,5138.86160000,0
1630659960000,19.19000000,19.19000000,19.14000000,19.16000000,171.67000000,1630660019999,3290.26690000,23,86.31000000,1655.33890000,0
1630660020000,19.16000000,19.17000000,19.14000000,19.15000000,119.53000000,1630660079999,2289.88900000,23,104.49000000,2001.83020000,0
1630660080000,19.16000000,19.16000000,19.11000000,19.13000000,298.44000000,1630660139999,5708.80120000,33,77.18000000,1477.81880000,0
1630660140000,19.13000000,19.19000000,19.13000000,19.19000000,447.88000000,1630660199999,8576.28630000,41,435.47000000,8338.38660000,0
1630660200000,19.19000000,19.20000000,19.19000000,19.19000000,112.09000000,1630660259999,2151.23850000,10,80.14000000,1538.11800000,0
1630660260000,19.20000000,19.20000000,19.12000000,19.14000000,579.82000000,1630660319999,11106.33580000,27,89.02000000,1707.66400000,0
1630660320000,19.12000000,19.16000000,19.12000000,19.14000000,290.18000000,1630660379999,5554.68500000,30,182.29000000,3490.81980000,0
1630660380000,19.15000000,19.15000000,19.12000000,19.15000000,87.71000000,1630660439999,1679.34840000,9,81.91000000,1568.45240000,0
1630660440000,19.15000000,19.21000000,19.13000000,19.21000000,151.74000000,1630660499999,2908.26700000,12,107.29000000,2056.79490000,0
1630660500000,19.21000000,19.21000000,19.13000000,19.19000000,692.32000000,1630660559999,13268.29850000,32,191.56000000,3673.81270000,0
1630660560000,19.20000000,19.25000000,19.19000000,19.25000000,1157.92000000,1630660619999,22271.04700000,31,1065.60000000,20498.94430000,0
1630660620000,19.25000000,19.27000000,19.22000000,19.24000000,767.63000000,1630660679999,14774.43330000,53,168.13000000,3236.83790000,0
1630660680000,19.23000000,19.31000000,19.20000000,19.31000000,3068.71000000,1630660739999,59145.59170000,125,2125.44000000,41001.18700000,0
1630660740000,19.31000000,19.31000000,19.25000000,19.28000000,714.38000000,1630660799999,13766.53180000,47,231.69000000,4466.69380000,0
1630660800000,19.27000000,19.31000000,19.27000000,19.29000000,687.27000000,1630660859999,13254.88090000,46,166.08000000,3205.03380000,0
1630660860000,19.29000000,19.29000000,19.22000000,19.26000000,690.43000000,1630660919999,13296.99770000,62,172.12000000,3313.54680000,0
1630660920000,19.27000000,19.30000000,19.25000000,19.30000000,433.41000000,1630660979999,8354.67570000,46,145.34000000,2803.40090000,0
1630660980000,19.30000000,19.35000000,19.29000000,19.35000000,1658.98000000,1630661039999,32045.47690000,69,1090.31000000,21065.08170000,0
1630661040000,19.35000000,19.37000000,19.33000000,19.36000000,1115.38000000,1630661099999,21583.40920000,73,627.94000000,12153.95030000,0
1630661100000,19.37000000,19.37000000,19.30000000,19.34000000,272.03000000,1630661159999,5257.43410000,32,99.58000000,1925.31810000,0
1630661160000,19.34000000,19.37000000,19.34000000,19.37000000,249.82000000,1630661219999,4833.99730000,24,92.37000000,1787.47400000,0
1630661220000,19.36000000,19.39000000,19.35000000,19.39000000,217.18000000,1630661279999,4208.59590000,31,124.09000000,2404.85370000,0
1630661280000,19.39000000,19.39000000,19.23000000,19.35000000,1373.42000000,1630661339999,26533.90230000,78,313.74000000,6058.18820000,0
1630661340000,19.34000000,19.36000000,19.29000000,19.34000000,532.09000000,1630661399999,10285.16920000,82,121.35000000,2345.91620000,0
1630661400000,19.34000000,19.38000000,19.32000000,19.38000000,280.02000000,1630661459999,5418.34310000,40,89.88000000,1739.69350000,0
1630661460000,19.39000000,19.43000000,19.35000000,19.38000000,906.29000000,1630661519999,17576.14710000,86,483.56000000,9377.46180000,0
1630661520000,19.38000000,19.43000000,19.34000000,19.42000000,289.91000000,1630661579999,5620.04020000,57,169.35000000,3284.46220000,0
1630661580000,19.42000000,19.44000000,19.37000000,19.44000000,413.70000000,1630661639999,8027.19940000,53,207.50000000,4028.15250000,0
1630661640000,19.43000000,19.46000000,19.38000000,19.39000000,3088.62000000,1630661699999,60014.50860000,71,265.82000000,5169.03290000,0
1630661700000,19.41000000,19.44000000,19.41000000,19.44000000,348.47000000,1630661759999,6768.32270000,60,243.34000000,4726.87110000,0
1630661760000,19.44000000,19.46000000,19.39000000,19.41000000,578.97000000,1630661819999,11250.98860000,27,288.12000000,5603.02300000,0
1630661820000,19.41000000,19.46000000,19.41000000,19.46000000,1036.45000000,1630661879999,20143.78320000,23,493.32000000,9585.34630000,0
1630661880000,19.43000000,19.46000000,19.43000000,19.43000000,119.33000000,1630661939999,2320.55430000,14,98.62000000,1918.15900000,0
1630661940000,19.46000000,19.52000000,19.43000000,19.52000000,2521.71000000,1630661999999,49127.98980000,170,2165.61000000,42194.11400000,0
1630662000000,19.51000000,19.53000000,19.37000000,19.39000000,790.88000000,1630662059999,15385.77040000,110,133.40000000,2598.09230000,0
1630662060000,19.39000000,19.45000000,19.36000000,19.45000000,503.38000000,1630662119999,9769.08150000,70,412.64000000,8010.68690000,0
1630662120000,19.44000000,19.47000000,19.44000000,19.44000000,498.73000000,1630662179999,9702.42030000,36,225.93000000,4397.85540000,0
1630662180000,19.45000000,19.50000000,19.45000000,19.50000000,263.76000000,1630662239999,5133.98070000,38,227.66000000,4431.83570000,0
1630662240000,19.47000000,19.48000000,19.45000000,19.48000000,330.19000000,1630662299999,6427.19820000,28,266.16000000,5180.88790000,0
1630662300000,19.47000000,19.48000000,19.43000000,19.45000000,446.39000000,1630662359999,8685.27500000,51,163.98000000,3190.95500000,0
1630662360000,19.45000000,19.48000000,19.39000000,19.44000000,1312.37000000,1630662419999,25490.32420000,59,438.01000000,8509.71260000,0
1630662420000,19.41000000,19.44000000,19.38000000,19.40000000,219.79000000,1630662479999,4265.51560000,23,76.00000000,1475.73000000,0
1630662480000,19.38000000,19.43000000,19.38000000,19.43000000,116.02000000,1630662539999,2252.69440000,12,112.97000000,2193.53540000,0
1630662540000,19.44000000,19.45000000,19.42000000,19.45000000,437.19000000,1630662599999,8496.02700000,36,400.49000000,7783.28880000,0
1630662600000,19.45000000,19.45000000,19.43000000,19.43000000,81.28000000,1630662659999,1579.65040000,7,81.28000000,1579.65040000,0
1630662660000,19.41000000,19.64000000,19.40000000,19.59000000,5994.50000000,1630662719999,117287.28660000,257,3312.81000000,64816.06480000,0
1630662720000,19.58000000,19.67000000,19.57000000,19.61000000,2134.47000000,1630662779999,41858.11260000,167,1358.33000000,26643.19890000,0
1630662780000,19.58000000,19.67000000,19.58000000,19.65000000,4253.96000000,1630662839999,83448.00800000,108,2537.07000000,49778.70150000,0
1630662840000,19.64000000,19.64000000,19.50000000,19.54000000,2092.49000000,1630662899999,40917.93380000,116,1428.91000000,27923.13620000,0
1630662900000,19.52000000,19.59000000,19.50000000,19.55000000,1568.10000000,1630662959999,30643.53290000,103,1116.58000000,21821.19230000,0
1630662960000,19.55000000,19.58000000,19.53000000,19.58000000,566.83000000,1630663019999,11082.60030000,57,331.47000000,6481.80150000,0
1630663020000,19.58000000,19.58000000,19.56000000,19.57000000,255.62000000,1630663079999,5003.18690000,23,222.75000000,4359.97100000,0
1630663080000,19.58000000,19.58000000,19.51000000,19.51000000,273.68000000,1630663139999,5351.22860000,32,114.43000000,2237.46710000,0
1630663140000,19.50000000,19.52000000,19.44000000,19.45000000,1629.49000000,1630663199999,31749.13470000,57,406.21000000,7918.02990000,0
1630663200000,19.45000000,19.47000000,19.35000000,19.36000000,1625.05000000,1630663259999,31526.26110000,79,570.55000000,11073.77740000,0
1630663260000,19.37000000,19.55000000,19.37000000,19.55000000,995.93000000,1630663319999,19415.58630000,71,550.02000000,10716.52690000,0
1630663320000,19.55000000,19.63000000,19.53000000,19.63000000,776.42000000,1630663379999,15217.59310000,91,149.05000000,2921.72150000,0
1630663380000,19.62000000,19.64000000,19.61000000,19.63000000,612.66000000,1630663439999,12022.75710000,35,284.58000000,5586.29000000,0
1630663440000,19.63000000,19.65000000,19.61000000,19.65000000,455.57000000,1630663499999,8941.15990000,38,112.11000000,2201.74900000,0
1630663500000,19.63000000,19.65000000,19.62000000,19.65000000,252.95000000,1630663559999,4967.47430000,21,82.08000000,1612.86170000,0
1630663560000,19.64000000,19.67000000,19.62000000,19.67000000,751.58000000,1630663619999,14769.30050000,56,194.37000000,3822.24560000,0
1630663620000,19.65000000,19.69000000,19.64000000,19.69000000,793.99000000,1630663679999,15615.04310000,55,676.45000000,13305.42020000,0
1630663680000,19.67000000,19.69000000,19.58000000,19.59000000,757.66000000,1630663739999,14873.31000000,65,364.58000000,7155.96560000,0
1630663740000,19.59000000,19.70000000,19.59000000,19.70000000,163.88000000,1630663799999,3220.74680000,32,156.44000000,3074.80340000,0
1630663800000,19.69000000,19.74000000,19.65000000,19.68000000,1598.90000000,1630663859999,31489.30260000,86,1324.46000000,26090.49920000,0
1630663860000,19.67000000,19.67000000,19.64000000,19.67000000,666.14000000,1630663919999,13095.53190000,66,511.79000000,10061.34480000,0
1630663920000,19.65000000,19.70000000,19.57000000,19.70000000,1054.37000000,1630663979999,20676.62990000,89,599.98000000,11772.78280000,0
1630663980000,19.70000000,19.74000000,19.68000000,19.73000000,305.91000000,1630664039999,6033.35490000,42,240.64000000,4747.29210000,0
1630664040000,19.72000000,19.74000000,19.64000000,19.74000000,894.39000000,1630664099999,17604.31340000,63,754.30000000,14848.95430000,0
1630664100000,19.72000000,19.75000000,19.70000000,19.75000000,1076.22000000,1630664159999,21235.40700000,39,1071.51000000,21142.53760000,0
1630664160000,19.75000000,19.77000000,19.71000000,19.74000000,639.63000000,1630664219999,12625.92640000,84,425.48000000,8403.18390000,0
1630664220000,19.73000000,19.74000000,19.65000000,19.67000000,1571.66000000,1630664279999,30972.98400000,47,199.65000000,3932.59360000,0
1630664280000,19.65000000,19.66000000,19.61000000,19.64000000,599.85000000,1630664339999,11780.55620000,40,181.28000000,3559.05000000,0
1630664340000,19.62000000,19.67000000,19.62000000,19.65000000,363.14000000,1630664399999,7129.90470000,40,289.55000000,5684.42810000,0
1630664400000,19.63000000,19.75000000,19.63000000,19.75000000,1300.53000000,1630664459999,25623.65830000,65,1205.62000000,23752.98220000,0
1630664460000,19.73000000,19.75000000,19.71000000,19.72000000,208.45000000,1630664519999,4112.15550000,16,180.13000000,3553.44830000,0
1630664520000,19.71000000,19.72000000,19.63000000,19.67000000,708.23000000,1630664579999,13933.35250000,41,241.07000000,4739.81010000,0
1630664580000,19.67000000,19.70000000,19.67000000,19.70000000,167.35000000,1630664639999,3293.88520000,23,153.32000000,3017.78810000,0
1630664640000,19.69000000,19.70000000,19.61000000,19.68000000,684.74000000,1630664699999,13453.70460000,52,378.47000000,7434.73690000,0
1630664700000,19.67000000,19.70000000,19.67000000,19.70000000,464.18000000,1630664759999,9136.58960000,35,453.59000000,8928.28430000,0
1630664760000,19.69000000,19.73000000,19.69000000,19.73000000,244.04000000,1630664819999,4811.06960000,23,244.04000000,4811.06960000,0
1630664820000,19.71000000,19.72000000,19.66000000,19.66000000,351.27000000,1630664879999,6911.99450000,33,128.86000000,2534.61130000,0
1630664880000,19.66000000,19.79000000,19.66000000,19.78000000,1349.31000000,1630664939999,26621.33380000,93,1227.29000000,24211.74040000,0
1630664940000,19.76000000,19.76000000,19.65000000,19.67000000,383.57000000,1630664999999,7547.42000000,36,168.56000000,3319.37990000,0
1630665000000,19.64000000,19.70000000,19.62000000,19.64000000,363.65000000,1630665059999,7151.55260000,48,154.88000000,3045.92380000,0
1630665060000,19.62000000,19.67000000,19.60000000,19.62000000,315.74000000,1630665119999,6196.67740000,48,222.24000000,4363.28530000,0
1630665120000,19.59000000,19.67000000,19.59000000,19.67000000,184.76000000,1630665179999,3629.60820000,35,182.43000000,3583.96350000,0
1630665180000,19.66000000,19.70000000,19.62000000,19.67000000,358.73000000,1630665239999,7053.71760000,33,280.85000000,5524.81450000,0
1630665240000,19.65000000,19.67000000,19.56000000,19.59000000,2019.42000000,1630665299999,39552.36520000,104,387.78000000,7601.20670000,0
1630665300000,19.58000000,19.64000000,19.56000000,19.64000000,643.48000000,1630665359999,12612.20700000,81,288.80000000,5659.10480000,0
1630665360000,19.62000000,19.64000000,19.60000000,19.62000000,105.49000000,1630665419999,2069.78600000,23,104.70000000,2054.30200000,0
1630665420000,19.61000000,19.62000000,19.58000000,19.62000000,127.27000000,1630665479999,2495.09280000,38,126.05000000,2471.19300000,0
1630665480000,19.59000000,19.64000000,19.55000000,19.63000000,1515.24000000,1630665539999,29705.80170000,59,1282.56000000,25149.32500000,0
1630665540000,19.62000000,19.76000000,19.62000000,19.76000000,626.22000000,1630665599999,12330.01710000,41,505.05000000,9939.61870000,0
1630665600000,19.73000000,19.76000000,19.69000000,19.70000000,622.08000000,1630665659999,12265.17120000,30,250.19000000,4932.92600000,0
1630665660000,19.67000000,19.72000000,19.66000000,19.71000000,1506.39000000,1630665719999,29683.19960000,33,1283.49000000,25295.09050000,0
1630665720000,19.72000000,19.85000000,19.69000000,19.73000000,4086.98000000,1630665779999,80821.05630000,167,3466.97000000,68564.48220000,0
1630665780000,19.73000000,19.90000000,19.71000000,19.90000000,4432.94000000,1630665839999,87837.90360000,102,3991.48000000,79115.58540000,0
1630665840000,19.83000000,19.99000000,19.77000000,19.85000000,6489.42000000,1630665899999,129049.23480000,298,4288.09000000,85321.26640000,0
1630665900000,19.87000000,19.95000000,19.85000000,19.91000000,2124.88000000,1630665959999,42266.12060000,123,1632.47000000,32479.09770000,0
1630665960000,19.92000000,19.93000000,19.88000000,19.93000000,535.75000000,1630666019999,10662.19300000,91,237.80000000,4735.48690000,0
1630666020000,19.94000000,20.03000000,19.90000000,19.92000000,4723.06000000,1630666079999,94331.40140000,251,3391.61000000,67763.71490000,0
1630666080000,19.95000000,20.04000000,19.93000000,19.96000000,2372.54000000,1630666139999,47408.33520000,145,1952.16000000,39016.81140000,0
1630666140000,19.96000000,20.04000000,19.95000000,19.98000000,2243.56000000,1630666199999,44842.76490000,96,2040.32000000,40784.11110000,0
1630666200000,19.96000000,19.97000000,19.78000000,19.78000000,4903.27000000,1630666259999,97416.83850000,98,315.22000000,6250.69400000,0
1630666260000,19.78000000,19.80000000,19.68000000,19.70000000,712.81000000,1630666319999,14090.41860000,73,525.29000000,10384.26810000,0
1630666320000,19.69000000,19.72000000,19.67000000,19.70000000,692.09000000,1630666379999,13627.49410000,63,542.78000000,10690.20110000,0
1630666380000,19.69000000,19.91000000,19.69000000,19.88000000,1676.63000000,1630666439999,33178.86420000,117,1031.73000000,20410.48890000,0
1630666440000,19.89000000,19.89000000,19.82000000,19.88000000,2751.61000000,1630666499999,54605.03280000,114,1522.08000000,30198.22900000,0
1630666500000,19.87000000,19.89000000,19.72000000,19.75000000,4454.30000000,1630666559999,88242.02980000,131,3327.77000000,65927.72420000,0
1630666560000,19.75000000,19.76000000,19.68000000,19.70000000,191.72000000,1630666619999,3781.33730000,24,146.37000000,2887.42190000,0
1630666620000,19.67000000,19.69000000,19.54000000,19.57000000,2172.55000000,1630666679999,42616.33150000,101,772.86000000,15142.92780000,0
1630666680000,19.55000000,19.65000000,19.54000000,19.65000000,531.34000000,1630666739999,10410.21010000,52,334.30000000,6550.17780000,0
1630666740000,19.65000000,19.77000000,19.57000000,19.77000000,1013.92000000,1630666799999,19918.84770000,54,630.64000000,12405.12220000,0
1630666800000,19.76000000,19.80000000,19.74000000,19.78000000,1233.15000000,1630666859999,24392.84800000,41,368.59000000,7293.13410000,0
1630666860000,19.77000000,19.79000000,19.75000000,19.78000000,184.23000000,1630666919999,3641.61370000,17,88.78000000,1755.80880000,0
1630666920000,19.75000000,19.75000000,19.64000000,19.69000000,1226.74000000,1630666979999,24170.98100000,46,350.43000000,6900.97510000,0
1630666980000,19.68000000,19.78000000,19.66000000,19.77000000,164.79000000,1630667039999,3252.91930000,29,129.37000000,2553.09770000,0
1630667040000,19.78000000,19.80000000,19.72000000,19.76000000,376.05000000,1630667099999,7429.20790000,24,174.99000000,3455.58710000,0
1630667100000,19.74000000,19.81000000,19.71000000,19.81000000,258.28000000,1630667159999,5101.81590000,46,217.70000000,4301.34230000,0
1630667160000,19.82000000,19.83000000,19.78000000,19.82000000,253.38000000,1630667219999,5018.04010000,39,155.63000000,3083.16700000,0
1630667220000,19.82000000,19.82000000,19.76000000,19.81000000,656.49000000,1630667279999,12984.69950000,54,197.09000000,3899.79980000,0
1630667280000,19.81000000,19.82000000,19.77000000,19.78000000,144.27000000,1630667339999,2856.13200000,28,112.52000000,2227.92950000,0
1630667340000,19.78000000,19.78000000,19.68000000,19.70000000,190.90000000,1630667399999,3768.62110000,28,77.92000000,1537.64760000,0
1630667400000,19.70000000,19.77000000,19.70000000,19.77000000,714.38000000,1630667459999,14090.39430000,73,405.38000000,7997.48710000,0
1630667460000,19.77000000,19.79000000,19.72000000,19.73000000,384.93000000,1630667519999,7604.45300000,36,190.92000000,3772.21200000,0
1630667520000,19.76000000,19.77000000,19.76000000,19.76000000,165.13000000,1630667579999,3263.65300000,15,102.58000000,2027.66500000,0
1630667580000,19.78000000,19.78000000,19.74000000,19.74000000,205.24000000,1630667639999,4053.65840000,19,178.02000000,3516.33560000,0
1630667640000,19.74000000,19.88000000,19.74000000,19.82000000,1927.08000000,1630667699999,38196.60940000,73,1511.27000000,29951.89450000,0
1630667700000,19.85000000,19.88000000,19.81000000,19.83000000,727.61000000,1630667759999,14428.14860000,34,573.54000000,11371.52050000,0
1630667760000,19.83000000,19.87000000,19.83000000,19.87000000,181.28000000,1630667819999,3597.86290000,25,77.52000000,1539.26450000,0
1630667820000,19.88000000,19.91000000,19.87000000,19.90000000,339.24000000,1630667879999,6748.22100000,27,304.27000000,6052.72630000,0
1630667880000,19.90000000,19.94000000,19.89000000,19.93000000,724.16000000,1630667939999,14420.07700000,45,433.86000000,8639.38390000,0
1630667940000,19.90000000,19.97000000,19.84000000,19.88000000,648.25000000,1630667999999,12923.51660000,51,355.74000000,7095.83010000,0
1630668000000,19.88000000,19.93000000,19.83000000,19.84000000,850.91000000,1630668059999,16907.91590000,57,153.61000000,3054.84230000,0
1630668060000,19.83000000,19.93000000,19.83000000,19.93000000,1252.32000000,1630668119999,24923.40140000,66,944.63000000,18792.30800000,0
1630668120000,19.92000000,19.92000000,19.81000000,19.86000000,1393.37000000,1630668179999,27658.99770000,107,464.37000000,9218.91000000,0
1630668180000,19.85000000,19.89000000,19.81000000,19.89000000,734.75000000,1630668239999,14572.90000000,50,437.28000000,8676.65940000,0
1630668240000,19.87000000,19.87000000,19.84000000,19.87000000,353.77000000,1630668299999,7026.98820000,22,170.78000000,3393.38950000,0
1630668300000,19.87000000,19.91000000,19.87000000,19.89000000,291.39000000,1630668359999,5794.32900000,31,217.73000000,4330.27800000,0
1630668360000,19.88000000,19.91000000,19.88000000,19.91000000,99.06000000,1630668419999,1971.25550000,21,98.56000000,1961.31550000,0
1630668420000,19.88000000,19.97000000,19.85000000,19.97000000,632.35000000,1630668479999,12589.38690000,73,400.12000000,7974.57110000,0
1630668480000,19.97000000,19.97000000,19.92000000,19.96000000,977.49000000,1630668539999,19512.72270000,46,320.14000000,6390.12120000,0
1630668540000,19.96000000,20.01000000,19.90000000,19.92000000,2809.85000000,1630668599999,56147.77020000,75,1917.12000000,38333.74980000,0
1630668600000,19.93000000,20.00000000,19.93000000,20.00000000,117.98000000,1630668659999,2356.10960000,30,117.42000000,2344.94880000,0
1630668660000,19.97000000,20.02000000,19.96000000,19.96000000,617.76000000,1630668719999,12353.62350000,30,409.55000000,8193.65960000,0
1630668720000,19.98000000,20.02000000,19.94000000,20.00000000,1000.94000000,1630668779999,20004.03830000,46,814.25000000,16275.97290000,0
1630668780000,20.00000000,20.01000000,19.97000000,20.00000000,265.61000000,1630668839999,5308.39140000,12,83.60000000,1672.17010000,0
1630668840000,20.00000000,20.02000000,19.95000000,19.99000000,703.37000000,1630668899999,14067.56210000,35,509.64000000,10193.88130000,0
1630668900000,19.96000000,20.03000000,19.95000000,19.97000000,649.97000000,1630668959999,13002.33460000,29,236.61000000,4734.92130000,0
1630668960000,19.94000000,19.98000000,19.93000000,19.98000000,544.38000000,1630669019999,10863.69860000,28,231.88000000,4629.22060000,0
1630669020000,19.97000000,20.00000000,19.96000000,20.00000000,236.88000000,1630669079999,4732.64350000,35,151.54000000,3028.48630000,0
1630669080000,20.00000000,20.04000000,20.00000000,20.02000000,848.16000000,1630669139999,16991.31900000,27,770.84000000,15443.39260000,0
1630669140000,20.03000000,20.04000000,20.00000000,20.04000000,327.60000000,1630669199999,6560.62220000,29,317.55000000,6359.57010000,0
1630669200000,20.02000000,20.03000000,19.91000000,19.96000000,2441.34000000,1630669259999,48743.07730000,111,943.38000000,18841.30710000,0
1630669260000,19.97000000,19.97000000,19.90000000,19.93000000,421.75000000,1630669319999,8403.29710000,53,360.62000000,7185.48530000,0
1630669320000,19.92000000,19.94000000,19.84000000,19.89000000,1065.18000000,1630669379999,21186.52010000,80,451.01000000,8971.69030000,0
1630669380000,19.86000000,19.90000000,19.86000000,19.89000000,453.41000000,1630669439999,9014.13020000,43,270.99000000,5388.48400000,0
1630669440000,19.89000000,19.90000000,19.88000000,19.90000000,130.58000000,1630669499999,2597.48510000,20,106.82000000,2125.13630000,0
1630669500000,19.87000000,19.88000000,19.81000000,19.86000000,1744.27000000,1630669559999,34594.99600000,101,628.89000000,12475.24770000,0
1630669560000,19.85000000,19.94000000,19.80000000,19.92000000,1981.45000000,1630669619999,39365.05860000,108,1127.68000000,22437.24030000,0
1630669620000,19.92000000,19.93000000,19.89000000,19.91000000,395.88000000,1630669679999,7883.19580000,34,154.21000000,3070.83020000,0
1630669680000,19.91000000,19.99000000,19.91000000,19.99000000,1179.57000000,1630669739999,23535.45130000,67,959.09000000,19136.46260000,0
1630669740000,19.94000000,19.96000000,19.94000000,19.96000000,128.66000000,1630669799999,2566.63460000,7,77.42000000,1544.90900000,0
1630669800000,19.96000000,19.96000000,19.96000000,19.96000000,77.00000000,1630669859999,1536.92000000,5,77.00000000,1536.92000000,0
1630669860000,19.96000000,20.03000000,19.95000000,20.03000000,226.49000000,1630669919999,4525.62660000,27,124.37000000,2486.37540000,0
1630669920000,19.99000000,20.02000000,19.96000000,20.01000000,193.68000000,1630669979999,3872.73370000,23,84.75000000,1695.48980000,0
1630669980000,20.01000000,20.01000000,19.97000000,20.01000000,179.00000000,1630670039999,3581.22460000,14,178.20000000,3565.24860000,0
1630670040000,19.98000000,20.02000000,19.98000000,20.02000000,98.89000000,1630670099999,1979.01940000,9,85.64000000,1714.03640000,0
1630670100000,20.00000000,20.02000000,19.98000000,20.02000000,735.73000000,1630670159999,14715.95270000,15,447.10000000,8943.87950000,0
1630670160000,20.02000000,20.03000000,20.00000000,20.03000000,120.34000000,1630670219999,2408.87640000,13,111.24000000,2226.83480000,0
1630670220000,20.00000000,20.01000000,19.96000000,19.99000000,216.41000000,1630670279999,4326.27530000,21,90.88000000,1817.57670000,0
1630670280000,19.99000000,20.01000000,19.98000000,20.00000000,416.45000000,1630670339999,8325.45440000,30,275.86000000,5516.12640000,0
1630670340000,20.01000000,20.03000000,19.98000000,20.01000000,495.72000000,1630670399999,9914.32120000,41,173.64000000,3473.44150000,0
1630670400000,20.01000000,20.13000000,19.98000000,20.04000000,8564.71000000,1630670459999,171908.65090000,248,5522.30000000,110815.30830000,0
1630670460000,20.01000000,20.03000000,20.00000000,20.03000000,528.19000000,1630670519999,10576.07850000,30,373.30000000,7476.89050000,0
1630670520000,20.01000000,20.04000000,20.01000000,20.01000000,422.39000000,1630670579999,8454.16640000,21,108.23000000,2167.71110000,0
1630670580000,20.03000000,20.04000000,20.00000000,20.03000000,312.74000000,1630670639999,6260.86530000,26,129.10000000,2585.77730000,0
1630670640000,20.03000000,20.04000000,20.01000000,20.02000000,543.30000000,1630670699999,10880.50750000,28,508.65000000,10187.14550000,0
1630670700000,20.02000000,20.03000000,19.98000000,20.02000000,1646.25000000,1630670759999,32927.26670000,37,173.23000000,3466.85200000,0
1630670760000,19.99000000,20.02000000,19.99000000,20.01000000,104.56000000,1630670819999,2092.06550000,16,92.37000000,1848.38740000,0
1630670820000,19.99000000,20.02000000,19.99000000,20.02000000,102.88000000,1630670879999,2058.25550000,17,88.10000000,1762.80330000,0
1630670880000,20.01000000,20.04000000,19.99000000,20.02000000,1213.73000000,1630670939999,24293.40550000,39,462.16000000,9254.66970000,0
1630670940000,20.01000000,20.04000000,19.99000000,20.04000000,529.95000000,1630670999999,10604.25940000,38,319.37000000,6392.81490000,0
1630671000000,20.01000000,20.04000000,19.99000000,20.01000000,192.83000000,1630671059999,3858.90080000,18,105.26000000,2106.84830000,0
1630671060000,20.01000000,20.01000000,19.94000000,19.97000000,1193.44000000,1630671119999,23826.75930000,57,76.50000000,1529.22500000,0
1630671120000,19.97000000,19.98000000,19.88000000,19.91000000,1017.67000000,1630671179999,20274.73980000,73,511.23000000,10181.38730000,0
1630671180000,19.91000000,19.99000000,19.91000000,19.99000000,390.35000000,1630671239999,7792.67700000,31,272.71000000,5443.60940000,0
1630671240000,19.97000000,19.99000000,19.93000000,19.93000000,382.07000000,1630671299999,7620.47730000,31,3.30000000,65.93560000,0
1630671300000,19.91000000,19.91000000,19.85000000,19.86000000,200.36000000,1630671359999,3980.96330000,33,63.09000000,1254.55900000,0
1630671360000,19.84000000,19.87000000,19.81000000,19.87000000,640.45000000,1630671419999,12710.49080000,39,408.38000000,8108.85900000,0
1630671420000,19.88000000,19.88000000,19.80000000,19.85000000,1572.17000000,1630671479999,31163.61350000,77,593.23000000,11764.71990000,0
1630671480000,19.81000000,19.82000000,19.80000000,19.80000000,630.86000000,1630671539999,12496.69700000,20,335.33000000,6643.11300000,0
1630671540000,19.81000000,19.81000000,19.77000000,19.78000000,587.91000000,1630671599999,11629.63950000,38,69.65000000,1377.69250000,0
1630671600000,19.78000000,19.78000000,19.74000000,19.77000000,414.38000000,1630671659999,8187.33840000,40,296.00000000,5849.63460000,0
1630671660000,19.75000000,19.78000000,19.74000000,19.74000000,206.48000000,1630671719999,4077.89740000,31,18.70000000,369.78690000,0
1630671720000,19.75000000,19.75000000,19.68000000,19.68000000,788.08000000,1630671779999,15530.15430000,64,67.09000000,1323.89150000,0
1630671780000,19.69000000,19.72000000,19.64000000,19.66000000,3112.74000000,1630671839999,61183.35360000,106,903.19000000,17766.47810000,0
1630671840000,19.66000000,19.71000000,19.66000000,19.66000000,968.56000000,1630671899999,19070.27640000,43,726.55000000,14305.99920000,0
1630671900000,19.66000000,19.68000000,19.62000000,19.63000000,1368.64000000,1630671959999,26857.16470000,39,84.32000000,1656.59010000,0
1630671960000,19.63000000,19.65000000,19.60000000,19.62000000,1013.57000000,1630672019999,19897.44900000,33,798.67000000,15681.93970000,0
1630672020000,19.62000000,19.73000000,19.62000000,19.69000000,826.60000000,1630672079999,16265.72260000,39,707.56000000,13923.67840000,0
1630672080000,19.69000000,19.72000000,19.65000000,19.72000000,443.87000000,1630672139999,8736.11580000,21,243.14000000,4788.73940000,0
1630672140000,19.74000000,19.83000000,19.72000000,19.72000000,1326.69000000,1630672199999,26245.91550000,41,1073.52000000,21242.22240000,0
1630672200000,19.71000000,19.79000000,19.71000000,19.77000000,312.99000000,1630672259999,6179.54340000,11,273.28000000,5395.95690000,0
1630672260000,19.80000000,19.85000000,19.80000000,19.81000000,1250.05000000,1630672319999,24775.73970000,47,778.23000000,15424.74490000,0
1630672320000,19.83000000,19.89000000,19.83000000,19.89000000,842.95000000,1630672379999,16737.67600000,41,544.63000000,10813.50350000,0
1630672380000,19.84000000,19.85000000,19.77000000,19.78000000,651.22000000,1630672439999,12899.06260000,30,76.27000000,1510.81220000,0
1630672440000,19.78000000,19.78000000,19.73000000,19.73000000,204.29000000,1630672499999,4038.04740000,28,55.39000000,1095.59420000,0
1630672500000,19.72000000,19.84000000,19.72000000,19.80000000,495.67000000,1630672559999,9798.15300000,37,388.61000000,7679.21380000,0
1630672560000,19.77000000,19.80000000,19.74000000,19.74000000,41.04000000,1630672619999,810.67050000,19,7.03000000,138.99690000,0
1630672620000,19.77000000,19.77000000,19.74000000,19.76000000,44.21000000,1630672679999,873.20450000,17,21.98000000,434.38430000,0
1630672680000,19.77000000,19.77000000,19.73000000,19.76000000,1196.96000000,1630672739999,23640.26650000,60,451.80000000,8923.27530000,0
1630672740000,19.78000000,19.78000000,19.75000000,19.75000000,683.05000000,1630672799999,13503.77100000,35,413.59000000,8177.84930000,0
1630672800000,19.75000000,19.78000000,19.70000000,19.78000000,1724.83000000,1630672859999,34040.05400000,67,947.09000000,18686.90300000,0
1630672860000,19.77000000,19.78000000,19.75000000,19.76000000,160.71000000,1630672919999,3176.35330000,28,4.11000000,81.26580000,0
1630672920000,19.78000000,19.84000000,19.77000000,19.77000000,840.58000000,1630672979999,16636.21300000,47,650.55000000,12874.07900000,0
1630672980000,19.76000000,19.79000000,19.75000000,19.77000000,151.92000000,1630673039999,3004.48120000,35,0.00000000,0.00000000,0
1630673040000,19.77000000,19.79000000,19.77000000,19.79000000,186.44000000,1630673099999,3687.94500000,26,52.78000000,1044.26330000,0
1630673100000,19.79000000,19.79000000,19.75000000,19.76000000,117.88000000,1630673159999,2331.43880000,17,69.51000000,1374.81790000,0
1630673160000,19.75000000,19.76000000,19.74000000,19.75000000,122.36000000,1630673219999,2416.68070000,36,19.97000000,394.48480000,0
1630673220000,19.74000000,19.76000000,19.73000000,19.75000000,194.62000000,1630673279999,3844.91780000,17,186.22000000,3679.05730000,0
1630673280000,19.74000000,19.77000000,19.73000000,19.75000000,180.32000000,1630673339999,3561.20640000,10,47.74000000,943.81980000,0
1630673340000,19.73000000,19.74000000,19.71000000,19.74000000,216.91000000,1630673399999,4279.53920000,25,75.59000000,1492.14660000,0
1630673400000,19.72000000,19.73000000,19.68000000,19.69000000,209.69000000,1630673459999,4132.03380000,34,41.44000000,817.16240000,0
1630673460000,19.68000000,19.69000000,19.67000000,19.67000000,464.57000000,1630673519999,9140.53590000,25,4.86000000,95.67020000,0
1630673520000,19.68000000,19.68000000,19.65000000,19.68000000,233.24000000,1630673579999,4587.35440000,20,55.32000000,1088.46720000,0
1630673580000,19.67000000,19.70000000,19.65000000,19.67000000,924.08000000,1630673639999,18186.15130000,56,41.17000000,810.46510000,0
1630673640000,19.67000000,19.70000000,19.67000000,19.69000000,699.95000000,1630673699999,13782.13100000,33,398.93000000,7855.07210000,0
1630673700000,19.70000000,19.74000000,19.69000000,19.71000000,840.95000000,1630673759999,16571.95190000,31,478.30000000,9425.67620000,0
1630673760000,19.70000000,19.71000000,19.70000000,19.71000000,31.32000000,1630673819999,617.00960000,4,0.56000000,11.03760000,0
1630673820000,19.70000000,19.70000000,19.66000000,19.69000000,213.29000000,1630673879999,4198.44650000,21,56.83000000,1118.73450000,0
1630673880000,19.69000000,19.69000000,19.69000000,19.69000000,0.00000000,1630673939999,0.00000000,0,0.00000000,0.00000000,0
1630673940000,19.69000000,19.70000000,19.69000000,19.69000000,378.41000000,1630673999999,7451.20140000,26,62.28000000,1226.60170000,0
1630674000000,19.69000000,19.74000000,19.69000000,19.73000000,346.21000000,1630674059999,6822.44810000,19,282.04000000,5557.59590000,0
1630674060000,19.73000000,19.75000000,19.73000000,19.74000000,149.17000000,1630674119999,2944.15870000,8,4.63000000,91.44250000,0
1630674120000,19.75000000,19.78000000,19.75000000,19.77000000,506.63000000,1630674179999,10013.21870000,20,101.62000000,2007.59520000,0
1630674180000,19.78000000,19.78000000,19.76000000,19.78000000,77.71000000,1630674239999,1536.49110000,14,17.84000000,352.87520000,0
1630674240000,19.78000000,19.78000000,19.73000000,19.74000000,228.92000000,1630674299999,4520.07660000,23,4.87000000,96.18250000,0
1630674300000,19.74000000,19.74000000,19.74000000,19.74000000,24.50000000,1630674359999,483.63000000,7,0.00000000,0.00000000,0
1630674360000,19.75000000,19.77000000,19.75000000,19.77000000,80.48000000,1630674419999,1589.66780000,13,14.92000000,294.85780000,0
1630674420000,19.77000000,19.78000000,19.75000000,19.77000000,715.72000000,1630674479999,14152.83660000,35,468.97000000,9272.73520000,0
1630674480000,19.78000000,19.78000000,19.78000000,19.78000000,25.27000000,1630674539999,499.84060000,1,25.27000000,499.84060000,0
1630674540000,19.76000000,19.79000000,19.76000000,19.78000000,217.17000000,1630674599999,4295.49700000,24,17.15000000,339.27840000,0
1630674600000,19.79000000,19.79000000,19.76000000,19.77000000,292.89000000,1630674659999,5792.80250000,43,64.75000000,1281.40250000,0
1630674660000,19.76000000,19.76000000,19.70000000,19.70000000,1353.03000000,1630674719999,26685.40080000,70,31.75000000,626.39420000,0
1630674720000,19.69000000,19.70000000,19.69000000,19.69000000,295.59000000,1630674779999,5820.45740000,13,114.27000000,2250.26660000,0
1630674780000,19.69000000,19.71000000,19.69000000,19.70000000,590.18000000,1630674839999,11626.01970000,28,590.18000000,11626.01970000,0
1630674840000,19.69000000,19.70000000,19.65000000,19.65000000,1281.17000000,1630674899999,25203.67320000,59,741.56000000,14584.01240000,0
1630674900000,19.64000000,19.65000000,19.58000000,19.58000000,889.96000000,1630674959999,17456.38690000,54,270.91000000,5309.14850000,0
1630674960000,19.58000000,19.58000000,19.53000000,19.55000000,1289.89000000,1630675019999,25216.47650000,72,833.96000000,16298.96970000,0
1630675020000,19.55000000,19.55000000,19.47000000,19.48000000,2378.77000000,1630675079999,46360.96480000,109,588.21000000,11461.90990000,0
1630675080000,19.48000000,19.48000000,19.44000000,19.45000000,1099.53000000,1630675139999,21404.80410000,71,861.70000000,16777.19770000,0
1630675140000,19.45000000,19.48000000,19.45000000,19.45000000,287.70000000,1630675199999,5598.33710000,26,203.57000000,3961.43220000,0
1630675200000,19.45000000,19.50000000,19.43000000,19.45000000,1230.41000000,1630675259999,23939.56150000,62,662.98000000,12908.29480000,0
1630675260000,19.43000000,19.48000000,19.35000000,19.38000000,7424.18000000,1630675319999,143929.85400000,220,1846.00000000,35816.57370000,0
1630675320000,19.40000000,19.43000000,19.38000000,19.42000000,557.44000000,1630675379999,10814.40700000,54,174.38000000,3384.45370000,0
1630675380000,19.43000000,19.43000000,19.40000000,19.43000000,140.51000000,1630675439999,2728.31720000,12,110.85000000,2152.91320000,0
1630675440000,19.43000000,19.49000000,19.43000000,19.46000000,542.63000000,1630675499999,10560.28430000,43,300.75000000,5852.97450000,0
1630675500000,19.44000000,19.53000000,19.44000000,19.53000000,435.41000000,1630675559999,8493.32820000,39,419.76000000,8188.25840000,0
1630675560000,19.50000000,19.57000000,19.50000000,19.57000000,2458.14000000,1630675619999,48069.74370000,39,2349.31000000,45943.70320000,0
1630675620000,19.58000000,19.58000000,19.48000000,19.51000000,953.32000000,1630675679999,18611.56730000,61,241.25000000,4714.50580000,0
1630675680000,19.51000000,19.51000000,19.51000000,19.51000000,10.57000000,1630675739999,206.22070000,6,10.57000000,206.22070000,0
1630675740000,19.51000000,19.54000000,19.51000000,19.51000000,317.68000000,1630675799999,6200.31830000,32,171.13000000,3340.87180000,0
1630675800000,19.51000000,19.53000000,19.51000000,19.52000000,105.35000000,1630675859999,2056.46950000,27,51.25000000,1000.39970000,0
1630675860000,19.52000000,19.53000000,19.52000000,19.53000000,26.96000000,1630675919999,526.29690000,13,3.77000000,73.62810000,0
1630675920000,19.52000000,19.55000000,19.52000000,19.52000000,69.61000000,1630675979999,1359.48850000,16,33.66000000,657.74450000,0
1630675980000,19.52000000,19.55000000,19.52000000,19.53000000,85.14000000,1630676039999,1663.13890000,22,31.36000000,612.81550000,0
1630676040000,19.53000000,19.55000000,19.53000000,19.55000000,1248.49000000,1630676099999,24385.84280000,31,1135.62000000,22181.49170000,0
1630676100000,19.56000000,19.56000000,19.49000000,19.51000000,3628.51000000,1630676159999,70796.71850000,37,147.69000000,2882.45410000,0
1630676160000,19.50000000,19.51000000,19.50000000,19.50000000,237.48000000,1630676219999,4631.49600000,18,237.48000000,4631.49600000,0
1630676220000,19.50000000,19.51000000,19.49000000,19.51000000,30.78000000,1630676279999,600.21630000,5,28.03000000,546.61880000,0
1630676280000,19.50000000,19.50000000,19.49000000,19.49000000,650.95000000,1630676339999,12687.34970000,16,33.42000000,651.69000000,0
1630676340000,19.50000000,19.51000000,19.49000000,19.50000000,60.28000000,1630676399999,1175.47830000,13,59.38000000,1157.93730000,0
1630676400000,19.49000000,19.54000000,19.49000000,19.54000000,480.48000000,1630676459999,9376.16420000,17,451.68000000,8814.68420000,0
1630676460000,19.54000000,19.68000000,19.52000000,19.68000000,3535.17000000,1630676519999,69259.18300000,106,3180.36000000,62294.55450000,0
1630676520000,19.68000000,19.72000000,19.62000000,19.69000000,2460.52000000,1630676579999,48356.54940000,86,947.83000000,18638.95670000,0
1630676580000,19.70000000,19.70000000,19.67000000,19.69000000,997.51000000,1630676639999,19639.36320000,70,870.17000000,17132.54670000,0
1630676640000,19.69000000,19.72000000,19.66000000,19.69000000,2611.65000000,1630676699999,51415.89510000,154,924.47000000,18210.50120000,0
1630676700000,19.69000000,19.70000000,19.67000000,19.69000000,49.23000000,1630676759999,969.37810000,20,47.60000000,937.30560000,0
1630676760000,19.69000000,19.72000000,19.69000000,19.69000000,215.81000000,1630676819999,4251.36920000,31,200.73000000,3954.44400000,0
1630676820000,19.69000000,19.70000000,19.69000000,19.70000000,199.54000000,1630676879999,3929.00690000,17,199.54000000,3929.00690000,0
1630676880000,19.69000000,19.73000000,19.69000000,19.71000000,29.96000000,1630676939999,590.18080000,10,25.41000000,500.51650000,0
1630676940000,19.71000000,19.77000000,19.71000000,19.77000000,319.51000000,1630676999999,6306.27680000,23,284.47000000,5614.95080000,0
1630677000000,19.78000000,19.78000000,19.74000000,19.77000000,78.41000000,1630677059999,1549.27650000,14,28.37000000,560.98880000,0
1630677060000,19.74000000,19.79000000,19.74000000,19.77000000,159.60000000,1630677119999,3155.75620000,32,145.98000000,2886.71300000,0
1630677120000,19.79000000,19.79000000,19.70000000,19.73000000,2353.37000000,1630677179999,46455.57930000,43,33.23000000,655.97990000,0
1630677180000,19.73000000,19.77000000,19.71000000,19.75000000,440.94000000,1630677239999,8703.55560000,20,320.46000000,6326.93280000,0
1630677240000,19.78000000,19.80000000,19.75000000,19.77000000,151.86000000,1630677299999,3003.45360000,32,93.11000000,1842.81320000,0
1630677300000,19.80000000,19.81000000,19.79000000,19.81000000,69.10000000,1630677359999,1368.71590000,10,67.55000000,1338.04140000,0
1630677360000,19.82000000,19.85000000,19.77000000,19.77000000,1400.32000000,1630677419999,27727.95390000,50,368.31000000,7306.40540000,0
1630677420000,19.81000000,19.85000000,19.80000000,19.82000000,127.96000000,1630677479999,2535.23730000,24,60.10000000,1191.33310000,0
1630677480000,19.85000000,19.86000000,19.82000000,19.82000000,311.17000000,1630677539999,6175.64760000,30,230.48000000,4574.54500000,0
1630677540000,19.85000000,19.86000000,19.83000000,19.83000000,69.21000000,1630677599999,1373.69900000,7,65.69000000,1303.89740000,0
1630677600000,19.85000000,19.86000000,19.82000000,19.83000000,533.00000000,1630677659999,10570.95850000,42,469.33000000,9308.54830000,0
1630677660000,19.83000000,19.84000000,19.82000000,19.82000000,78.08000000,1630677719999,1548.03030000,14,15.40000000,305.38710000,0
1630677720000,19.82000000,19.83000000,19.81000000,19.82000000,399.19000000,1630677779999,7911.90530000,21,203.72000000,4038.06750000,0
1630677780000,19.82000000,19.84000000,19.78000000,19.78000000,2097.50000000,1630677839999,41554.88260000,103,753.58000000,14937.28010000,0
1630677840000,19.77000000,19.80000000,19.77000000,19.78000000,322.92000000,1630677899999,6388.52820000,42,197.24000000,3903.15500000,0
1630677900000,19.78000000,19.82000000,19.74000000,19.74000000,312.36000000,1630677959999,6176.47330000,21,174.59000000,3455.01850000,0
1630677960000,19.74000000,19.74000000,19.70000000,19.70000000,48.13000000,1630678019999,948.38650000,13,45.68000000,900.03400000,0
1630678020000,19.70000000,19.71000000,19.70000000,19.70000000,50.02000000,1630678079999,985.59610000,9,50.02000000,985.59610000,0
1630678080000,19.70000000,19.77000000,19.70000000,19.75000000,559.44000000,1630678139999,11047.70840000,42,527.49000000,10417.40130000,0
1630678140000,19.72000000,19.76000000,19.72000000,19.76000000,195.66000000,1630678199999,3861.98750000,46,184.04000000,3632.84110000,0
1630678200000,19.75000000,19.75000000,19.70000000,19.71000000,43.01000000,1630678259999,847.79370000,11,21.98000000,433.50270000,0
1630678260000,19.70000000,19.76000000,19.70000000,19.76000000,269.12000000,1630678319999,5313.36870000,37,206.04000000,4069.28700000,0
1630678320000,19.76000000,19.79000000,19.76000000,19.76000000,126.65000000,1630678379999,2502.87670000,15,115.72000000,2286.89990000,0
1630678380000,19.76000000,19.76000000,19.75000000,19.75000000,35.91000000,1630678439999,709.27310000,2,30.85000000,609.28750000,0
1630678440000,19.76000000,19.80000000,19.76000000,19.80000000,53.01000000,1630678499999,1048.49560000,7,53.01000000,1048.49560000,0
1630678500000,19.77000000,19.81000000,19.73000000,19.81000000,212.52000000,1630678559999,4202.06910000,33,127.96000000,2532.60060000,0
1630678560000,19.78000000,19.84000000,19.78000000,19.84000000,117.92000000,1630678619999,2337.34500000,11,116.11000000,2301.51020000,0
1630678620000,19.84000000,19.84000000,19.81000000,19.82000000,67.13000000,1630678679999,1330.23110000,11,36.58000000,725.03560000,0
1630678680000,19.82000000,19.86000000,19.82000000,19.85000000,216.01000000,1630678739999,4286.52630000,45,155.83000000,3092.66030000,0
1630678740000,19.81000000,19.88000000,19.81000000,19.87000000,908.69000000,1630678799999,18034.21850000,43,265.74000000,5276.08980000,0
1630678800000,19.84000000,19.88000000,19.84000000,19.86000000,181.30000000,1630678859999,3602.47770000,10,140.59000000,2794.18130000,0
1630678860000,19.86000000,19.89000000,19.82000000,19.89000000,219.37000000,1630678919999,4358.33070000,51,141.69000000,2816.40440000,0
1630678920000,19.89000000,19.89000000,19.85000000,19.86000000,127.34000000,1630678979999,2530.49600000,10,112.70000000,2239.75120000,0
1630678980000,19.86000000,19.87000000,19.84000000,19.85000000,159.21000000,1630679039999,3161.08780000,35,45.92000000,911.90780000,0
1630679040000,19.85000000,19.98000000,19.85000000,19.91000000,1855.62000000,1630679099999,36998.70110000,92,1738.09000000,34656.64640000,0
1630679100000,19.92000000,19.93000000,19.82000000,19.88000000,1640.13000000,1630679159999,32568.61180000,92,1117.06000000,22179.01470000,0
1630679160000,19.87000000,19.88000000,19.87000000,19.88000000,28.92000000,1630679219999,574.67810000,15,3.77000000,74.94760000,0
1630679220000,19.88000000,19.88000000,19.86000000,19.86000000,179.93000000,1630679279999,3575.37480000,20,147.58000000,2932.90380000,0
1630679280000,19.85000000,19.85000000,19.82000000,19.82000000,469.55000000,1630679339999,9313.70510000,22,254.38000000,5045.13510000,0
1630679340000,19.81000000,19.81000000,19.76000000,19.76000000,404.42000000,1630679399999,8000.91720000,36,100.80000000,1994.32400000,0
1630679400000,19.76000000,19.76000000,19.69000000,19.70000000,1002.24000000,1630679459999,19758.99120000,35,313.17000000,6171.00180000,0
1630679460000,19.70000000,19.70000000,19.62000000,19.62000000,1937.63000000,1630679519999,38068.47400000,66,414.25000000,8137.12840000,0
1630679520000,19.63000000,19.73000000,19.63000000,19.73000000,639.60000000,1630679579999,12585.94560000,47,625.91000000,12316.14130000,0
1630679580000,19.72000000,19.75000000,19.68000000,19.72000000,763.33000000,1630679639999,15053.11280000,36,619.08000000,12208.53390000,0
1630679640000,19.72000000,19.73000000,19.68000000,19.73000000,449.34000000,1630679699999,8860.04050000,50,12.41000000,244.60110000,0
1630679700000,19.72000000,19.72000000,19.63000000,19.70000000,1028.78000000,1630679759999,20221.21090000,46,184.72000000,3631.34080000,0
1630679760000,19.68000000,19.68000000,19.52000000,19.67000000,1704.48000000,1630679819999,33414.12050000,112,574.12000000,11264.85000000,0
1630679820000,19.68000000,19.69000000,19.67000000,19.67000000,93.29000000,1630679879999,1836.08620000,24,12.21000000,240.34350000,0
1630679880000,19.67000000,19.73000000,19.64000000,19.73000000,585.00000000,1630679939999,11513.08230000,39,453.31000000,8924.31780000,0
1630679940000,19.74000000,19.79000000,19.70000000,19.70000000,728.17000000,1630679999999,14388.44030000,60,543.50000000,10742.44930000,0
1630680000000,19.74000000,19.76000000,19.74000000,19.75000000,273.29000000,1630680059999,5396.11110000,24,171.76000000,3391.33570000,0
1630680060000,19.74000000,19.76000000,19.73000000,19.73000000,74.93000000,1630680119999,1478.80050000,19,8.71000000,171.97160000,0
1630680120000,19.76000000,19.88000000,19.73000000,19.86000000,778.55000000,1630680179999,15436.35280000,61,524.45000000,10391.53590000,0
1630680180000,19.86000000,19.86000000,19.81000000,19.84000000,144.85000000,1630680239999,2873.48740000,8,86.77000000,1721.77160000,0
1630680240000,19.84000000,19.84000000,19.82000000,19.83000000,108.11000000,1630680299999,2143.45740000,10,106.10000000,2103.59910000,0
1630680300000,19.83000000,19.85000000,19.75000000,19.75000000,538.67000000,1630680359999,10668.96260000,62,353.59000000,7001.26790000,0
1630680360000,19.76000000,19.76000000,19.69000000,19.70000000,112.20000000,1630680419999,2212.25650000,18,83.60000000,1648.33370000,0
1630680420000,19.70000000,19.72000000,19.58000000,19.58000000,1397.28000000,1630680479999,27448.83150000,58,269.41000000,5301.43460000,0
1630680480000,19.58000000,19.62000000,19.57000000,19.61000000,281.10000000,1630680539999,5506.52220000,32,263.59000000,5163.84070000,0
1630680540000,19.60000000,19.61000000,19.59000000,19.60000000,177.54000000,1630680599999,3479.69720000,27,153.36000000,3005.86130000,0
1630680600000,19.60000000,19.63000000,19.57000000,19.58000000,2124.17000000,1630680659999,41610.99000000,60,223.23000000,4372.72240000,0
1630680660000,19.59000000,19.70000000,19.58000000,19.62000000,1742.62000000,1630680719999,34257.50180000,44,1384.82000000,27231.62930000,0
1630680720000,19.59000000,19.61000000,19.56000000,19.56000000,425.00000000,1630680779999,8324.94710000,55,271.34000000,5315.29490000,0
1630680780000,19.59000000,19.59000000,19.58000000,19.59000000,10.87000000,1630680839999,212.89780000,3,10.87000000,212.89780000,0
1630680840000,19.58000000,19.58000000,19.53000000,19.55000000,710.37000000,1630680899999,13888.76560000,50,75.22000000,1470.72290000,0
1630680900000,19.53000000,19.55000000,19.53000000,19.54000000,56.63000000,1630680959999,1106.81570000,14,43.51000000,850.37630000,0
1630680960000,19.56000000,19.56000000,19.55000000,19.56000000,19.24000000,1630681019999,376.25940000,7,19.24000000,376.25940000,0
1630681020000,19.55000000,19.55000000,19.51000000,19.52000000,2846.85000000,1630681079999,55561.62270000,57,72.60000000,1417.73590000,0
1630681080000,19.52000000,19.56000000,19.52000000,19.54000000,84.63000000,1630681139999,1653.72480000,27,84.63000000,1653.72480000,0
1630681140000,19.54000000,19.58000000,19.54000000,19.58000000,40.43000000,1630681199999,790.89660000,12,18.87000000,369.01040000,0
1630681200000,19.57000000,19.57000000,19.54000000,19.56000000,98.77000000,1630681259999,1931.17870000,14,7.50000000,146.70000000,0
1630681260000,19.58000000,19.63000000,19.55000000,19.61000000,898.19000000,1630681319999,17603.95300000,74,479.25000000,9395.02590000,0
1630681320000,19.60000000,19.62000000,19.60000000,19.62000000,147.14000000,1630681379999,2886.33890000,29,27.39000000,537.13670000,0
1630681380000,19.62000000,19.62000000,19.59000000,19.60000000,228.96000000,1630681439999,4490.39710000,35,69.17000000,1356.99090000,0
1630681440000,19.60000000,19.63000000,19.58000000,19.59000000,113.75000000,1630681499999,2229.24640000,22,31.34000000,614.69400000,0
1630681500000,19.60000000,19.61000000,19.59000000,19.59000000,68.57000000,1630681559999,1343.87210000,8,17.55000000,343.98000000,0
1630681560000,19.59000000,19.65000000,19.59000000,19.65000000,241.48000000,1630681619999,4741.51390000,26,231.35000000,4542.81520000,0
1630681620000,19.61000000,19.63000000,19.60000000,19.61000000,2681.89000000,1630681679999,52568.28900000,41,2352.42000000,46108.07520000,0
1630681680000,19.61000000,19.64000000,19.59000000,19.60000000,222.35000000,1630681739999,4361.17420000,42,85.82000000,1683.05300000,0
1630681740000,19.62000000,19.62000000,19.59000000,19.60000000,85.65000000,1630681799999,1679.09340000,16,45.92000000,900.30740000,0
1630681800000,19.60000000,19.64000000,19.60000000,19.60000000,94.25000000,1630681859999,1849.33680000,26,20.99000000,411.90580000,0
1630681860000,19.61000000,19.62000000,19.57000000,19.61000000,70.62000000,1630681919999,1384.60930000,29,26.02000000,510.50720000,0
1630681920000,19.61000000,19.65000000,19.61000000,19.65000000,412.49000000,1630681979999,8089.83520000,21,81.10000000,1590.72240000,0
1630681980000,19.65000000,19.65000000,19.65000000,19.65000000,0.00000000,1630682039999,0.00000000,0,0.00000000,0.00000000,0
1630682040000,19.65000000,19.65000000,19.65000000,19.65000000,11.79000000,1630682099999,231.67350000,2,11.79000000,231.67350000,0
1630682100000,19.63000000,19.65000000,19.62000000,19.63000000,68.47000000,1630682159999,1344.04450000,17,24.05000000,472.20350000,0
1630682160000,19.64000000,19.65000000,19.61000000,19.64000000,121.21000000,1630682219999,2377.96840000,22,6.35000000,124.73790000,0
1630682220000,19.64000000,19.68000000,19.64000000,19.66000000,336.70000000,1630682279999,6621.77130000,23,335.89000000,6605.84670000,0
1630682280000,19.68000000,19.68000000,19.64000000,19.64000000,476.76000000,1630682339999,9371.74260000,45,63.89000000,1257.35520000,0
1630682340000,19.65000000,19.67000000,19.65000000,19.67000000,93.95000000,1630682399999,1847.35870000,16,93.95000000,1847.35870000,0
1630682400000,19.65000000,19.67000000,19.62000000,19.67000000,226.25000000,1630682459999,4445.97890000,22,128.67000000,2529.08360000,0
1630682460000,19.66000000,19.66000000,19.60000000,19.60000000,436.28000000,1630682519999,8555.60860000,24,5.08000000,99.87280000,0
1630682520000,19.61000000,19.62000000,19.61000000,19.62000000,87.95000000,1630682579999,1724.82900000,3,75.00000000,1470.75000000,0
1630682580000,19.62000000,19.62000000,19.62000000,19.62000000,12.09000000,1630682639999,237.20580000,2,9.72000000,190.70640000,0
1630682640000,19.62000000,19.64000000,19.61000000,19.64000000,23.70000000,1630682699999,465.12190000,8,10.37000000,203.65460000,0
1630682700000,19.60000000,19.63000000,19.60000000,19.63000000,16.17000000,1630682759999,317.08840000,4,14.58000000,285.92440000,0
1630682760000,19.63000000,19.63000000,19.63000000,19.63000000,0.00000000,1630682819999,0.00000000,0,0.00000000,0.00000000,0
1630682820000,19.63000000,19.64000000,19.63000000,19.64000000,30.46000000,1630682879999,597.98480000,13,30.46000000,597.98480000,0
1630682880000,19.64000000,19.64000000,19.57000000,19.59000000,560.55000000,1630682939999,10987.63190000,45,262.37000000,5146.48760000,0
1630682940000,19.58000000,19.64000000,19.58000000,19.63000000,587.16000000,1630682999999,11518.22770000,35,574.08000000,11261.50080000,0
1630683000000,19.62000000,19.72000000,19.60000000,19.72000000,2984.13000000,1630683059999,58759.41240000,131,1048.79000000,20659.68140000,0
1630683060000,19.71000000,19.75000000,19.70000000,19.75000000,240.84000000,1630683119999,4746.53320000,25,71.26000000,1405.54180000,0
1630683120000,19.75000000,19.75000000,19.71000000,19.71000000,57.31000000,1630683179999,1131.82210000,9,56.05000000,1106.98750000,0
1630683180000,19.75000000,19.75000000,19.67000000,19.68000000,229.83000000,1630683239999,4529.94530000,18,57.39000000,1131.67380000,0
1630683240000,19.66000000,19.72000000,19.64000000,19.72000000,152.39000000,1630683299999,2997.74710000,15,101.16000000,1991.30990000,0
1630683300000,19.70000000,19.70000000,19.70000000,19.70000000,39.95000000,1630683359999,787.01500000,2,0.00000000,0.00000000,0
1630683360000,19.70000000,19.70000000,19.70000000,19.70000000,15.53000000,1630683419999,305.94100000,2,15.53000000,305.94100000,0
1630683420000,19.69000000,19.69000000,19.66000000,19.66000000,62.24000000,1630683479999,1224.35210000,9,27.50000000,541.36370000,0
1630683480000,19.68000000,19.68000000,19.66000000,19.66000000,14.32000000,1630683539999,281.55660000,6,1.27000000,24.99360000,0
1630683540000,19.66000000,19.69000000,19.66000000,19.68000000,140.12000000,1630683599999,2758.15480000,20,102.14000000,2010.85100000,0
1630683600000,19.65000000,19.67000000,19.65000000,19.65000000,38.60000000,1630683659999,759.10000000,3,30.50000000,599.93500000,0
1630683660000,19.65000000,19.65000000,19.65000000,19.65000000,0.54000000,1630683719999,10.61100000,1,0.00000000,0.00000000,0
1630683720000,19.65000000,19.65000000,19.64000000,19.64000000,20.37000000,1630683779999,400.24150000,4,8.77000000,172.33050000,0
1630683780000,19.64000000,19.65000000,19.62000000,19.65000000,82.85000000,1630683839999,1626.22760000,11,36.02000000,707.14460000,0
1630683840000,19.62000000,19.65000000,19.62000000,19.65000000,8.88000000,1630683899999,174.36540000,4,5.74000000,112.75860000,0
1630683900000,19.62000000,19.65000000,19.62000000,19.65000000,36.06000000,1630683959999,707.87460000,4,12.58000000,247.19700000,0
1630683960000,19.62000000,19.65000000,19.62000000,19.65000000,20.91000000,1630684019999,410.72220000,2,15.60000000,306.54000000,0
1630684020000,19.65000000,19.65000000,19.62000000,19.62000000,7.43000000,1630684079999,145.97010000,4,6.45000000,126.74250000,0
1630684080000,19.65000000,19.65000000,19.53000000,19.57000000,1718.69000000,1630684139999,33621.93130000,58,187.26000000,3662.73080000,0
1630684140000,19.55000000,19.60000000,19.55000000,19.60000000,62.13000000,1630684199999,1216.24790000,16,45.93000000,899.37710000,0
1630684200000,19.62000000,19.64000000,19.59000000,19.63000000,180.19000000,1630684259999,3535.81800000,12,75.83000000,1488.34770000,0
1630684260000,19.63000000,19.63000000,19.60000000,19.63000000,138.20000000,1630684319999,2709.99290000,8,42.43000000,832.90090000,0
1630684320000,19.63000000,19.64000000,19.63000000,19.64000000,1695.20000000,1630684379999,33283.00740000,12,1695.20000000,33283.00740000,0
1630684380000,19.63000000,19.63000000,19.62000000,19.62000000,2.25000000,1630684439999,44.16230000,3,2.25000000,44.16230000,0
1630684440000,19.60000000,19.60000000,19.60000000,19.60000000,0.61000000,1630684499999,11.95600000,1,0.00000000,0.00000000,0
1630684500000,19.62000000,19.62000000,19.62000000,19.62000000,0.61000000,1630684559999,11.96820000,1,0.61000000,11.96820000,0
1630684560000,19.62000000,19.62000000,19.62000000,19.62000000,7.58000000,1630684619999,148.71960000,3,7.58000000,148.71960000,0
1630684620000,19.61000000,19.61000000,19.61000000,19.61000000,6.58000000,1630684679999,129.03380000,2,6.58000000,129.03380000,0
1630684680000,19.62000000,19.62000000,19.61000000,19.61000000,3.72000000,1630684739999,72.96100000,2,1.18000000,23.15160000,0
1630684740000,19.60000000,19.62000000,19.60000000,19.62000000,17.92000000,1630684799999,351.35280000,9,6.04000000,118.50480000,0
1630684800000,19.62000000,19.64000000,19.62000000,19.62000000,247.28000000,1630684859999,4852.04670000,11,244.87000000,4804.76250000,0
1630684860000,19.62000000,19.73000000,19.60000000,19.67000000,3039.92000000,1630684919999,59766.22200000,165,2459.17000000,48338.56230000,0
1630684920000,19.67000000,19.67000000,19.67000000,19.67000000,18.86000000,1630684979999,370.97620000,9,0.00000000,0.00000000,0
1630684980000,19.67000000,19.67000000,19.63000000,19.63000000,384.56000000,1630685039999,7554.21840000,14,202.46000000,3977.44300000,0
1630685040000,19.66000000,19.68000000,19.65000000,19.65000000,124.27000000,1630685099999,2445.38170000,9,116.60000000,2294.66620000,0
1630685100000,19.69000000,19.80000000,19.69000000,19.73000000,1507.02000000,1630685159999,29751.59980000,57,920.97000000,18201.88480000,0
1630685160000,19.72000000,19.73000000,19.72000000,19.73000000,62.19000000,1630685219999,1226.39580000,3,61.29000000,1208.63880000,0
1630685220000,19.73000000,19.79000000,19.73000000,19.79000000,24.99000000,1630685279999,494.11550000,13,21.90000000,433.12390000,0
1630685280000,19.79000000,19.79000000,19.76000000,19.79000000,21.44000000,1630685339999,423.96280000,11,11.80000000,233.47640000,0
1630685340000,19.77000000,19.81000000,19.76000000,19.81000000,1078.37000000,1630685399999,21356.38830000,27,1034.13000000,20482.20590000,0
1630685400000,19.78000000,19.82000000,19.78000000,19.80000000,10.70000000,1630685459999,211.93060000,7,8.02000000,158.88140000,0
1630685460000,19.83000000,19.84000000,19.81000000,19.82000000,1121.23000000,1630685519999,22230.08250000,78,691.42000000,13708.67190000,0
1630685520000,19.82000000,19.82000000,19.80000000,19.80000000,177.54000000,1630685579999,3518.82080000,4,176.44000000,3497.04080000,0
1630685580000,19.82000000,19.84000000,19.80000000,19.81000000,232.60000000,1630685639999,4610.70910000,16,117.98000000,2339.18640000,0
1630685640000,19.81000000,19.83000000,19.78000000,19.78000000,646.17000000,1630685699999,12793.55090000,36,185.61000000,3675.56700000,0
1630685700000,19.79000000,19.81000000,19.77000000,19.77000000,100.63000000,1630685759999,1991.07320000,21,40.56000000,802.69720000,0
1630685760000,19.78000000,19.78000000,19.67000000,19.69000000,965.49000000,1630685819999,19047.89610000,86,287.69000000,5673.89450000,0
1630685820000,19.68000000,19.71000000,19.66000000,19.66000000,456.47000000,1630685879999,8982.22390000,35,257.14000000,5060.62820000,0
1630685880000,19.67000000,19.68000000,19.65000000,19.67000000,318.16000000,1630685939999,6255.29250000,28,176.06000000,3462.07830000,0
1630685940000,19.67000000,19.67000000,19.58000000,19.58000000,1149.21000000,1630685999999,22544.67160000,61,291.53000000,5716.59820000,0
1630686000000,19.58000000,19.64000000,19.58000000,19.62000000,340.79000000,1630686059999,6683.35710000,31,340.79000000,6683.35710000,0
1630686060000,19.63000000,19.63000000,19.61000000,19.63000000,6.20000000,1630686119999,121.65600000,4,3.70000000,72.63100000,0
1630686120000,19.63000000,19.63000000,19.59000000,19.60000000,263.88000000,1630686179999,5174.20660000,15,105.25000000,2063.53550000,0
1630686180000,19.60000000,19.63000000,19.59000000,19.63000000,59.71000000,1630686239999,1170.79670000,8,59.71000000,1170.79670000,0
1630686240000,19.62000000,19.62000000,19.57000000,19.57000000,136.60000000,1630686299999,2675.74900000,18,25.01000000,490.22300000,0
1630686300000,19.57000000,19.58000000,19.54000000,19.55000000,1148.56000000,1630686359999,22461.24050000,40,99.51000000,1946.81560000,0
1630686360000,19.56000000,19.57000000,19.54000000,19.55000000,51.19000000,1630686419999,1000.70400000,13,22.03000000,430.75260000,0
1630686420000,19.56000000,19.58000000,19.56000000,19.57000000,57.48000000,1630686479999,1124.86010000,18,47.72000000,933.85690000,0
1630686480000,19.57000000,19.60000000,19.57000000,19.60000000,38.33000000,1630686539999,751.04320000,6,15.98000000,312.98320000,0
1630686540000,19.58000000,19.60000000,19.58000000,19.58000000,81.01000000,1630686599999,1587.04480000,8,17.55000000,343.87100000,0
1630686600000,19.59000000,19.59000000,19.56000000,19.56000000,35.65000000,1630686659999,697.41710000,8,9.54000000,186.65060000,0
1630686660000,19.58000000,19.58000000,19.56000000,19.56000000,12.48000000,1630686719999,244.22520000,5,8.71000000,170.48400000,0
1630686720000,19.56000000,19.56000000,19.56000000,19.56000000,34.47000000,1630686779999,674.23320000,5,0.00000000,0.00000000,0
1630686780000,19.57000000,19.63000000,19.56000000,19.62000000,357.47000000,1630686839999,7009.24220000,44,344.26000000,6750.85460000,0
1630686840000,19.62000000,19.63000000,19.61000000,19.61000000,20.37000000,1630686899999,399.63570000,3,10.36000000,203.33960000,0
1630686900000,19.63000000,19.69000000,19.63000000,19.65000000,1679.73000000,1630686959999,33038.11300000,50,1413.56000000,27806.93010000,0
1630686960000,19.67000000,19.68000000,19.65000000,19.68000000,123.77000000,1630687019999,2434.17130000,19,8.26000000,162.55680000,0
1630687020000,19.65000000,19.67000000,19.59000000,19.61000000,3254.12000000,1630687079999,63791.24430000,51,1063.67000000,20853.38030000,0
1630687080000,19.60000000,19.61000000,19.60000000,19.60000000,68.80000000,1630687139999,1348.53000000,6,0.00000000,0.00000000,0
1630687140000,19.61000000,19.63000000,19.56000000,19.57000000,1189.91000000,1630687199999,23290.18470000,35,88.52000000,1732.88340000,0
1630687200000,19.56000000,19.59000000,19.56000000,19.58000000,66.41000000,1630687259999,1300.25990000,7,4.67000000,91.48530000,0
1630687260000,19.60000000,19.60000000,19.57000000,19.57000000,211.38000000,1630687319999,4137.57520000,14,0.14000000,2.74400000,0
1630687320000,19.57000000,19.69000000,19.55000000,19.69000000,2262.99000000,1630687379999,44404.21070000,90,1448.52000000,28424.87730000,0
1630687380000,19.69000000,19.70000000,19.64000000,19.65000000,1285.16000000,1630687439999,25268.01630000,94,296.73000000,5830.44480000,0
1630687440000,19.65000000,19.67000000,19.61000000,19.66000000,442.22000000,1630687499999,8682.59510000,64,120.13000000,2358.10140000,0
1630687500000,19.67000000,19.67000000,19.63000000,19.65000000,66.52000000,1630687559999,1306.61360000,20,14.49000000,284.86570000,0
1630687560000,19.65000000,19.66000000,19.62000000,19.62000000,258.57000000,1630687619999,5080.10880000,27,50.34000000,989.49590000,0
1630687620000,19.62000000,19.65000000,19.61000000,19.64000000,73.85000000,1630687679999,1449.89230000,18,20.96000000,411.45840000,0
1630687680000,19.64000000,19.66000000,19.63000000,19.64000000,60.30000000,1630687739999,1184.59480000,12,7.62000000,149.80920000,0
1630687740000,19.65000000,19.68000000,19.64000000,19.64000000,175.85000000,1630687799999,3457.21400000,45,48.54000000,954.27960000,0
1630687800000,19.64000000,19.66000000,19.64000000,19.66000000,76.55000000,1630687859999,1503.59480000,3,72.73000000,1428.49360000,0
1630687860000,19.66000000,19.66000000,19.63000000,19.65000000,20.88000000,1630687919999,410.10250000,6,6.65000000,130.61600000,0
1630687920000,19.64000000,19.65000000,19.63000000,19.65000000,68.27000000,1630687979999,1340.96630000,14,40.20000000,789.62620000,0
1630687980000,19.65000000,19.68000000,19.65000000,19.65000000,113.00000000,1630688039999,2221.92430000,29,46.85000000,921.59790000,0
1630688040000,19.67000000,19.70000000,19.67000000,19.70000000,374.96000000,1630688099999,7379.39590000,17,77.37000000,1522.33310000,0
1630688100000,19.70000000,19.71000000,19.70000000,19.70000000,274.15000000,1630688159999,5403.36420000,15,251.75000000,4961.99250000,0
1630688160000,19.68000000,19.70000000,19.68000000,19.70000000,6.33000000,1630688219999,124.65000000,3,6.33000000,124.65000000,0
1630688220000,19.72000000,19.72000000,19.72000000,19.72000000,0.78000000,1630688279999,15.38160000,1,0.78000000,15.38160000,0
1630688280000,19.71000000,19.71000000,19.69000000,19.69000000,3.08000000,1630688339999,60.69600000,2,2.54000000,50.06340000,0
1630688340000,19.69000000,19.69000000,19.69000000,19.69000000,8.83000000,1630688399999,173.86270000,4,0.00000000,0.00000000,0
1630688400000,19.70000000,19.71000000,19.66000000,19.69000000,65.42000000,1630688459999,1287.17040000,17,18.93000000,372.81250000,0
1630688460000,19.70000000,19.70000000,19.67000000,19.67000000,46.91000000,1630688519999,923.01340000,2,9.79000000,192.86300000,0
1630688520000,19.70000000,19.70000000,19.66000000,19.66000000,46.22000000,1630688579999,908.92040000,7,5.88000000,115.83600000,0
1630688580000,19.69000000,19.69000000,19.66000000,19.69000000,7.52000000,1630688639999,147.94220000,4,3.30000000,64.97700000,0
1630688640000,19.67000000,19.69000000,19.66000000,19.69000000,93.06000000,1630688699999,1830.09100000,4,7.43000000,146.29670000,0
1630688700000,19.69000000,19.72000000,19.69000000,19.72000000,749.14000000,1630688759999,14757.64110000,15,749.14000000,14757.64110000,0
1630688760000,19.72000000,19.74000000,19.72000000,19.73000000,263.75000000,1630688819999,5202.19970000,14,259.00000000,5108.48220000,0
1630688820000,19.73000000,19.73000000,19.73000000,19.73000000,0.00000000,1630688879999,0.00000000,0,0.00000000,0.00000000,0
1630688880000,19.76000000,19.76000000,19.74000000,19.74000000,6.80000000,1630688939999,134.34100000,3,5.45000000,107.69200000,0
1630688940000,19.73000000,19.77000000,19.73000000,19.77000000,116.20000000,1630688999999,2295.98800000,10,111.71000000,2207.40030000,0
1630689000000,19.75000000,19.77000000,19.73000000,19.77000000,67.07000000,1630689059999,1324.99380000,7,38.96000000,769.83310000,0
1630689060000,19.74000000,19.76000000,19.74000000,19.76000000,51.54000000,1630689119999,1018.12910000,6,30.27000000,598.13520000,0
1630689120000,19.76000000,19.79000000,19.76000000,19.77000000,136.15000000,1630689179999,2692.74520000,14,99.03000000,1958.89280000,0
1630689180000,19.77000000,19.86000000,19.76000000,19.83000000,4143.27000000,1630689239999,82167.49480000,74,3854.07000000,76433.62840000,0
1630689240000,19.85000000,19.88000000,19.80000000,19.84000000,317.71000000,1630689299999,6303.84370000,46,124.63000000,2471.22370000,0
1630689300000,19.84000000,19.86000000,19.83000000,19.84000000,117.33000000,1630689359999,2329.42760000,8,39.08000000,775.48010000,0
1630689360000,19.84000000,19.85000000,19.81000000,19.84000000,134.19000000,1630689419999,2661.70830000,30,52.96000000,1050.90400000,0
1630689420000,19.84000000,19.84000000,19.81000000,19.84000000,21.34000000,1630689479999,423.36070000,9,20.51000000,406.91840000,0
1630689480000,19.84000000,19.85000000,19.78000000,19.78000000,994.04000000,1630689539999,19709.35170000,37,157.70000000,3128.99360000,0
1630689540000,19.79000000,19.79000000,19.75000000,19.79000000,12.62000000,1630689599999,249.47460000,10,4.93000000,97.52630000,0
1630689600000,19.79000000,19.79000000,19.77000000,19.77000000,13.96000000,1630689659999,276.16600000,5,13.96000000,276.16600000,0
1630689660000,19.77000000,19.77000000,19.73000000,19.75000000,81.97000000,1630689719999,1618.42310000,30,40.60000000,801.88920000,0
1630689720000,19.78000000,19.81000000,19.78000000,19.81000000,71.39000000,1630689779999,1412.67550000,16,71.39000000,1412.67550000,0
1630689780000,19.84000000,19.85000000,19.70000000,19.81000000,7553.20000000,1630689839999,149380.82540000,84,764.06000000,15082.21910000,0
1630689840000,19.82000000,19.85000000,19.82000000,19.82000000,719.75000000,1630689899999,14274.59210000,29,43.41000000,860.73330000,0
1630689900000,19.84000000,19.91000000,19.84000000,19.89000000,854.91000000,1630689959999,16982.55120000,34,293.34000000,5826.55770000,0
1630689960000,19.90000000,19.96000000,19.90000000,19.95000000,190.91000000,1630690019999,3805.32560000,35,181.01000000,3608.11860000,0
1630690020000,19.95000000,19.96000000,19.94000000,19.95000000,222.42000000,1630690079999,4436.48980000,12,24.60000000,490.81450000,0
1630690080000,19.96000000,19.98000000,19.95000000,19.98000000,184.60000000,1630690139999,3687.01000000,32,160.22000000,3200.34660000,0
1630690140000,19.98000000,19.99000000,19.97000000,19.97000000,90.69000000,1630690199999,1811.94460000,15,79.13000000,1581.02250000,0
1630690200000,19.97000000,19.98000000,19.91000000,19.92000000,1283.38000000,1630690259999,25596.46050000,28,207.21000000,4127.69880000,0
1630690260000,19.94000000,19.96000000,19.93000000,19.96000000,121.34000000,1630690319999,2421.05900000,13,75.28000000,1502.17320000,0
1630690320000,19.96000000,19.96000000,19.95000000,19.96000000,35.82000000,1630690379999,714.96130000,7,35.23000000,703.19080000,0
1630690380000,19.96000000,19.97000000,19.95000000,19.97000000,2266.72000000,1630690439999,45223.78170000,17,227.91000000,4549.52220000,0
1630690440000,19.97000000,19.97000000,19.96000000,19.96000000,27.90000000,1630690499999,556.95320000,4,27.90000000,556.95320000,0
1630690500000,19.96000000,19.97000000,19.95000000,19.97000000,140.95000000,1630690559999,2812.92470000,13,55.15000000,1101.09470000,0
1630690560000,19.97000000,19.99000000,19.95000000,19.95000000,187.42000000,1630690619999,3743.59610000,21,127.38000000,2545.24480000,0
1630690620000,19.96000000,20.02000000,19.96000000,19.99000000,979.74000000,1630690679999,19595.14000000,87,771.32000000,15428.08640000,0
1630690680000,19.99000000,20.01000000,19.98000000,19.98000000,149.35000000,1630690739999,2985.99090000,13,122.18000000,2443.13430000,0
1630690740000,19.99000000,20.00000000,19.98000000,20.00000000,143.82000000,1630690799999,2875.05600000,11,89.22000000,1784.03640000,0
1630690800000,20.00000000,20.02000000,19.98000000,19.98000000,436.23000000,1630690859999,8729.33890000,18,376.35000000,7531.84240000,0
1630690860000,19.99000000,20.00000000,19.99000000,19.99000000,207.53000000,1630690919999,4148.86230000,12,76.78000000,1535.16980000,0
1630690920000,20.00000000,20.02000000,20.00000000,20.01000000,396.04000000,1630690979999,7924.19700000,10,267.36000000,5350.34120000,0
1630690980000,20.01000000,20.02000000,20.01000000,20.01000000,345.72000000,1630691039999,6919.31160000,17,181.22000000,3627.55120000,0
1630691040000,20.01000000,20.02000000,20.00000000,20.01000000,66.27000000,1630691099999,1325.91180000,9,56.63000000,1133.11180000,0
1630691100000,20.00000000,20.01000000,20.00000000,20.00000000,94.76000000,1630691159999,1895.40230000,15,20.23000000,404.80230000,0
1630691160000,20.00000000,20.00000000,20.00000000,20.00000000,60.75000000,1630691219999,1215.00000000,4,51.56000000,1031.20000000,0
1630691220000,20.00000000,20.02000000,19.99000000,19.99000000,304.98000000,1630691279999,6097.21570000,14,59.73000000,1194.66820000,0
1630691280000,19.99000000,20.00000000,19.98000000,19.98000000,1049.35000000,1630691339999,20976.46360000,54,82.76000000,1654.51490000,0
1630691340000,19.98000000,19.99000000,19.98000000,19.98000000,222.20000000,1630691399999,4441.73280000,14,217.68000000,4351.42320000,0
1630691400000,20.00000000,20.00000000,19.98000000,19.98000000,17.15000000,1630691459999,342.75860000,5,5.08000000,101.60000000,0
1630691460000,19.98000000,20.00000000,19.98000000,20.00000000,567.80000000,1630691519999,11348.69820000,29,269.25000000,5383.66920000,0
1630691520000,20.00000000,20.01000000,19.98000000,19.98000000,2445.95000000,1630691579999,48892.57360000,25,71.01000000,1420.66170000,0
1630691580000,19.98000000,19.99000000,19.95000000,19.96000000,2341.41000000,1630691639999,46747.63650000,38,107.59000000,2149.14940000,0
1630691640000,19.96000000,19.98000000,19.96000000,19.98000000,289.44000000,1630691699999,5777.33120000,9,5.44000000,108.69120000,0
1630691700000,19.96000000,19.96000000,19.96000000,19.96000000,10.70000000,1630691759999,213.57200000,2,0.00000000,0.00000000,0
1630691760000,19.98000000,19.98000000,19.96000000,19.97000000,179.81000000,1630691819999,3591.04760000,16,179.28000000,3580.46880000,0
1630691820000,19.97000000,19.97000000,19.97000000,19.97000000,67.28000000,1630691879999,1343.58160000,9,67.28000000,1343.58160000,0
1630691880000,19.97000000,19.97000000,19.96000000,19.96000000,44.95000000,1630691939999,897.63130000,9,42.93000000,857.31210000,0
1630691940000,19.97000000,19.97000000,19.97000000,19.97000000,18.71000000,1630691999999,373.63870000,2,18.71000000,373.63870000,0
1630692000000,19.97000000,19.98000000,19.95000000,19.96000000,293.19000000,1630692059999,5853.19430000,25,42.63000000,851.50870000,0
1630692060000,19.96000000,19.97000000,19.96000000,19.96000000,252.99000000,1630692119999,5049.72890000,10,4.85000000,96.85450000,0
1630692120000,19.96000000,19.96000000,19.95000000,19.95000000,221.91000000,1630692179999,4428.96100000,12,0.00000000,0.00000000,0
1630692180000,19.95000000,19.96000000,19.95000000,19.95000000,94.38000000,1630692239999,1883.03730000,4,15.63000000,311.97480000,0
1630692240000,19.95000000,19.95000000,19.91000000,19.92000000,4469.95000000,1630692299999,89055.21570000,54,357.40000000,7119.40610000,0
1630692300000,19.93000000,19.94000000,19.92000000,19.92000000,106.49000000,1630692359999,2121.89290000,11,59.37000000,1183.26250000,0
1630692360000,19.94000000,19.94000000,19.92000000,19.92000000,82.14000000,1630692419999,1637.30980000,5,53.30000000,1062.80200000,0
1630692420000,19.94000000,19.94000000,19.92000000,19.92000000,47.25000000,1630692479999,941.45040000,6,20.13000000,401.22000000,0
1630692480000,19.94000000,20.01000000,19.93000000,19.94000000,7089.38000000,1630692539999,141626.41600000,93,2807.20000000,56122.95500000,0
1630692540000,19.95000000,19.95000000,19.95000000,19.95000000,63.82000000,1630692599999,1273.20900000,8,63.82000000,1273.20900000,0
1630692600000,19.95000000,20.01000000,19.95000000,20.00000000,336.59000000,1630692659999,6723.26150000,19,294.86000000,5888.66150000,0
1630692660000,20.01000000,20.03000000,20.01000000,20.02000000,183.21000000,1630692719999,3668.10380000,11,179.89000000,3601.67060000,0
1630692720000,20.02000000,20.02000000,20.01000000,20.01000000,53.47000000,1630692779999,1070.41350000,12,47.88000000,958.55760000,0
1630692780000,20.01000000,20.02000000,20.01000000,20.02000000,67.35000000,1630692839999,1347.79460000,7,12.11000000,242.44220000,0
1630692840000,20.02000000,20.02000000,20.01000000,20.02000000,306.74000000,1630692899999,6138.49900000,15,63.16000000,1264.46320000,0
1630692900000,20.02000000,20.02000000,20.01000000,20.02000000,245.59000000,1630692959999,4916.40160000,18,214.57000000,4295.69140000,0
1630692960000,20.02000000,20.02000000,20.02000000,20.02000000,126.79000000,1630693019999,2538.33580000,17,126.79000000,2538.33580000,0
1630693020000,20.02000000,20.02000000,20.01000000,20.02000000,93.23000000,1630693079999,1866.42060000,11,60.89000000,1219.01780000,0
1630693080000,20.02000000,20.02000000,20.02000000,20.02000000,153.58000000,1630693139999,3074.67160000,12,153.58000000,3074.67160000,0
1630693140000,20.01000000,20.02000000,20.01000000,20.02000000,31.65000000,1630693199999,633.45530000,6,10.81000000,216.41620000,0
1630693200000,20.02000000,20.02000000,20.02000000,20.02000000,10.76000000,1630693259999,215.41520000,7,10.76000000,215.41520000,0
1630693260000,20.01000000,20.03000000,20.01000000,20.02000000,281.20000000,1630693319999,5629.56710000,15,144.44000000,2892.84700000,0
1630693320000,20.02000000,20.02000000,20.01000000,20.01000000,363.38000000,1630693379999,7271.56530000,14,33.15000000,663.66300000,0
1630693380000,20.01000000,20.02000000,20.00000000,20.01000000,442.81000000,1630693439999,8860.07960000,16,140.14000000,2805.42960000,0
1630693440000,20.01000000,20.02000000,20.01000000,20.01000000,142.35000000,1630693499999,2848.42860000,23,142.35000000,2848.42860000,0
1630693500000,20.01000000,20.01000000,20.01000000,20.01000000,23.62000000,1630693559999,472.63620000,4,23.62000000,472.63620000,0
1630693560000,20.00000000,20.01000000,19.99000000,19.99000000,2822.64000000,1630693619999,56432.40600000,14,69.40000000,1388.59600000,0
1630693620000,19.99000000,20.00000000,19.99000000,20.00000000,11.11000000,1630693679999,222.17610000,4,8.72000000,174.40000000,0
1630693680000,20.00000000,20.00000000,19.99000000,20.00000000,53.65000000,1630693739999,1072.69370000,9,4.80000000,96.00000000,0
1630693740000,20.00000000,20.00000000,19.99000000,20.00000000,83.12000000,1630693799999,1662.37000000,15,80.12000000,1602.40000000,0
1630693800000,20.01000000,20.02000000,20.00000000,20.01000000,277.24000000,1630693859999,5548.51980000,12,271.40000000,5431.71980000,0
1630693860000,20.01000000,20.01000000,20.00000000,20.00000000,16.24000000,1630693919999,324.81560000,10,1.56000000,31.21560000,0
1630693920000,20.00000000,20.00000000,19.99000000,19.99000000,169.82000000,1630693979999,3395.20930000,9,0.00000000,0.00000000,0
1630693980000,20.00000000,20.02000000,20.00000000,20.02000000,121.57000000,1630694039999,2432.68700000,11,121.57000000,2432.68700000,0
1630694040000,20.00000000,20.01000000,20.00000000,20.01000000,35.31000000,1630694099999,706.28070000,8,8.07000000,161.48070000,0
1630694100000,20.01000000,20.01000000,20.01000000,20.01000000,34.41000000,1630694159999,688.54410000,5,34.41000000,688.54410000,0
1630694160000,20.01000000,20.01000000,20.00000000,20.01000000,14.46000000,1630694219999,289.30680000,4,10.68000000,213.70680000,0
1630694220000,20.01000000,20.01000000,20.01000000,20.01000000,8.49000000,1630694279999,169.88490000,4,8.49000000,169.88490000,0
1630694280000,20.01000000,20.02000000,20.00000000,20.01000000,618.16000000,1630694339999,12370.45400000,24,378.51000000,7576.52440000,0
1630694340000,20.00000000,20.01000000,19.99000000,19.99000000,470.02000000,1630694399999,9400.77910000,7,93.26000000,1865.59520000,0
1630694400000,19.99000000,19.99000000,19.99000000,19.99000000,8.98000000,1630694459999,179.51020000,3,0.00000000,0.00000000,0
1630694460000,20.00000000,20.02000000,19.99000000,20.00000000,403.78000000,1630694519999,8077.05910000,13,268.58000000,5374.41110000,0
1630694520000,19.99000000,20.02000000,19.99000000,20.01000000,501.84000000,1630694579999,10041.62700000,19,385.51000000,7714.72590000,0
1630694580000,20.02000000,20.02000000,20.02000000,20.02000000,6.29000000,1630694639999,125.92580000,3,6.29000000,125.92580000,0
1630694640000,20.00000000,20.00000000,19.99000000,20.00000000,444.30000000,1630694699999,8885.90350000,23,434.65000000,8693.00000000,0
1630694700000,20.00000000,20.00000000,19.99000000,20.00000000,13.58000000,1630694759999,271.57990000,6,11.57000000,231.40000000,0
1630694760000,20.00000000,20.00000000,19.99000000,19.99000000,6.07000000,1630694819999,121.34650000,2,0.72000000,14.40000000,0
1630694820000,19.99000000,19.99000000,19.99000000,19.99000000,55.43000000,1630694879999,1108.04570000,2,0.00000000,0.00000000,0
1630694880000,19.99000000,20.00000000,19.99000000,20.00000000,20.54000000,1630694939999,410.70150000,6,10.69000000,213.80000000,0
1630694940000,20.00000000,20.00000000,19.98000000,19.99000000,1340.17000000,1630694999999,26783.44330000,31,156.97000000,3138.38890000,0
1630695000000,19.98000000,20.02000000,19.98000000,20.01000000,2493.61000000,1630695059999,49834.42120000,20,456.13000000,9125.57080000,0
1630695060000,20.01000000,20.02000000,20.00000000,20.00000000,385.80000000,1630695119999,7720.47300000,31,342.60000000,6856.47300000,0
1630695120000,20.02000000,20.03000000,20.01000000,20.03000000,153.73000000,1630695179999,3077.42990000,9,153.73000000,3077.42990000,0
1630695180000,20.01000000,20.03000000,20.00000000,20.01000000,766.50000000,1630695239999,15340.47190000,35,510.09000000,10210.90160000,0
1630695240000,20.01000000,20.01000000,20.01000000,20.01000000,71.86000000,1630695299999,1437.91860000,13,71.86000000,1437.91860000,0
1630695300000,20.01000000,20.02000000,20.01000000,20.01000000,102.23000000,1630695359999,2045.79560000,9,49.23000000,985.26560000,0
1630695360000,20.00000000,20.03000000,20.00000000,20.01000000,28.94000000,1630695419999,579.12460000,8,23.31000000,466.52460000,0
1630695420000,20.01000000,20.03000000,19.98000000,19.99000000,767.29000000,1630695479999,15352.13760000,23,319.21000000,6391.15390000,0
1630695480000,20.00000000,20.01000000,19.98000000,19.98000000,86.53000000,1630695539999,1730.69240000,6,30.85000000,617.20600000,0
1630695540000,19.98000000,20.00000000,19.98000000,20.00000000,51.63000000,1630695599999,1032.10800000,5,36.87000000,737.20320000,0
1630695600000,19.99000000,20.03000000,19.99000000,20.01000000,274.15000000,1630695659999,5484.23210000,21,274.15000000,5484.23210000,0
1630695660000,20.01000000,20.02000000,20.00000000,20.01000000,29.60000000,1630695719999,592.20810000,5,29.60000000,592.20810000,0
1630695720000,20.00000000,20.00000000,19.98000000,19.98000000,3.48000000,1630695779999,69.55040000,2,3.48000000,69.55040000,0
1630695780000,19.98000000,19.98000000,19.98000000,19.98000000,9.06000000,1630695839999,181.01880000,3,9.06000000,181.01880000,0
1630695840000,19.99000000,19.99000000,19.97000000,19.97000000,58.35000000,1630695899999,1166.31240000,6,49.93000000,998.01140000,0
1630695900000,19.99000000,20.01000000,19.97000000,20.00000000,184.96000000,1630695959999,3698.64850000,27,178.46000000,3568.84350000,0
1630695960000,19.99000000,19.99000000,19.99000000,19.99000000,9.67000000,1630696019999,193.30330000,2,9.67000000,193.30330000,0
1630696020000,19.99000000,19.99000000,19.98000000,19.98000000,45.87000000,1630696079999,916.89130000,10,40.27000000,804.99730000,0
1630696080000,19.97000000,19.98000000,19.95000000,19.97000000,362.40000000,1630696139999,7234.19180000,26,113.56000000,2267.03570000,0
1630696140000,19.96000000,19.96000000,19.95000000,19.95000000,135.41000000,1630696199999,2702.33750000,12,59.95000000,1196.60200000,0
1630696200000,19.95000000,19.98000000,19.95000000,19.98000000,39.37000000,1630696259999,786.07050000,8,25.23000000,503.97750000,0
1630696260000,19.98000000,19.98000000,19.96000000,19.96000000,17.72000000,1630696319999,353.89770000,5,13.72000000,274.05770000,0
1630696320000,19.96000000,19.99000000,19.96000000,19.96000000,216.67000000,1630696379999,4327.89500000,23,125.95000000,2516.62440000,0
1630696380000,19.97000000,19.98000000,19.96000000,19.96000000,31.07000000,1630696439999,620.49200000,7,26.06000000,520.49240000,0
1630696440000,19.97000000,19.97000000,19.97000000,19.97000000,5.00000000,1630696499999,99.85000000,2,0.00000000,0.00000000,0
1630696500000,19.96000000,19.97000000,19.96000000,19.96000000,218.94000000,1630696559999,4370.18470000,31,166.92000000,3331.86550000,0
1630696560000,19.95000000,19.97000000,19.95000000,19.96000000,85.40000000,1630696619999,1705.04770000,13,79.69000000,1591.08240000,0
1630696620000,19.97000000,19.98000000,19.97000000,19.98000000,13.49000000,1630696679999,269.43830000,4,13.49000000,269.43830000,0
1630696680000,19.98000000,19.99000000,19.97000000,19.99000000,175.39000000,1630696739999,3504.27120000,48,165.41000000,3304.90680000,0
1630696740000,19.99000000,19.99000000,19.97000000,19.97000000,88.28000000,1630696799999,1764.43830000,10,65.93000000,1317.91540000,0
1630696800000,19.97000000,19.98000000,19.97000000,19.97000000,4.64000000,1630696859999,92.66620000,4,0.54000000,10.78920000,0
1630696860000,19.97000000,19.97000000,19.97000000,19.97000000,0.00000000,1630696919999,0.00000000,0,0.00000000,0.00000000,0
1630696920000,19.98000000,19.99000000,19.97000000,19.99000000,14.83000000,1630696979999,296.35260000,4,14.20000000,283.77150000,0
1630696980000,19.98000000,20.00000000,19.98000000,20.00000000,133.87000000,1630697039999,2677.38740000,9,133.24000000,2664.80000000,0
1630697040000,20.00000000,20.00000000,19.99000000,19.99000000,55.75000000,1630697099999,1114.96710000,8,46.46000000,929.20000000,0
1630697100000,20.01000000,20.01000000,19.98000000,19.98000000,70.51000000,1630697159999,1409.39380000,5,4.80000000,96.04800000,0
1630697160000,20.00000000,20.03000000,20.00000000,20.03000000,724.50000000,1630697219999,14505.02360000,23,724.50000000,14505.02360000,0
1630697220000,20.01000000,20.01000000,20.00000000,20.00000000,19.37000000,1630697279999,387.54920000,6,2.50000000,50.02500000,0
1630697280000,20.00000000,20.02000000,20.00000000,20.02000000,20.97000000,1630697339999,419.74220000,3,19.97000000,399.72220000,0
1630697340000,20.00000000,20.00000000,20.00000000,20.00000000,61.73000000,1630697399999,1234.60000000,4,0.00000000,0.00000000,0
1630697400000,20.03000000,20.03000000,20.03000000,20.03000000,4.79000000,1630697459999,95.94370000,2,4.79000000,95.94370000,0
1630697460000,20.03000000,20.03000000,20.03000000,20.03000000,17.49000000,1630697519999,350.32470000,2,17.49000000,350.32470000,0
1630697520000,20.00000000,20.01000000,19.98000000,20.01000000,131.92000000,1630697579999,2637.96490000,30,21.72000000,434.61720000,0
1630697580000,19.98000000,20.02000000,19.97000000,20.02000000,135.64000000,1630697639999,2712.70240000,36,100.04000000,2001.45770000,0
1630697640000,20.00000000,20.02000000,19.99000000,20.02000000,4.61000000,1630697699999,92.21410000,5,1.71000000,34.22220000,0
1630697700000,19.99000000,19.99000000,19.99000000,19.99000000,7.44000000,1630697759999,148.72560000,4,0.00000000,0.00000000,0
1630697760000,19.99000000,19.99000000,19.99000000,19.99000000,0.00000000,1630697819999,0.00000000,0,0.00000000,0.00000000,0
1630697820000,20.00000000,20.02000000,19.99000000,20.02000000,116.64000000,1630697879999,2332.00550000,12,14.45000000,289.18620000,0
1630697880000,20.02000000,20.02000000,19.97000000,19.97000000,184.95000000,1630697939999,3695.94940000,17,4.51000000,90.29020000,0
1630697940000,20.00000000,20.00000000,20.00000000,20.00000000,7.98000000,1630697999999,159.60000000,5,7.98000000,159.60000000,0
1630698000000,19.98000000,19.99000000,19.97000000,19.99000000,87.73000000,1630698059999,1752.34630000,14,5.67000000,113.34330000,0
1630698060000,20.01000000,20.02000000,19.98000000,19.98000000,44.55000000,1630698119999,891.27990000,20,32.80000000,656.40600000,0
1630698120000,20.01000000,20.01000000,20.00000000,20.01000000,55.00000000,1630698179999,1100.17440000,7,55.00000000,1100.17440000,0
1630698180000,19.98000000,19.98000000,19.98000000,19.98000000,5.14000000,1630698239999,102.69720000,2,0.00000000,0.00000000,0
1630698240000,19.99000000,20.00000000,19.99000000,20.00000000,143.39000000,1630698299999,2867.55820000,15,143.39000000,2867.55820000,0
1630698300000,19.98000000,20.00000000,19.84000000,19.90000000,2490.31000000,1630698359999,49608.83890000,174,712.77000000,14202.45950000,0
1630698360000,19.89000000,19.95000000,19.89000000,19.95000000,370.98000000,1630698419999,7396.23590000,57,365.97000000,7296.58700000,0
1630698420000,19.95000000,19.96000000,19.94000000,19.94000000,15.67000000,1630698479999,312.61160000,6,15.67000000,312.61160000,0
1630698480000,19.94000000,20.03000000,19.92000000,20.01000000,915.83000000,1630698539999,18302.63600000,37,805.18000000,16097.45390000,0
1630698540000,20.01000000,20.02000000,19.96000000,19.96000000,383.04000000,1630698599999,7661.65590000,17,179.28000000,3586.02110000,0
1630698600000,19.95000000,19.96000000,19.95000000,19.95000000,306.67000000,1630698659999,6119.42050000,76,278.57000000,5558.82550000,0
1630698660000,19.95000000,20.04000000,19.94000000,20.02000000,699.56000000,1630698719999,13992.84100000,50,380.44000000,7603.06280000,0
1630698720000,20.02000000,20.02000000,19.99000000,19.99000000,54.46000000,1630698779999,1089.32540000,6,21.94000000,439.23880000,0
1630698780000,20.00000000,20.00000000,19.95000000,19.99000000,294.41000000,1630698839999,5876.84930000,22,14.55000000,290.87320000,0
1630698840000,19.99000000,19.99000000,19.99000000,19.99000000,101.15000000,1630698899999,2021.98850000,13,101.15000000,2021.98850000,0
1630698900000,19.96000000,19.99000000,19.96000000,19.99000000,96.32000000,1630698959999,1925.27900000,4,69.21000000,1383.50790000,0
1630698960000,20.00000000,20.00000000,19.98000000,19.99000000,6.61000000,1630699019999,132.13900000,3,1.61000000,32.18900000,0
1630699020000,20.01000000,20.01000000,20.01000000,20.01000000,28.80000000,1630699079999,576.28800000,3,28.80000000,576.28800000,0
1630699080000,20.01000000,20.01000000,19.99000000,20.00000000,30.54000000,1630699139999,610.65430000,6,5.59000000,111.85590000,0
1630699140000,20.00000000,20.02000000,19.99000000,20.02000000,122.19000000,1630699199999,2446.09140000,7,121.21000000,2426.50120000,0
1630699200000,20.02000000,20.02000000,20.02000000,20.02000000,6.04000000,1630699259999,120.92080000,3,6.04000000,120.92080000,0
1630699260000,19.99000000,19.99000000,19.99000000,19.99000000,8.85000000,1630699319999,176.91150000,2,0.00000000,0.00000000,0
1630699320000,19.99000000,19.99000000,19.99000000,19.99000000,0.00000000,1630699379999,0.00000000,0,0.00000000,0.00000000,0
1630699380000,19.99000000,19.99000000,19.97000000,19.97000000,18.43000000,1630699439999,368.14590000,10,0.00000000,0.00000000,0
1630699440000,19.95000000,19.95000000,19.95000000,19.95000000,17.69000000,1630699499999,352.91550000,4,0.00000000,0.00000000,0
1630699500000,19.95000000,19.98000000,19.95000000,19.98000000,5.45000000,1630699559999,108.80310000,3,2.52000000,50.34960000,0
1630699560000,19.95000000,20.00000000,19.95000000,19.96000000,44.11000000,1630699619999,880.83960000,6,13.08000000,261.47680000,0
1630699620000,19.96000000,19.97000000,19.94000000,19.97000000,75.56000000,1630699679999,1508.07680000,24,46.40000000,926.39460000,0
1630699680000,20.00000000,20.00000000,19.97000000,19.97000000,10.04000000,1630699739999,200.75530000,2,8.55000000,171.00000000,0
1630699740000,20.00000000,20.00000000,19.97000000,19.97000000,77.32000000,1630699799999,1544.12540000,5,1.50000000,30.00000000,0
1630699800000,19.97000000,20.00000000,19.97000000,20.00000000,22.72000000,1630699859999,454.28810000,4,19.80000000,395.95200000,0
1630699860000,19.99000000,19.99000000,19.99000000,19.99000000,4.75000000,1630699919999,94.95250000,1,4.75000000,94.95250000,0
1630699920000,19.99000000,20.00000000,19.97000000,19.97000000,118.31000000,1630699979999,2363.01570000,8,12.80000000,255.97140000,0
1630699980000,19.98000000,20.01000000,19.98000000,20.01000000,54.15000000,1630700039999,1082.94880000,7,49.09000000,981.85000000,0
1630700040000,20.02000000,20.03000000,20.00000000,20.03000000,132.29000000,1630700099999,2648.42630000,16,131.28000000,2628.22630000,0
1630700100000,20.03000000,20.03000000,20.00000000,20.00000000,6.95000000,1630700159999,139.16170000,4,5.39000000,107.96170000,0
1630700160000,19.98000000,19.98000000,19.94000000,19.96000000,531.47000000,1630700219999,10606.97060000,20,0.50000000,9.98000000,0
1630700220000,19.95000000,20.15000000,19.89000000,19.97000000,8130.31000000,1630700279999,162713.76790000,324,5297.07000000,106022.10830000,0
1630700280000,19.96000000,19.97000000,19.84000000,19.89000000,3695.17000000,1630700339999,73533.66430000,134,2013.68000000,40077.25260000,0
1630700340000,19.88000000,19.88000000,19.78000000,19.81000000,3548.55000000,1630700399999,70284.92300000,95,1207.33000000,23908.62680000,0
1630700400000,19.81000000,19.81000000,19.74000000,19.76000000,1037.48000000,1630700459999,20506.34850000,59,561.75000000,11102.27940000,0
1630700460000,19.75000000,19.75000000,19.72000000,19.75000000,499.85000000,1630700519999,9864.26930000,28,419.06000000,8269.67110000,0
1630700520000,19.76000000,19.76000000,19.71000000,19.71000000,223.68000000,1630700579999,4410.88910000,30,27.48000000,542.64680000,0
1630700580000,19.74000000,19.75000000,19.63000000,19.63000000,1701.11000000,1630700639999,33430.02010000,79,59.31000000,1169.81720000,0
1630700640000,19.67000000,19.77000000,19.62000000,19.76000000,3999.19000000,1630700699999,78805.82760000,101,3190.09000000,62867.93730000,0
1630700700000,19.78000000,19.81000000,19.77000000,19.80000000,723.72000000,1630700759999,14331.61690000,23,553.74000000,10965.30730000,0
1630700760000,19.82000000,19.84000000,19.78000000,19.82000000,326.17000000,1630700819999,6459.82670000,37,217.31000000,4306.25250000,0
1630700820000,19.84000000,19.84000000,19.74000000,19.77000000,183.76000000,1630700879999,3631.29680000,32,35.84000000,708.94500000,0
1630700880000,19.78000000,19.78000000,19.76000000,19.76000000,50.93000000,1630700939999,1006.71020000,4,0.00000000,0.00000000,0
1630700940000,19.75000000,19.78000000,19.75000000,19.76000000,29.67000000,1630700999999,586.14440000,15,7.24000000,143.14660000,0
1630701000000,19.77000000,19.81000000,19.77000000,19.81000000,222.23000000,1630701059999,4399.13260000,19,222.23000000,4399.13260000,0
1630701060000,19.84000000,19.84000000,19.81000000,19.81000000,19.02000000,1630701119999,377.29230000,6,16.87000000,334.70080000,0
1630701120000,19.84000000,19.84000000,19.84000000,19.84000000,9.70000000,1630701179999,192.44800000,1,9.70000000,192.44800000,0
1630701180000,19.80000000,19.80000000,19.80000000,19.80000000,26.84000000,1630701239999,531.43200000,3,0.00000000,0.00000000,0
1630701240000,19.80000000,19.80000000,19.80000000,19.80000000,5.51000000,1630701299999,109.09800000,2,0.00000000,0.00000000,0
1630701300000,19.82000000,19.82000000,19.80000000,19.80000000,48.40000000,1630701359999,958.48540000,7,7.01000000,138.93820000,0
1630701360000,19.79000000,19.79000000,19.79000000,19.79000000,3.26000000,1630701419999,64.51540000,1,0.00000000,0.00000000,0
1630701420000,19.82000000,19.83000000,19.82000000,19.83000000,76.29000000,1630701479999,1512.26870000,5,72.14000000,1429.97420000,0
1630701480000,19.82000000,19.86000000,19.82000000,19.85000000,105.88000000,1630701539999,2102.11350000,9,102.89000000,2042.78840000,0
1630701540000,19.86000000,19.87000000,19.84000000,19.84000000,114.15000000,1630701599999,2264.90240000,5,5.88000000,116.82560000,0
1630701600000,19.84000000,19.84000000,19.83000000,19.83000000,13.57000000,1630701659999,269.19260000,3,4.83000000,95.82720000,0
1630701660000,19.83000000,19.83000000,19.81000000,19.81000000,84.64000000,1630701719999,1676.81240000,14,3.62000000,71.78460000,0
1630701720000,19.82000000,19.84000000,19.80000000,19.84000000,42.01000000,1630701779999,833.27190000,6,36.17000000,717.59140000,0
1630701780000,19.85000000,19.89000000,19.85000000,19.87000000,810.25000000,1630701839999,16102.37030000,37,806.39000000,16025.70270000,0
1630701840000,19.87000000,19.87000000,19.80000000,19.80000000,152.06000000,1630701899999,3018.10680000,16,0.00000000,0.00000000,0
1630701900000,19.78000000,19.80000000,19.78000000,19.80000000,12.49000000,1630701959999,247.20220000,4,0.00000000,0.00000000,0
1630701960000,19.78000000,19.78000000,19.78000000,19.78000000,1.56000000,1630702019999,30.85680000,1,0.00000000,0.00000000,0
1630702020000,19.78000000,19.78000000,19.78000000,19.78000000,0.00000000,1630702079999,0.00000000,0,0.00000000,0.00000000,0
1630702080000,19.81000000,19.81000000,19.80000000,19.81000000,8.21000000,1630702139999,162.63460000,3,1.06000000,20.99310000,0
1630702140000,19.78000000,19.78000000,19.78000000,19.78000000,1.34000000,1630702199999,26.50520000,1,0.00000000,0.00000000,0
1630702200000,19.78000000,19.78000000,19.78000000,19.78000000,0.00000000,1630702259999,0.00000000,0,0.00000000,0.00000000,0
1630702260000,19.78000000,19.79000000,19.78000000,19.79000000,14.40000000,1630702319999,284.88720000,5,0.00000000,0.00000000,0
1630702320000,19.79000000,19.79000000,19.78000000,19.78000000,69.07000000,1630702379999,1366.47050000,14,0.00000000,0.00000000,0
1630702380000,19.79000000,19.80000000,19.79000000,19.80000000,52.58000000,1630702439999,1040.82040000,16,25.27000000,500.34600000,0
1630702440000,19.82000000,19.83000000,19.82000000,19.83000000,45.65000000,1630702499999,904.97190000,3,45.65000000,904.97190000,0
1630702500000,19.83000000,19.83000000,19.79000000,19.79000000,15.06000000,1630702559999,298.18750000,7,1.18000000,23.39940000,0
1630702560000,19.80000000,19.83000000,19.79000000,19.81000000,136.39000000,1630702619999,2702.53400000,32,99.65000000,1975.13320000,0
1630702620000,19.83000000,19.85000000,19.82000000,19.85000000,83.33000000,1630702679999,1652.99500000,15,81.83000000,1623.26500000,0
1630702680000,19.85000000,19.85000000,19.81000000,19.81000000,142.57000000,1630702739999,2825.98520000,8,7.15000000,141.92750000,0
1630702740000,19.80000000,19.82000000,19.79000000,19.79000000,67.24000000,1630702799999,1331.22680000,14,9.83000000,194.83060000,0
1630702800000,19.80000000,19.80000000,19.78000000,19.80000000,28.02000000,1630702859999,554.58680000,7,1.53000000,30.29400000,0
1630702860000,19.79000000,19.84000000,19.79000000,19.81000000,96.43000000,1630702919999,1909.68120000,21,88.55000000,1753.57840000,0
1630702920000,19.81000000,19.82000000,19.81000000,19.82000000,15.77000000,1630702979999,312.45610000,3,0.00000000,0.00000000,0
1630702980000,19.84000000,19.86000000,19.84000000,19.86000000,83.56000000,1630703039999,1658.89580000,4,83.56000000,1658.89580000,0
1630703040000,19.83000000,19.83000000,19.80000000,19.80000000,128.22000000,1630703099999,2540.76150000,20,0.00000000,0.00000000,0
1630703100000,19.80000000,19.81000000,19.80000000,19.81000000,3.08000000,1630703159999,61.00480000,2,3.08000000,61.00480000,0
1630703160000,19.83000000,19.83000000,19.83000000,19.83000000,5.26000000,1630703219999,104.30580000,1,5.26000000,104.30580000,0
1630703220000,19.83000000,19.83000000,19.83000000,19.83000000,0.58000000,1630703279999,11.50140000,1,0.58000000,11.50140000,0
1630703280000,19.83000000,19.83000000,19.83000000,19.83000000,10.93000000,1630703339999,216.74190000,3,10.93000000,216.74190000,0
1630703340000,19.83000000,19.85000000,19.79000000,19.79000000,162.54000000,1630703399999,3222.23660000,19,98.64000000,1956.70510000,0
1630703400000,19.82000000,19.82000000,19.82000000,19.82000000,0.55000000,1630703459999,10.90100000,1,0.55000000,10.90100000,0
1630703460000,19.81000000,19.81000000,19.81000000,19.81000000,81.32000000,1630703519999,1610.94920000,6,81.32000000,1610.94920000,0
1630703520000,19.84000000,19.86000000,19.84000000,19.86000000,109.24000000,1630703579999,2167.54060000,17,109.24000000,2167.54060000,0
1630703580000,19.84000000,19.84000000,19.80000000,19.80000000,106.95000000,1630703639999,2118.87700000,16,0.00000000,0.00000000,0
1630703640000,19.82000000,19.82000000,19.82000000,19.82000000,23.76000000,1630703699999,470.92320000,2,23.76000000,470.92320000,0
1630703700000,19.82000000,19.83000000,19.80000000,19.83000000,91.86000000,1630703759999,1821.40890000,16,91.22000000,1808.73690000,0
1630703760000,19.83000000,19.83000000,19.83000000,19.83000000,5.62000000,1630703819999,111.44460000,1,0.00000000,0.00000000,0
1630703820000,19.82000000,19.82000000,19.82000000,19.82000000,14.89000000,1630703879999,295.11980000,4,8.83000000,175.01060000,0
1630703880000,19.82000000,19.84000000,19.82000000,19.84000000,16.22000000,1630703939999,321.50060000,3,16.22000000,321.50060000,0
1630703940000,19.84000000,19.84000000,19.81000000,19.84000000,46.79000000,1630703999999,927.84740000,8,31.25000000,620.00000000,0
1630704000000,19.84000000,19.84000000,19.84000000,19.84000000,18.11000000,1630704059999,359.30240000,9,15.49000000,307.32160000,0
1630704060000,19.83000000,19.83000000,19.82000000,19.82000000,22.63000000,1630704119999,448.65070000,4,0.00000000,0.00000000,0
1630704120000,19.81000000,19.82000000,19.81000000,19.82000000,107.78000000,1630704179999,2135.13180000,3,1.00000000,19.82000000,0
1630704180000,19.80000000,19.80000000,19.79000000,19.80000000,111.05000000,1630704239999,2197.77940000,3,9.99000000,197.80200000,0
1630704240000,19.78000000,19.78000000,19.77000000,19.77000000,114.96000000,1630704299999,2273.87370000,14,0.00000000,0.00000000,0
1630704300000,19.79000000,19.79000000,19.78000000,19.78000000,9.74000000,1630704359999,192.66290000,2,0.57000000,11.28030000,0
1630704360000,19.79000000,19.79000000,19.78000000,19.79000000,39.72000000,1630704419999,785.71340000,9,27.95000000,552.90280000,0
1630704420000,19.79000000,19.79000000,19.79000000,19.79000000,0.00000000,1630704479999,0.00000000,0,0.00000000,0.00000000,0
1630704480000,19.77000000,19.77000000,19.77000000,19.77000000,12.37000000,1630704539999,244.55490000,3,0.00000000,0.00000000,0
1630704540000,19.78000000,19.78000000,19.77000000,19.77000000,46.36000000,1630704599999,916.70970000,4,0.00000000,0.00000000,0
1630704600000,19.79000000,19.79000000,19.79000000,19.79000000,18.32000000,1630704659999,362.55280000,4,13.42000000,265.58180000,0
1630704660000,19.79000000,19.79000000,19.79000000,19.79000000,10.43000000,1630704719999,206.40970000,2,10.43000000,206.40970000,0
1630704720000,19.80000000,19.80000000,19.80000000,19.80000000,0.58000000,1630704779999,11.48400000,1,0.58000000,11.48400000,0
1630704780000,19.80000000,19.80000000,19.80000000,19.80000000,91.90000000,1630704839999,1819.62000000,4,91.90000000,1819.62000000,0
1630704840000,19.80000000,19.80000000,19.80000000,19.80000000,0.00000000,1630704899999,0.00000000,0,0.00000000,0.00000000,0
1630704900000,19.83000000,19.86000000,19.83000000,19.86000000,178.43000000,1630704959999,3539.87900000,16,178.43000000,3539.87900000,0
1630704960000,19.87000000,19.87000000,19.85000000,19.85000000,2.02000000,1630705019999,40.10720000,2,0.51000000,10.13370000,0
1630705020000,19.85000000,19.85000000,19.83000000,19.84000000,42.86000000,1630705079999,850.06130000,5,0.00000000,0.00000000,0
1630705080000,19.86000000,19.86000000,19.86000000,19.86000000,7.76000000,1630705139999,154.11360000,1,0.00000000,0.00000000,0
1630705140000,19.88000000,19.88000000,19.86000000,19.86000000,8.26000000,1630705199999,164.15420000,4,8.26000000,164.15420000,0
1630705200000,19.84000000,19.90000000,19.84000000,19.90000000,76.66000000,1630705259999,1521.27840000,7,15.96000000,316.99040000,0
1630705260000,19.88000000,19.89000000,19.85000000,19.85000000,94.89000000,1630705319999,1884.16370000,16,4.46000000,88.68800000,0
1630705320000,19.84000000,19.85000000,19.81000000,19.85000000,49.85000000,1630705379999,989.10940000,15,46.95000000,931.64510000,0
1630705380000,19.88000000,19.88000000,19.88000000,19.88000000,3.37000000,1630705439999,66.99560000,1,3.37000000,66.99560000,0
1630705440000,19.88000000,19.88000000,19.88000000,19.88000000,0.00000000,1630705499999,0.00000000,0,0.00000000,0.00000000,0
1630705500000,19.86000000,19.86000000,19.79000000,19.81000000,535.20000000,1630705559999,10606.77690000,33,76.41000000,1514.47200000,0
1630705560000,19.80000000,19.80000000,19.77000000,19.79000000,705.87000000,1630705619999,13961.68400000,44,62.58000000,1238.95990000,0
1630705620000,19.77000000,19.77000000,19.77000000,19.77000000,1.45000000,1630705679999,28.66650000,1,0.00000000,0.00000000,0
1630705680000,19.80000000,19.81000000,19.80000000,19.81000000,34.18000000,1630705739999,676.85310000,20,34.18000000,676.85310000,0
1630705740000,19.81000000,19.81000000,19.81000000,19.81000000,0.00000000,1630705799999,0.00000000,0,0.00000000,0.00000000,0
1630705800000,19.78000000,19.81000000,19.78000000,19.78000000,81.35000000,1630705859999,1609.11920000,7,5.61000000,110.98200000,0
1630705860000,19.78000000,19.78000000,19.77000000,19.77000000,1.83000000,1630705919999,36.18630000,2,0.00000000,0.00000000,0
1630705920000,19.77000000,19.77000000,19.77000000,19.77000000,4.00000000,1630705979999,79.08000000,2,0.00000000,0.00000000,0
1630705980000,19.78000000,19.78000000,19.78000000,19.78000000,5.87000000,1630706039999,116.10860000,2,4.86000000,96.13080000,0
1630706040000,19.78000000,19.78000000,19.78000000,19.78000000,1.00000000,1630706099999,19.78000000,1,0.00000000,0.00000000,0
1630706100000,19.77000000,19.79000000,19.76000000,19.76000000,130.70000000,1630706159999,2583.59270000,32,22.52000000,445.67080000,0
1630706160000,19.79000000,19.79000000,19.77000000,19.77000000,98.71000000,1630706219999,1953.28790000,8,89.56000000,1772.39240000,0
1630706220000,19.79000000,19.79000000,19.76000000,19.76000000,5.97000000,1630706279999,118.09000000,3,0.00000000,0.00000000,0
1630706280000,19.78000000,19.78000000,19.78000000,19.78000000,0.66000000,1630706339999,13.05480000,1,0.66000000,13.05480000,0
1630706340000,19.78000000,19.78000000,19.78000000,19.78000000,7.79000000,1630706399999,154.08620000,4,7.79000000,154.08620000,0
1630706400000,19.78000000,19.80000000,19.76000000,19.80000000,55.16000000,1630706459999,1091.22240000,11,10.40000000,205.92000000,0
1630706460000,19.78000000,19.78000000,19.78000000,19.78000000,0.87000000,1630706519999,17.20860000,1,0.00000000,0.00000000,0
1630706520000,19.78000000,19.78000000,19.78000000,19.78000000,0.00000000,1630706579999,0.00000000,0,0.00000000,0.00000000,0
1630706580000,19.78000000,19.78000000,19.74000000,19.78000000,288.74000000,1630706639999,5706.56020000,31,167.78000000,3317.18110000,0
1630706640000,19.78000000,19.78000000,19.78000000,19.78000000,0.00000000,1630706699999,0.00000000,0,0.00000000,0.00000000,0
1630706700000,19.78000000,19.78000000,19.78000000,19.78000000,0.00000000,1630706759999,0.00000000,0,0.00000000,0.00000000,0
1630706760000,19.74000000,19.78000000,19.73000000,19.75000000,158.55000000,1630706819999,3130.93260000,30,111.96000000,2211.58870000,0
1630706820000,19.75000000,19.75000000,19.67000000,19.71000000,418.55000000,1630706879999,8253.82680000,32,182.17000000,3594.14030000,0
1630706880000,19.70000000,19.73000000,19.67000000,19.69000000,167.93000000,1630706939999,3308.81800000,24,103.97000000,2050.00510000,0
1630706940000,19.67000000,19.72000000,19.67000000,19.72000000,42.36000000,1630706999999,834.66920000,15,35.64000000,702.47070000,0
1630707000000,19.70000000,19.70000000,19.70000000,19.70000000,2.54000000,1630707059999,50.03800000,1,2.54000000,50.03800000,0
1630707060000,19.70000000,19.70000000,19.66000000,19.67000000,96.02000000,1630707119999,1889.35100000,6,10.05000000,197.85300000,0
1630707120000,19.66000000,19.66000000,19.54000000,19.58000000,1007.56000000,1630707179999,19756.89150000,79,68.72000000,1348.93100000,0
1630707180000,19.60000000,19.60000000,19.55000000,19.57000000,1848.13000000,1630707239999,36163.22500000,42,1494.57000000,29248.12420000,0
1630707240000,19.54000000,19.54000000,19.48000000,19.50000000,550.79000000,1630707299999,10739.06610000,43,31.08000000,606.37600000,0
1630707300000,19.50000000,19.56000000,19.44000000,19.54000000,2395.49000000,1630707359999,46676.24260000,65,1282.77000000,25014.80870000,0
1630707360000,19.54000000,19.57000000,19.54000000,19.57000000,31.96000000,1630707419999,625.18000000,15,31.96000000,625.18000000,0
1630707420000,19.57000000,19.58000000,19.57000000,19.58000000,367.98000000,1630707479999,7204.20300000,10,120.08000000,2350.32100000,0
1630707480000,19.58000000,19.58000000,19.57000000,19.57000000,5.52000000,1630707539999,108.06870000,2,0.00000000,0.00000000,0
1630707540000,19.56000000,19.59000000,19.56000000,19.59000000,287.80000000,1630707599999,5630.16350000,7,256.39000000,5015.78390000,0
1630707600000,19.59000000,19.62000000,19.59000000,19.62000000,116.51000000,1630707659999,2283.22910000,15,115.24000000,2258.33710000,0
1630707660000,19.60000000,19.63000000,19.58000000,19.58000000,49.79000000,1630707719999,976.16580000,11,5.96000000,116.97660000,0
1630707720000,19.59000000,19.61000000,19.59000000,19.59000000,386.60000000,1630707779999,7576.44100000,17,103.08000000,2019.33720000,0
1630707780000,19.60000000,19.60000000,19.56000000,19.56000000,160.64000000,1630707839999,3145.02560000,29,25.53000000,500.38800000,0
1630707840000,19.60000000,19.62000000,19.55000000,19.62000000,715.20000000,1630707899999,14021.22640000,37,196.82000000,3859.40130000,0
1630707900000,19.63000000,19.64000000,19.62000000,19.63000000,297.36000000,1630707959999,5835.86090000,13,105.04000000,2061.00550000,0
1630707960000,19.61000000,19.61000000,19.61000000,19.61000000,149.50000000,1630708019999,2931.69500000,6,0.00000000,0.00000000,0
1630708020000,19.59000000,19.62000000,19.56000000,19.60000000,695.25000000,1630708079999,13614.91440000,26,38.01000000,745.01680000,0
1630708080000,19.61000000,19.71000000,19.58000000,19.71000000,453.55000000,1630708139999,8910.51000000,27,406.30000000,7983.81810000,0
1630708140000,19.67000000,19.72000000,19.67000000,19.69000000,270.26000000,1630708199999,5322.98760000,19,18.56000000,365.93720000,0
1630708200000,19.69000000,19.75000000,19.68000000,19.74000000,444.69000000,1630708259999,8768.53470000,24,26.44000000,521.58890000,0
1630708260000,19.76000000,19.76000000,19.73000000,19.74000000,53.31000000,1630708319999,1052.90610000,9,27.44000000,541.99710000,0
1630708320000,19.75000000,19.84000000,19.71000000,19.84000000,655.75000000,1630708379999,12974.12280000,42,282.03000000,5578.17580000,0
1630708380000,19.83000000,19.84000000,19.80000000,19.80000000,109.73000000,1630708439999,2176.71060000,13,0.00000000,0.00000000,0
1630708440000,19.80000000,19.82000000,19.80000000,19.82000000,67.41000000,1630708499999,1335.08060000,4,67.41000000,1335.08060000,0
1630708500000,19.81000000,19.83000000,19.79000000,19.79000000,115.71000000,1630708559999,2293.49240000,10,37.96000000,752.36720000,0
1630708560000,19.78000000,19.78000000,19.75000000,19.77000000,74.69000000,1630708619999,1476.44460000,7,0.00000000,0.00000000,0
1630708620000,19.76000000,19.76000000,19.73000000,19.76000000,102.56000000,1630708679999,2025.80370000,10,7.54000000,148.99040000,0
1630708680000,19.77000000,19.77000000,19.68000000,19.68000000,75.09000000,1630708739999,1480.91130000,11,38.53000000,759.40400000,0
1630708740000,19.68000000,19.68000000,19.60000000,19.61000000,989.45000000,1630708799999,19443.27000000,39,946.53000000,18599.98140000,0
1630708800000,19.61000000,19.63000000,19.59000000,19.60000000,179.02000000,1630708859999,3510.90510000,13,131.45000000,2578.94760000,0
1630708860000,19.59000000,19.59000000,19.56000000,19.56000000,78.45000000,1630708919999,1535.80850000,21,50.64000000,991.10940000,0
1630708920000,19.56000000,19.58000000,19.56000000,19.58000000,637.89000000,1630708979999,12477.31960000,17,633.75000000,12396.29980000,0
1630708980000,19.55000000,19.55000000,19.51000000,19.51000000,150.92000000,1630709039999,2946.73150000,23,35.54000000,694.45720000,0
1630709040000,19.52000000,19.55000000,19.49000000,19.54000000,98.53000000,1630709099999,1922.23150000,21,56.99000000,1112.54190000,0
1630709100000,19.52000000,19.52000000,19.51000000,19.52000000,41.32000000,1630709159999,806.38600000,10,19.53000000,381.22560000,0
1630709160000,19.52000000,19.55000000,19.52000000,19.55000000,34.60000000,1630709219999,675.98710000,4,30.85000000,602.78710000,0
1630709220000,19.54000000,19.64000000,19.54000000,19.64000000,1391.04000000,1630709279999,27221.34900000,47,306.15000000,5999.17040000,0
1630709280000,19.65000000,19.69000000,19.65000000,19.67000000,1133.66000000,1630709339999,22319.46150000,30,357.63000000,7039.82820000,0
1630709340000,19.67000000,19.68000000,19.65000000,19.66000000,499.37000000,1630709399999,9822.28000000,93,498.35000000,9802.23700000,0
1630709400000,19.66000000,19.66000000,19.66000000,19.66000000,80.00000000,1630709459999,1572.80000000,22,80.00000000,1572.80000000,0
1630709460000,19.66000000,19.66000000,19.66000000,19.66000000,0.00000000,1630709519999,0.00000000,0,0.00000000,0.00000000,0
1630709520000,19.66000000,19.67000000,19.66000000,19.67000000,10.01000000,1630709579999,196.84740000,4,5.08000000,99.92360000,0
1630709580000,19.67000000,19.67000000,19.64000000,19.64000000,5.43000000,1630709639999,106.79100000,2,4.86000000,95.59620000,0
1630709640000,19.67000000,19.67000000,19.67000000,19.67000000,3.95000000,1630709699999,77.69650000,1,3.95000000,77.69650000,0
1630709700000,19.67000000,19.70000000,19.67000000,19.70000000,64.23000000,1630709759999,1263.82050000,25,16.67000000,328.19210000,0
1630709760000,19.71000000,19.71000000,19.67000000,19.67000000,44.73000000,1630709819999,880.25400000,13,7.38000000,145.45980000,0
1630709820000,19.66000000,19.70000000,19.66000000,19.70000000,4.20000000,1630709879999,82.61320000,2,1.03000000,20.29100000,0
1630709880000,19.70000000,19.70000000,19.70000000,19.70000000,0.96000000,1630709939999,18.91200000,1,0.96000000,18.91200000,0
1630709940000,19.68000000,19.68000000,19.66000000,19.66000000,42.30000000,1630709999999,831.70120000,3,4.16000000,81.86880000,0
1630710000000,19.69000000,19.70000000,19.66000000,19.70000000,35.80000000,1630710059999,705.05710000,4,33.83000000,666.32690000,0
1630710060000,19.70000000,19.74000000,19.68000000,19.74000000,96.37000000,1630710119999,1900.01910000,14,95.71000000,1887.03030000,0
1630710120000,19.73000000,19.77000000,19.73000000,19.74000000,134.37000000,1630710179999,2652.79590000,8,1.61000000,31.81920000,0
1630710180000,19.77000000,19.78000000,19.73000000,19.76000000,54.31000000,1630710239999,1072.09200000,7,11.23000000,222.01490000,0
1630710240000,19.76000000,19.79000000,19.75000000,19.79000000,63.49000000,1630710299999,1255.10030000,12,57.71000000,1140.94530000,0
1630710300000,19.73000000,19.77000000,19.73000000,19.77000000,25.90000000,1630710359999,511.59300000,8,14.65000000,289.63050000,0
1630710360000,19.77000000,19.77000000,19.77000000,19.77000000,0.00000000,1630710419999,0.00000000,0,0.00000000,0.00000000,0
1630710420000,19.75000000,19.75000000,19.70000000,19.70000000,82.80000000,1630710479999,1633.11830000,24,0.00000000,0.00000000,0
1630710480000,19.71000000,19.71000000,19.71000000,19.71000000,6.34000000,1630710539999,124.96140000,1,0.00000000,0.00000000,0
1630710540000,19.71000000,19.71000000,19.71000000,19.71000000,0.00000000,1630710599999,0.00000000,0,0.00000000,0.00000000,0
1630710600000,19.72000000,19.72000000,19.70000000,19.70000000,5.06000000,1630710659999,99.69300000,3,0.00000000,0.00000000,0
1630710660000,19.76000000,19.76000000,19.74000000,19.74000000,20.04000000,1630710719999,395.96440000,9,20.04000000,395.96440000,0
1630710720000,19.74000000,19.76000000,19.72000000,19.72000000,147.27000000,1630710779999,2907.31190000,9,145.96000000,2881.45250000,0
1630710780000,19.71000000,19.71000000,19.68000000,19.68000000,54.55000000,1630710839999,1073.93950000,13,0.00000000,0.00000000,0
1630710840000,19.71000000,19.71000000,19.71000000,19.71000000,4.38000000,1630710899999,86.32980000,1,4.38000000,86.32980000,0
1630710900000,19.72000000,19.76000000,19.72000000,19.72000000,96.82000000,1630710959999,1911.69890000,18,70.00000000,1382.80850000,0
1630710960000,19.72000000,19.72000000,19.72000000,19.72000000,0.60000000,1630711019999,11.83200000,1,0.00000000,0.00000000,0
1630711020000,19.75000000,19.75000000,19.75000000,19.75000000,3.39000000,1630711079999,66.95250000,1,3.39000000,66.95250000,0
1630711080000,19.71000000,19.75000000,19.71000000,19.75000000,22.92000000,1630711139999,452.62820000,12,22.37000000,441.78770000,0
1630711140000,19.75000000,19.76000000,19.75000000,19.76000000,66.39000000,1630711199999,1311.61310000,13,66.39000000,1311.61310000,0
1630711200000,19.76000000,19.77000000,19.75000000,19.75000000,62.82000000,1630711259999,1241.42330000,7,18.26000000,360.63500000,0
1630711260000,19.75000000,19.75000000,19.75000000,19.75000000,26.34000000,1630711319999,520.21500000,1,26.34000000,520.21500000,0
1630711320000,19.76000000,19.76000000,19.74000000,19.74000000,132.24000000,1630711379999,2611.80130000,7,65.85000000,1301.19600000,0
1630711380000,19.78000000,19.79000000,19.76000000,19.79000000,44.95000000,1630711439999,889.01340000,3,30.85000000,610.39740000,0
1630711440000,19.79000000,19.84000000,19.79000000,19.83000000,207.74000000,1630711499999,4113.44480000,37,195.36000000,3868.11410000,0
1630711500000,19.81000000,19.81000000,19.81000000,19.81000000,20.81000000,1630711559999,412.24610000,3,0.00000000,0.00000000,0
1630711560000,19.82000000,19.82000000,19.82000000,19.82000000,3.51000000,1630711619999,69.56820000,2,3.51000000,69.56820000,0
1630711620000,19.82000000,19.92000000,19.82000000,19.91000000,316.72000000,1630711679999,6301.01140000,32,308.85000000,6144.60430000,0
1630711680000,19.89000000,20.02000000,19.88000000,20.00000000,644.91000000,1630711739999,12869.80940000,79,425.29000000,8494.37290000,0
1630711740000,20.01000000,20.13000000,19.94000000,19.96000000,1093.29000000,1630711799999,21913.05430000,191,688.50000000,13798.71110000,0
1630711800000,19.99000000,20.00000000,19.95000000,19.97000000,224.84000000,1630711859999,4492.15450000,25,216.91000000,4333.91400000,0
1630711860000,19.99000000,19.99000000,19.96000000,19.98000000,236.09000000,1630711919999,4715.17670000,21,224.77000000,4489.12230000,0
1630711920000,19.95000000,19.97000000,19.94000000,19.97000000,331.82000000,1630711979999,6619.76100000,19,231.15000000,4611.07730000,0
1630711980000,19.95000000,19.96000000,19.93000000,19.94000000,582.73000000,1630712039999,11623.49710000,43,459.45000000,9165.80050000,0
1630712040000,19.93000000,19.94000000,19.88000000,19.88000000,1019.73000000,1630712099999,20307.96330000,43,492.69000000,9816.93780000,0
1630712100000,19.88000000,19.91000000,19.84000000,19.84000000,476.53000000,1630712159999,9472.13830000,30,351.68000000,6990.96540000,0
1630712160000,19.83000000,19.84000000,19.78000000,19.84000000,528.08000000,1630712219999,10460.45440000,35,381.49000000,7556.06810000,0
1630712220000,19.84000000,19.84000000,19.80000000,19.83000000,226.80000000,1630712279999,4493.29530000,13,133.53000000,2645.71720000,0
1630712280000,19.80000000,19.83000000,19.80000000,19.81000000,187.30000000,1630712339999,3710.68930000,15,134.50000000,2665.24930000,0
1630712340000,19.80000000,19.80000000,19.80000000,19.80000000,146.32000000,1630712399999,2897.13600000,6,146.32000000,2897.13600000,0
1630712400000,19.80000000,19.80000000,19.80000000,19.80000000,58.99000000,1630712459999,1168.00200000,9,58.99000000,1168.00200000,0
1630712460000,19.80000000,19.80000000,19.79000000,19.79000000,70.54000000,1630712519999,1396.07040000,6,70.54000000,1396.07040000,0
1630712520000,19.79000000,19.83000000,19.79000000,19.82000000,175.00000000,1630712579999,3465.01250000,15,173.73000000,3439.86650000,0
1630712580000,19.81000000,19.84000000,19.78000000,19.80000000,174.86000000,1630712639999,3461.73680000,18,60.68000000,1200.87560000,0
1630712640000,19.82000000,19.84000000,19.81000000,19.84000000,118.23000000,1630712699999,2343.18740000,6,85.97000000,1704.11680000,0
1630712700000,19.83000000,19.85000000,19.80000000,19.80000000,280.14000000,1630712759999,5549.66460000,18,257.38000000,5098.92370000,0
1630712760000,19.81000000,19.81000000,19.78000000,19.81000000,113.56000000,1630712819999,2246.97720000,22,106.06000000,2098.40220000,0
1630712820000,19.79000000,19.80000000,19.75000000,19.77000000,128.82000000,1630712879999,2547.50290000,19,33.18000000,656.71720000,0
1630712880000,19.77000000,19.79000000,19.77000000,19.79000000,16.72000000,1630712939999,330.64460000,6,16.72000000,330.64460000,0
1630712940000,19.78000000,19.79000000,19.75000000,19.79000000,93.26000000,1630712999999,1843.79040000,15,78.26000000,1547.34040000,0
1630713000000,19.77000000,19.79000000,19.77000000,19.79000000,17.56000000,1630713059999,347.25690000,6,17.56000000,347.25690000,0
1630713060000,19.78000000,19.78000000,19.77000000,19.77000000,9.92000000,1630713119999,196.12960000,2,9.92000000,196.12960000,0
1630713120000,19.79000000,19.79000000,19.77000000,19.79000000,12.08000000,1630713179999,238.91120000,4,12.08000000,238.91120000,0
1630713180000,19.80000000,19.80000000,19.80000000,19.80000000,91.46000000,1630713239999,1810.90800000,6,0.00000000,0.00000000,0
1630713240000,19.80000000,19.83000000,19.79000000,19.83000000,136.20000000,1630713299999,2698.81440000,14,1.51000000,29.91310000,0
1630713300000,19.83000000,19.83000000,19.77000000,19.82000000,249.10000000,1630713359999,4930.80040000,18,1.27000000,25.17140000,0
1630713360000,19.82000000,19.87000000,19.82000000,19.82000000,689.84000000,1630713419999,13687.83570000,53,312.58000000,6206.82350000,0
1630713420000,19.83000000,19.83000000,19.83000000,19.83000000,61.31000000,1630713479999,1215.77730000,5,52.68000000,1044.64440000,0
1630713480000,19.85000000,19.86000000,19.83000000,19.85000000,79.75000000,1630713539999,1582.82280000,13,0.00000000,0.00000000,0
1630713540000,19.86000000,19.86000000,19.84000000,19.86000000,22.67000000,1630713599999,450.12740000,11,17.73000000,352.11780000,0
