1631404800000,0.00000677,0.00000678,0.00000677,0.00000678,2184690301.00,1631404859999,14810.33092278,35,1997758501.00,13544.80263678,0
1631404860000,0.00000678,0.00000678,0.00000677,0.00000677,2922929143.00,1631404919999,19802.55967333,37,1432937522.00,9715.31639916,0
1631404920000,0.00000677,0.00000677,0.00000676,0.00000677,5615735212.00,1631404979999,38007.37958739,94,1382037320.00,9356.39265640,0
1631404980000,0.00000677,0.00000678,0.00000676,0.00000678,4886744226.00,1631405039999,33086.88633033,56,4090340511.00,27703.19721693,0
1631405040000,0.00000677,0.00000678,0.00000676,0.00000677,3966145982.00,1631405099999,26852.16469577,72,1659978762.00,11239.54575245,0
1631405100000,0.00000676,0.00000678,0.00000676,0.00000678,6939001348.00,1631405159999,46968.41461785,93,4173975225.00,28259.20570250,0
1631405160000,0.00000678,0.00000678,0.00000677,0.00000677,2164532901.00,1631405219999,14673.05573015,36,1916799038.00,12995.89747764,0
1631405220000,0.00000678,0.00000678,0.00000677,0.00000677,640299467.00,1631405279999,4336.57342602,24,174603443.00,1183.81134354,0
1631405280000,0.00000678,0.00000679,0.00000677,0.00000679,3272612471.00,1631405339999,22191.89734919,60,2280738887.00,15468.39796506,0
1631405340000,0.00000679,0.00000681,0.00000678,0.00000681,4720599469.00,1631405399999,32086.85131924,121,3916798537.00,26627.14540446,0
1631405400000,0.00000681,0.00000682,0.00000680,0.00000682,5998875962.00,1631405459999,40855.45328075,90,3942336079.00,26850.56438800,0
1631405460000,0.00000682,0.00000682,0.00000681,0.00000681,3411228536.00,1631405519999,23257.85330857,37,2738697841.00,18677.91927562,0
1631405520000,0.00000682,0.00000682,0.00000681,0.00000682,1805232584.00,1631405579999,12311.42683134,35,1779293430.00,12134.78119260,0
1631405580000,0.00000682,0.00000682,0.00000681,0.00000682,2250109905.00,1631405639999,15342.80473992,35,1955628687.00,13337.38764534,0
1631405640000,0.00000682,0.00000682,0.00000681,0.00000682,4554773184.00,1631405699999,31023.54717734,44,554179430.00,3779.50371260,0
1631405700000,0.00000681,0.00000682,0.00000679,0.00000679,5550956661.00,1631405759999,37766.07968894,86,57324079.00,390.32976926,0
1631405760000,0.00000680,0.00000680,0.00000678,0.00000680,6153278013.00,1631405819999,41801.31415074,43,2612675809.00,17766.19550120,0
1631405820000,0.00000680,0.00000680,0.00000678,0.00000679,1483676882.00,1631405879999,10071.32477573,40,87151520.00,592.59096194,0
1631405880000,0.00000679,0.00000679,0.00000671,0.00000676,86388930676.00,1631405939999,583299.37455652,792,9558375361.00,64574.49071864,0
1631405940000,0.00000677,0.00000677,0.00000676,0.00000676,1090410265.00,1631405999999,7374.32363950,37,315024810.00,2132.71796370,0
1631406000000,0.00000677,0.00000677,0.00000676,0.00000676,1923515964.00,1631406059999,13017.26724578,44,1429932914.00,9680.64582778,0
1631406060000,0.00000676,0.00000677,0.00000676,0.00000677,1057988197.00,1631406119999,7156.05574404,20,405553232.00,2745.59538064,0
1631406120000,0.00000676,0.00000677,0.00000674,0.00000675,9999135419.00,1631406179999,67474.59656391,144,3073508902.00,20736.58602526,0
1631406180000,0.00000675,0.00000676,0.00000674,0.00000676,10437838199.00,1631406239999,70458.10567834,59,9829687500.00,66355.24923743,0
1631406240000,0.00000676,0.00000676,0.00000675,0.00000676,2971846720.00,1631406299999,20064.40458822,24,443922822.00,3000.91827672,0
1631406300000,0.00000676,0.00000676,0.00000675,0.00000675,11792067829.00,1631406359999,79704.14869559,37,10769084984.00,72799.01449184,0
1631406360000,0.00000675,0.00000676,0.00000675,0.00000676,448786725.00,1631406419999,3032.39693483,20,308654108.00,2086.50177008,0
1631406420000,0.00000675,0.00000676,0.00000675,0.00000676,5316977765.00,1631406479999,35891.95658254,62,235666879.00,1593.10810204,0
1631406480000,0.00000676,0.00000676,0.00000675,0.00000675,1269019536.00,1631406539999,8571.97137862,22,608951062.00,4116.50917912,0
1631406540000,0.00000676,0.00000676,0.00000675,0.00000675,379653029.00,1631406599999,2563.36309624,19,70515049.00,476.68173124,0
1631406600000,0.00000675,0.00000676,0.00000675,0.00000675,5715787969.00,1631406659999,38595.99695327,67,1442816252.00,9753.43786352,0
1631406660000,0.00000676,0.00000676,0.00000674,0.00000675,7773398459.00,1631406719999,52471.23470728,142,4399228859.00,29696.91063175,0
1631406720000,0.00000675,0.00000676,0.00000675,0.00000675,2374677940.00,1631406779999,16032.73077048,39,365467548.00,2470.56062448,0
1631406780000,0.00000675,0.00000676,0.00000674,0.00000675,2713891426.00,1631406839999,18314.80946732,69,73034757.00,493.59387600,0
1631406840000,0.00000675,0.00000675,0.00000673,0.00000673,6188515814.00,1631406899999,41710.08902184,123,2243187916.00,15138.01536220,0
1631406900000,0.00000674,0.00000674,0.00000672,0.00000673,2205492291.00,1631406959999,14833.85330835,64,373802977.00,2516.76512804,0
1631406960000,0.00000672,0.00000673,0.00000671,0.00000673,4305453782.00,1631407019999,28927.07746723,73,354526854.00,2385.96572742,0
1631407020000,0.00000673,0.00000674,0.00000672,0.00000673,6176152864.00,1631407079999,41571.38908989,88,5271225739.00,35482.91187413,0
1631407080000,0.00000674,0.00000674,0.00000673,0.00000674,1750122618.00,1631407139999,11792.46131648,36,1413609734.00,9527.72960716,0
1631407140000,0.00000673,0.00000674,0.00000673,0.00000673,1754671127.00,1631407199999,11824.36929629,25,1543261158.00,10401.58020492,0
1631407200000,0.00000674,0.00000674,0.00000673,0.00000674,1592901921.00,1631407259999,10731.58514206,32,1135521373.00,7653.41405402,0
1631407260000,0.00000674,0.00000674,0.00000673,0.00000674,711152634.00,1631407319999,4786.65148409,18,59425727.00,400.52939998,0
1631407320000,0.00000673,0.00000674,0.00000672,0.00000673,5938853484.00,1631407379999,39983.11558651,108,1988244900.00,13398.37062815,0
1631407380000,0.00000672,0.00000673,0.00000671,0.00000671,3249377609.00,1631407439999,21821.98485476,75,114105192.00,766.90683923,0
1631407440000,0.00000671,0.00000672,0.00000671,0.00000672,2700100582.00,1631407499999,18118.49385170,53,81894648.00,550.33203456,0
1631407500000,0.00000671,0.00000672,0.00000666,0.00000667,43725393433.00,1631407559999,292565.33211299,1165,12989615433.00,86830.96965683,0
1631407560000,0.00000667,0.00000670,0.00000664,0.00000668,52241403588.00,1631407619999,348199.83222338,1510,17347278798.00,115813.95235278,0
1631407620000,0.00000668,0.00000670,0.00000668,0.00000669,4155969749.00,1631407679999,27804.08802919,97,1850638528.00,12392.14165839,0
1631407680000,0.00000669,0.00000670,0.00000669,0.00000669,2789120002.00,1631407739999,18670.84426486,58,1163145148.00,7793.07249160,0
1631407740000,0.00000669,0.00000670,0.00000669,0.00000670,2056474565.00,1631407799999,13762.01736738,46,420252753.00,2815.69344510,0
1631407800000,0.00000669,0.00000669,0.00000668,0.00000668,4399829205.00,1631407859999,29394.93770709,74,123121102.00,823.68017238,0
1631407860000,0.00000668,0.00000668,0.00000667,0.00000667,8457908143.00,1631407919999,56488.88622325,73,6851818257.00,45770.14595676,0
1631407920000,0.00000667,0.00000669,0.00000665,0.00000668,14839797213.00,1631407979999,98957.48137109,189,6812863383.00,45426.57756898,0
1631407980000,0.00000669,0.00000671,0.00000669,0.00000671,4621254513.00,1631408039999,30968.26557674,95,3621154869.00,24272.17793757,0
1631408040000,0.00000671,0.00000671,0.00000670,0.00000670,398222616.00,1631408099999,2670.22305914,24,213153194.00,1430.25793174,0
1631408100000,0.00000670,0.00000670,0.00000668,0.00000670,10908936919.00,1631408159999,73043.01733908,143,3533551373.00,23651.86452203,0
1631408160000,0.00000670,0.00000673,0.00000669,0.00000673,12410499976.00,1631408219999,83331.65925957,168,8756331034.00,58779.86202349,0
1631408220000,0.00000673,0.00000673,0.00000672,0.00000673,1237957667.00,1631408279999,8322.36662266,31,329110042.00,2214.91058266,0
1631408280000,0.00000672,0.00000673,0.00000672,0.00000673,1178986051.00,1631408339999,7930.79816499,33,801190227.00,5392.01022771,0
1631408340000,0.00000673,0.00000673,0.00000670,0.00000672,16392805178.00,1631408399999,110099.85211955,211,6097403390.00,40961.43858031,0
1631408400000,0.00000672,0.00000672,0.00000671,0.00000671,1890625343.00,1631408459999,12698.28449061,31,1218843908.00,8190.63106176,0
1631408460000,0.00000672,0.00000674,0.00000672,0.00000673,7166389401.00,1631408519999,48202.44647684,108,5872884565.00,39499.37203019,0
1631408520000,0.00000674,0.00000675,0.00000674,0.00000675,7092181953.00,1631408579999,47836.03683461,99,6454645494.00,43539.04110095,0
1631408580000,0.00000674,0.00000675,0.00000674,0.00000675,596362699.00,1631408639999,4024.91577813,35,543118687.00,3666.05113725,0
1631408640000,0.00000674,0.00000675,0.00000674,0.00000675,1440264982.00,1631408699999,9717.94286672,33,1055688804.00,7125.89942700,0
1631408700000,0.00000675,0.00000675,0.00000674,0.00000674,788754699.00,1631408759999,5318.77419902,34,256752776.00,1733.08123800,0
1631408760000,0.00000675,0.00000675,0.00000674,0.00000674,1633491091.00,1631408819999,11016.16141836,34,643146502.00,4341.23888850,0
1631408820000,0.00000674,0.00000675,0.00000674,0.00000675,1652448454.00,1631408879999,11138.06454468,31,56196472.00,379.32618600,0
1631408880000,0.00000675,0.00000675,0.00000674,0.00000675,436836029.00,1631408939999,2947.04343343,28,276859797.00,1868.80362975,0
1631408940000,0.00000674,0.00000675,0.00000674,0.00000674,1484928300.00,1631408999999,10019.32038997,27,1090364797.00,7359.96237975,0
1631409000000,0.00000675,0.00000675,0.00000674,0.00000674,949612539.00,1631409059999,6403.17376816,26,278525530.00,1880.04732750,0
1631409060000,0.00000674,0.00000675,0.00000672,0.00000672,5221526470.00,1631409119999,35170.37616043,114,290606548.00,1958.42572401,0
1631409120000,0.00000672,0.00000675,0.00000672,0.00000675,8849520094.00,1631409179999,59628.14685673,127,5764358165.00,38834.28732491,0
1631409180000,0.00000675,0.00000675,0.00000674,0.00000675,830754938.00,1631409239999,5601.53392871,24,224564659.00,1515.81144825,0
1631409240000,0.00000674,0.00000675,0.00000674,0.00000674,712801528.00,1631409299999,4804.57394304,22,29164432.00,196.85991600,0
1631409300000,0.00000674,0.00000674,0.00000672,0.00000673,1909872052.00,1631409359999,12858.61559881,44,347356141.00,2339.36387543,0
1631409360000,0.00000673,0.00000673,0.00000672,0.00000673,1075284412.00,1631409419999,7230.35795134,23,444670270.00,2992.63091710,0
1631409420000,0.00000672,0.00000673,0.00000672,0.00000672,1784338768.00,1631409479999,12004.27946391,29,1352294295.00,9100.94060535,0
1631409480000,0.00000673,0.00000673,0.00000672,0.00000672,271923469.00,1631409539999,1827.98302363,25,65731195.00,442.37094235,0
1631409540000,0.00000672,0.00000673,0.00000670,0.00000671,8203565339.00,1631409599999,55089.31367451,139,2412671095.00,16213.02887596,0
1631409600000,0.00000670,0.00000671,0.00000669,0.00000670,9123233279.00,1631409659999,61099.13976465,143,3257301521.00,21825.66260473,0
1631409660000,0.00000671,0.00000671,0.00000669,0.00000669,3450383361.00,1631409719999,23110.87343389,67,435861752.00,2921.54401789,0
1631409720000,0.00000670,0.00000670,0.00000669,0.00000670,772097918.00,1631409779999,5169.93901309,27,460394167.00,3084.64091890,0
1631409780000,0.00000670,0.00000670,0.00000669,0.00000669,1440706311.00,1631409839999,9644.79036980,39,646514921.00,4331.64997070,0
1631409840000,0.00000669,0.00000670,0.00000669,0.00000669,1118775611.00,1631409899999,7488.33538257,53,372654498.00,2496.78513660,0
1631409900000,0.00000669,0.00000670,0.00000669,0.00000670,1298753194.00,1631409959999,8698.92876691,21,1026989905.00,6880.83236350,0
1631409960000,0.00000670,0.00000670,0.00000669,0.00000670,2243689786.00,1631410019999,15023.39229632,56,1310762798.00,8782.11074660,0
1631410020000,0.00000670,0.00000670,0.00000667,0.00000669,27200520957.00,1631410079999,181833.70713544,227,5690316775.00,38076.07956333,0
1631410080000,0.00000669,0.00000670,0.00000669,0.00000669,840927766.00,1631410139999,5629.52353896,28,371678442.00,2490.24556140,0
1631410140000,0.00000669,0.00000670,0.00000669,0.00000670,2113249499.00,1631410199999,14141.59193675,35,395278844.00,2648.36825480,0
1631410200000,0.00000669,0.00000670,0.00000668,0.00000670,6759570931.00,1631410259999,45234.32254021,115,3943105690.00,26400.88106243,0
1631410260000,0.00000669,0.00000671,0.00000669,0.00000670,3288006974.00,1631410319999,22030.40049965,78,2949905049.00,19765.23628919,0
1631410320000,0.00000671,0.00000671,0.00000669,0.00000669,3652302753.00,1631410379999,24469.29386498,48,1404482176.00,9410.11817046,0
1631410380000,0.00000670,0.00000670,0.00000669,0.00000669,1850961603.00,1631410439999,12387.81706828,24,488394421.00,3272.24262070,0
1631410440000,0.00000669,0.00000670,0.00000669,0.00000670,1644144612.00,1631410499999,11002.94803071,36,362057643.00,2425.78620810,0
1631410500000,0.00000670,0.00000670,0.00000669,0.00000670,1355452689.00,1631410559999,9073.78987265,34,581138324.00,3893.62677080,0
1631410560000,0.00000669,0.00000670,0.00000669,0.00000669,1653747837.00,1631410619999,11067.14511068,32,357208115.00,2393.29437050,0
1631410620000,0.00000669,0.00000670,0.00000668,0.00000669,2172299619.00,1631410679999,14530.49196590,55,103919730.00,695.67836194,0
1631410680000,0.00000669,0.00000669,0.00000668,0.00000668,1242378392.00,1631410739999,8305.50575149,71,641809293.00,4293.70417017,0
1631410740000,0.00000668,0.00000671,0.00000668,0.00000670,4103001003.00,1631410799999,27471.60837267,82,3558253847.00,23829.23896124,0
1631410800000,0.00000670,0.00000670,0.00000669,0.00000669,1805843638.00,1631410859999,12097.79531986,21,1670138164.00,11189.92569880,0
1631410860000,0.00000670,0.00000670,0.00000667,0.00000668,7144047227.00,1631410919999,47735.77201669,123,897834975.00,5999.48269138,0
1631410920000,0.00000667,0.00000668,0.00000667,0.00000668,2595742186.00,1631410979999,17322.42885414,36,882847352.00,5897.42031136,0
1631410980000,0.00000668,0.00000669,0.00000668,0.00000669,5728722312.00,1631411039999,38282.16292679,80,4983705865.00,33305.45306083,0
1631411040000,0.00000668,0.00000669,0.00000668,0.00000669,3515921724.00,1631411099999,23487.81716690,37,146005058.00,976.77383802,0
1631411100000,0.00000668,0.00000669,0.00000668,0.00000669,1085597335.00,1631411159999,7257.68852976,27,589833196.00,3945.98408124,0
1631411160000,0.00000669,0.00000669,0.00000668,0.00000669,2029339589.00,1631411219999,13560.40624588,22,441779136.00,2955.50241984,0
1631411220000,0.00000668,0.00000669,0.00000668,0.00000669,2758470445.00,1631411279999,18440.92183557,79,1433926297.00,9592.96692693,0
1631411280000,0.00000669,0.00000670,0.00000668,0.00000670,6431469745.00,1631411339999,43028.18951336,102,5673761535.00,37961.04224716,0
1631411340000,0.00000670,0.00000670,0.00000669,0.00000670,4134183313.00,1631411399999,27666.64850237,57,896213840.00,6004.63272800,0
1631411400000,0.00000669,0.00000670,0.00000668,0.00000668,3164087891.00,1631411459999,21167.08159897,75,659597207.00,4413.95310936,0
1631411460000,0.00000669,0.00000669,0.00000668,0.00000669,662496378.00,1631411519999,4429.72656932,16,425076428.00,2843.76130332,0
1631411520000,0.00000668,0.00000669,0.00000668,0.00000668,408291182.00,1631411579999,2728.94113625,31,155604049.00,1040.99108781,0
1631411580000,0.00000669,0.00000669,0.00000668,0.00000668,320342708.00,1631411639999,2142.83242062,24,294313118.00,1968.95475942,0
1631411640000,0.00000668,0.00000669,0.00000667,0.00000667,3268541425.00,1631411699999,21826.95721268,84,840132140.00,5612.68452910,0
1631411700000,0.00000667,0.00000668,0.00000667,0.00000667,783420812.00,1631411759999,5226.57556457,27,115874853.00,774.04401804,0
1631411760000,0.00000667,0.00000669,0.00000667,0.00000668,4041903487.00,1631411819999,27000.43062373,63,2630063164.00,17569.49460453,0
1631411820000,0.00000669,0.00000669,0.00000668,0.00000669,1196856105.00,1631411879999,8002.40946402,40,741068262.00,4957.74667278,0
1631411880000,0.00000668,0.00000669,0.00000668,0.00000669,3844967587.00,1631411939999,25721.56340846,29,3717992730.00,24873.37136370,0
1631411940000,0.00000668,0.00000669,0.00000668,0.00000668,269378654.00,1631411999999,1799.84185515,16,39244643.00,262.54666167,0
1631412000000,0.00000668,0.00000669,0.00000668,0.00000669,286068000.00,1631412059999,1912.45341803,24,151917803.00,1016.33010207,0
1631412060000,0.00000669,0.00000669,0.00000668,0.00000669,599208200.00,1631412119999,4004.15244228,21,144166628.00,964.47474132,0
1631412120000,0.00000669,0.00000669,0.00000668,0.00000669,2029106370.00,1631412179999,13574.50760897,20,2007705737.00,13431.55138053,0
1631412180000,0.00000669,0.00000669,0.00000668,0.00000669,3104830143.00,1631412239999,20768.65736279,101,2839200755.00,18994.25305095,0
1631412240000,0.00000669,0.00000671,0.00000668,0.00000671,8233949481.00,1631412299999,55135.96684790,228,7832390599.00,52449.91243311,0
1631412300000,0.00000671,0.00000672,0.00000670,0.00000671,4046058171.00,1631412359999,27163.19486822,72,3721843319.00,24988.53001461,0
1631412360000,0.00000671,0.00000675,0.00000671,0.00000675,15988489839.00,1631412419999,107753.73894539,146,13652565349.00,92020.70995954,0
1631412420000,0.00000674,0.00000677,0.00000674,0.00000677,19981970101.00,1631412479999,134977.10916193,167,10587648416.00,71534.44870483,0
1631412480000,0.00000676,0.00000679,0.00000676,0.00000678,8156681567.00,1631412539999,55271.42621668,186,6166096720.00,41790.53665261,0
1631412540000,0.00000679,0.00000680,0.00000678,0.00000680,12351808517.00,1631412599999,83854.83097387,118,9347648605.00,63473.20882788,0
1631412600000,0.00000680,0.00000680,0.00000679,0.00000679,3511162433.00,1631412659999,23863.49814132,55,2270522125.00,15439.55045000,0
1631412660000,0.00000680,0.00000680,0.00000679,0.00000680,801406711.00,1631412719999,5444.73674665,35,318517896.00,2165.92169280,0
1631412720000,0.00000680,0.00000680,0.00000679,0.00000679,1609545962.00,1631412779999,10936.96531851,44,814823653.00,5540.80084040,0
1631412780000,0.00000680,0.00000680,0.00000679,0.00000680,1031160967.00,1631412839999,7010.50461167,33,892164574.00,6066.71910320,0
1631412840000,0.00000680,0.00000680,0.00000679,0.00000679,3013104457.00,1631412899999,20466.18893122,47,720966819.00,4902.57436920,0
1631412900000,0.00000679,0.00000679,0.00000677,0.00000678,10484420565.00,1631412959999,71097.62340723,535,5460833596.00,37035.71474107,0
1631412960000,0.00000679,0.00000680,0.00000678,0.00000680,3615000323.00,1631413019999,24540.09776521,43,3008235876.00,20426.03183054,0
1631413020000,0.00000679,0.00000680,0.00000679,0.00000680,793085829.00,1631413079999,5389.58203034,27,452925143.00,3079.89097240,0
1631413080000,0.00000680,0.00000680,0.00000677,0.00000678,4055653168.00,1631413139999,27536.26825783,80,579637722.00,3940.46649896,0
1631413140000,0.00000678,0.00000678,0.00000677,0.00000678,1678214629.00,1631413199999,11376.46271481,45,1494967648.00,10135.88065344,0
1631413200000,0.00000678,0.00000678,0.00000677,0.00000678,1218608105.00,1631413259999,8258.91237397,40,893550312.00,6058.27111536,0
1631413260000,0.00000677,0.00000678,0.00000677,0.00000678,817666973.00,1631413319999,5536.57309829,26,96769108.00,656.09455224,0
1631413320000,0.00000677,0.00000677,0.00000675,0.00000676,10124382422.00,1631413379999,68462.71278878,117,4569007866.00,30904.71887298,0
1631413380000,0.00000676,0.00000677,0.00000676,0.00000677,666893354.00,1631413439999,4511.56493367,17,336586063.00,2278.68764651,0
1631413440000,0.00000677,0.00000677,0.00000676,0.00000676,494539981.00,1631413499999,3344.83700260,20,174673104.00,1182.53691408,0
1631413500000,0.00000677,0.00000677,0.00000676,0.00000677,2764401049.00,1631413559999,18689.21907111,46,186797987.00,1264.62237199,0
1631413560000,0.00000676,0.00000677,0.00000675,0.00000676,2378939238.00,1631413619999,16076.87532436,51,140673761.00,951.86940289,0
1631413620000,0.00000675,0.00000676,0.00000675,0.00000675,1087949013.00,1631413679999,7349.66959494,25,601375719.00,4065.29986044,0
1631413680000,0.00000675,0.00000676,0.00000675,0.00000675,1378313930.00,1631413739999,9309.54603097,27,592700347.00,4006.65434572,0
1631413740000,0.00000675,0.00000676,0.00000675,0.00000676,1702469930.00,1631413799999,11497.06883368,36,539680618.00,3648.24097768,0
1631413800000,0.00000675,0.00000676,0.00000675,0.00000676,605382851.00,1631413859999,4090.99513913,28,466089488.00,3150.76493888,0
1631413860000,0.00000675,0.00000676,0.00000675,0.00000676,862220307.00,1631413919999,5824.80275047,20,481567822.00,3255.39847672,0
1631413920000,0.00000675,0.00000676,0.00000673,0.00000674,10884271581.00,1631413979999,73424.40842204,190,5842813390.00,39416.88436065,0
1631413980000,0.00000674,0.00000675,0.00000673,0.00000673,5853550715.00,1631414039999,39453.07167308,46,1684168353.00,11351.59863775,0
1631414040000,0.00000673,0.00000674,0.00000672,0.00000672,9435532208.00,1631414099999,63510.43906979,79,1252579265.00,8439.95630693,0
1631414100000,0.00000672,0.00000673,0.00000671,0.00000672,1735273909.00,1631414159999,11660.29032166,88,505002745.00,3393.86018400,0
1631414160000,0.00000672,0.00000672,0.00000671,0.00000672,2246050883.00,1631414219999,15080.07981433,41,907838940.00,6100.67767680,0
1631414220000,0.00000672,0.00000672,0.00000671,0.00000672,2051994528.00,1631414279999,13778.84610971,42,996282683.00,6695.01962976,0
1631414280000,0.00000672,0.00000672,0.00000671,0.00000672,827400518.00,1631414339999,5558.20327399,26,634579821.00,4264.37639712,0
1631414340000,0.00000672,0.00000674,0.00000671,0.00000674,3954469561.00,1631414399999,26582.32459352,59,2959542133.00,19899.90859551,0
1631414400000,0.00000674,0.00000675,0.00000673,0.00000675,3353470396.00,1631414459999,22604.00593396,63,1706038995.00,11501.28170297,0
1631414460000,0.00000675,0.00000675,0.00000673,0.00000674,4042321313.00,1631414519999,27250.76164953,99,1012873204.00,6834.09482152,0
1631414520000,0.00000674,0.00000674,0.00000673,0.00000673,915672765.00,1631414579999,6164.90951055,28,243180210.00,1639.03461540,0
1631414580000,0.00000673,0.00000675,0.00000673,0.00000674,8267791936.00,1631414639999,55733.91176896,74,8209904019.00,55343.84906248,0
1631414640000,0.00000675,0.00000675,0.00000674,0.00000675,217957824.00,1631414699999,1469.53600533,17,50027157.00,337.68330975,0
1631414700000,0.00000674,0.00000675,0.00000674,0.00000675,6453155116.00,1631414759999,43553.54548270,91,5928000086.00,40014.00058050,0
1631414760000,0.00000675,0.00000675,0.00000674,0.00000674,1298253563.00,1631414819999,8762.61522758,34,1238621296.00,8360.69374800,0
1631414820000,0.00000675,0.00000675,0.00000674,0.00000675,3624636844.00,1631414879999,24433.30793310,51,325560454.00,2197.53306450,0
1631414880000,0.00000674,0.00000675,0.00000674,0.00000674,220469953.00,1631414939999,1486.73174812,19,76426490.00,515.87880750,0
1631414940000,0.00000674,0.00000675,0.00000674,0.00000675,473437130.00,1631414999999,3191.76153143,22,79527523.00,536.81078025,0
1631415000000,0.00000675,0.00000675,0.00000674,0.00000675,5032926739.00,1631415059999,33964.23380513,155,4230758427.00,28557.61938225,0
1631415060000,0.00000675,0.00000675,0.00000674,0.00000675,4565383724.00,1631415119999,30814.70061087,112,4401431111.00,29709.65999925,0
1631415120000,0.00000675,0.00000676,0.00000675,0.00000675,1556888101.00,1631415179999,10519.41848570,49,1368925762.00,9250.67269745,0
1631415180000,0.00000676,0.00000676,0.00000675,0.00000675,373183442.00,1631415239999,2522.27501036,16,328677686.00,2221.86115736,0
1631415240000,0.00000675,0.00000677,0.00000675,0.00000676,3070804474.00,1631415299999,20768.14992141,63,1895672240.00,12824.33687761,0
1631415300000,0.00000676,0.00000677,0.00000676,0.00000677,1342844197.00,1631415359999,9078.71323139,21,108645967.00,735.53319659,0
1631415360000,0.00000677,0.00000677,0.00000676,0.00000676,3231568342.00,1631415419999,21861.51977038,33,1611777846.00,10911.73601742,0
1631415420000,0.00000676,0.00000678,0.00000676,0.00000678,2618456285.00,1631415479999,17725.73264640,63,1923297557.00,13022.22914423,0
1631415480000,0.00000677,0.00000679,0.00000677,0.00000678,2306794218.00,1631415539999,15640.71047196,52,2203065291.00,14937.56082032,0
1631415540000,0.00000678,0.00000680,0.00000678,0.00000680,3822055894.00,1631415599999,25947.50797003,39,3084462935.00,20944.79190801,0
1631415600000,0.00000680,0.00000680,0.00000678,0.00000679,12773365234.00,1631415659999,86710.70655262,103,3754442431.00,25499.40814425,0
1631415660000,0.00000678,0.00000680,0.00000678,0.00000680,3093557084.00,1631415719999,21012.66030870,58,1805117608.00,12264.85973407,0
1631415720000,0.00000680,0.00000680,0.00000678,0.00000679,4258783257.00,1631415779999,28916.39077137,81,492941297.00,3349.03450393,0
1631415780000,0.00000679,0.00000679,0.00000678,0.00000678,352640069.00,1631415839999,2392.69871053,9,179904271.00,1221.55000009,0
1631415840000,0.00000679,0.00000679,0.00000678,0.00000678,552738347.00,1631415899999,3750.07590934,24,250991668.00,1704.23342572,0
1631415900000,0.00000678,0.00000679,0.00000678,0.00000678,609794793.00,1631415959999,4135.63903682,22,123034028.00,835.40105012,0
1631415960000,0.00000679,0.00000679,0.00000677,0.00000678,2871248028.00,1631416019999,19457.42129102,64,164284509.00,1114.24661333,0
1631416020000,0.00000678,0.00000678,0.00000677,0.00000677,1139362630.00,1631416079999,7722.03483669,34,854983159.00,5796.78581802,0
1631416080000,0.00000677,0.00000678,0.00000677,0.00000677,878168876.00,1631416139999,5952.16909308,17,696580256.00,4722.81413568,0
1631416140000,0.00000678,0.00000679,0.00000677,0.00000679,6079425084.00,1631416199999,41222.89704524,106,5246031739.00,35580.82409959,0
1631416200000,0.00000679,0.00000679,0.00000678,0.00000679,1150442454.00,1631416259999,7810.95701342,28,1095717530.00,7439.92202870,0
1631416260000,0.00000679,0.00000680,0.00000678,0.00000679,1383821725.00,1631416319999,9396.50052924,32,1009964791.00,6858.04333089,0
1631416320000,0.00000679,0.00000680,0.00000677,0.00000678,5778004335.00,1631416379999,39202.50050614,67,728681110.00,4941.54388340,0
1631416380000,0.00000677,0.00000678,0.00000677,0.00000677,598160705.00,1631416439999,4053.05677618,20,350880333.00,2378.96865774,0
1631416440000,0.00000678,0.00000679,0.00000677,0.00000679,2533873981.00,1631416499999,17184.24792427,59,1927736483.00,13075.77651487,0
1631416500000,0.00000679,0.00000679,0.00000678,0.00000679,1557331282.00,1631416559999,10572.22208298,35,1351599102.00,9177.35790258,0
1631416560000,0.00000679,0.00000679,0.00000678,0.00000678,362285525.00,1631416619999,2459.05914814,19,276328864.00,1876.27298656,0
1631416620000,0.00000678,0.00000679,0.00000678,0.00000678,5294442348.00,1631416679999,35928.53091485,51,3221179541.00,21871.80908339,0
1631416680000,0.00000678,0.00000679,0.00000678,0.00000679,1389189196.00,1631416739999,9429.20347791,23,1050072903.00,7129.99501137,0
1631416740000,0.00000679,0.00000679,0.00000678,0.00000679,482694747.00,1631416799999,3276.82037162,14,414998696.00,2817.84114584,0
1631416800000,0.00000679,0.00000679,0.00000678,0.00000679,1449960489.00,1631416859999,9838.24161914,31,750950372.00,5098.95302588,0
1631416860000,0.00000679,0.00000679,0.00000678,0.00000679,817610986.00,1631416919999,5550.74047375,29,733798867.00,4982.49430693,0
1631416920000,0.00000679,0.00000679,0.00000678,0.00000679,916718559.00,1631416979999,6221.58051077,19,622868075.00,4229.27422925,0
1631416980000,0.00000679,0.00000679,0.00000678,0.00000678,1755859395.00,1631417039999,11916.00745984,33,1128076174.00,7659.63722146,0
1631417040000,0.00000678,0.00000679,0.00000678,0.00000678,623238243.00,1631417099999,4230.58921882,17,503393128.00,3418.03933912,0
1631417100000,0.00000679,0.00000679,0.00000678,0.00000679,450610606.00,1631417159999,3056.61006394,24,147015526.00,998.23542154,0
1631417160000,0.00000678,0.00000679,0.00000678,0.00000679,3503064128.00,1631417219999,23751.31204532,28,53725748.00,364.79782892,0
1631417220000,0.00000678,0.00000679,0.00000678,0.00000679,1597862885.00,1631417279999,10837.02529113,28,351493083.00,2386.63803357,0
1631417280000,0.00000678,0.00000679,0.00000678,0.00000679,293947202.00,1631417339999,1993.40958905,20,44755949.00,303.89289371,0
1631417340000,0.00000679,0.00000679,0.00000678,0.00000678,1210359277.00,1631417399999,8212.62831930,20,639242124.00,4340.45402196,0
1631417400000,0.00000679,0.00000679,0.00000678,0.00000678,516222100.00,1631417459999,3504.02923558,19,404339758.00,2745.46695682,0
1631417460000,0.00000678,0.00000679,0.00000678,0.00000679,1330225373.00,1631417519999,9021.85722351,21,292919457.00,1988.92311303,0
1631417520000,0.00000679,0.00000679,0.00000678,0.00000679,748785522.00,1631417579999,5077.60604479,15,84020563.00,570.49962277,0
1631417580000,0.00000679,0.00000679,0.00000678,0.00000679,1999947494.00,1631417639999,13578.16507227,16,1852106295.00,12575.80174305,0
1631417640000,0.00000678,0.00000679,0.00000678,0.00000679,377815796.00,1631417699999,2564.25120755,20,266011067.00,1806.21514493,0
1631417700000,0.00000678,0.00000679,0.00000678,0.00000678,691524313.00,1631417759999,4689.11562141,18,58077927.00,394.34912433,0
1631417760000,0.00000678,0.00000679,0.00000678,0.00000679,337049255.00,1631417819999,2286.82797273,20,163402383.00,1109.50218057,0
1631417820000,0.00000678,0.00000679,0.00000678,0.00000679,1478600159.00,1631417879999,10029.69616252,21,478708450.00,3250.43037550,0
1631417880000,0.00000678,0.00000679,0.00000678,0.00000679,505229253.00,1631417939999,3430.39634515,17,494200981.00,3355.62466099,0
1631417940000,0.00000679,0.00000679,0.00000678,0.00000678,427811197.00,1631417999999,2904.74964942,14,418973376.00,2844.82922304,0
1631418000000,0.00000678,0.00000679,0.00000678,0.00000679,623576197.00,1631418059999,4229.08410337,17,123748771.00,840.25415509,0
1631418060000,0.00000678,0.00000679,0.00000678,0.00000678,576941487.00,1631418119999,3915.49595846,22,383267660.00,2602.38741140,0
1631418120000,0.00000678,0.00000679,0.00000678,0.00000678,1385933172.00,1631418179999,9400.50842801,30,388152185.00,2635.55333615,0
1631418180000,0.00000679,0.00000679,0.00000678,0.00000679,755088628.00,1631418239999,5123.71828904,23,421739120.00,2863.60862480,0
1631418240000,0.00000679,0.00000679,0.00000678,0.00000679,548747068.00,1631418299999,3723.91926512,17,341414408.00,2318.20383032,0
1631418300000,0.00000679,0.00000679,0.00000678,0.00000679,2680810593.00,1631418359999,18198.67839322,52,2278257268.00,15469.36684972,0
1631418360000,0.00000679,0.00000679,0.00000678,0.00000678,576580346.00,1631418419999,3914.49768701,20,528294113.00,3587.11702727,0
1631418420000,0.00000679,0.00000679,0.00000678,0.00000679,836252152.00,1631418479999,5676.83070890,23,704111834.00,4780.91935286,0
1631418480000,0.00000679,0.00000679,0.00000678,0.00000678,626602652.00,1631418539999,4250.78663263,23,242065207.00,1643.62275553,0
1631418540000,0.00000679,0.00000680,0.00000678,0.00000679,6730077511.00,1631418599999,45691.36855427,43,5553216163.00,37711.76968569,0
1631418600000,0.00000680,0.00000680,0.00000679,0.00000680,383349564.00,1631418659999,2606.61041784,20,366687828.00,2493.47723040,0
1631418660000,0.00000680,0.00000680,0.00000679,0.00000679,130313644.00,1631418719999,885.72633071,11,89668795.00,609.74780600,0
1631418720000,0.00000680,0.00000680,0.00000679,0.00000679,730257509.00,1631418779999,4964.43548484,18,598699873.00,4071.15913640,0
1631418780000,0.00000680,0.00000680,0.00000679,0.00000680,439589062.00,1631418839999,2986.68122860,19,187149762.00,1272.61838160,0
1631418840000,0.00000680,0.00000680,0.00000679,0.00000680,172900256.00,1631418899999,1174.69748607,20,70474783.00,479.22852440,0
1631418900000,0.00000680,0.00000680,0.00000679,0.00000680,640591429.00,1631418959999,4351.68989677,22,207409386.00,1410.38382480,0
1631418960000,0.00000680,0.00000680,0.00000679,0.00000679,726426700.00,1631419019999,4934.00589863,25,156860563.00,1066.65182840,0
1631419020000,0.00000680,0.00000680,0.00000679,0.00000679,1507614206.00,1631419079999,10250.28486643,21,1358440769.00,9237.39722920,0
1631419080000,0.00000680,0.00000680,0.00000679,0.00000680,989340734.00,1631419139999,6726.59745482,38,897387096.00,6102.23225280,0
1631419140000,0.00000680,0.00000680,0.00000679,0.00000680,962965228.00,1631419199999,6545.94132221,26,740742409.00,5037.04838120,0
1631419200000,0.00000680,0.00000680,0.00000679,0.00000679,2356872428.00,1631419259999,16017.06393091,51,1390014479.00,9452.09845720,0
1631419260000,0.00000679,0.00000680,0.00000679,0.00000680,3491210559.00,1631419319999,23719.11879454,46,1379909893.00,9383.38727240,0
1631419320000,0.00000679,0.00000680,0.00000678,0.00000679,3044615317.00,1631419379999,20671.62095812,72,961305024.00,6527.27626001,0
1631419380000,0.00000679,0.00000679,0.00000678,0.00000678,378026191.00,1631419439999,2566.47172043,22,345414545.00,2345.36476055,0
1631419440000,0.00000678,0.00000679,0.00000678,0.00000678,559527339.00,1631419499999,3794.85982866,18,126447024.00,858.57529296,0
1631419500000,0.00000678,0.00000680,0.00000678,0.00000679,3722976632.00,1631419559999,25274.77379414,72,2972033367.00,20180.46744187,0
1631419560000,0.00000680,0.00000680,0.00000679,0.00000680,1752728249.00,1631419619999,11916.25021763,45,1522540692.00,10353.27670560,0
1631419620000,0.00000680,0.00000680,0.00000679,0.00000679,371297828.00,1631419679999,2523.28423114,28,217197902.00,1476.94573360,0
1631419680000,0.00000679,0.00000680,0.00000679,0.00000679,646086340.00,1631419739999,4390.04509874,30,311885014.00,2120.81809520,0
1631419740000,0.00000680,0.00000680,0.00000679,0.00000679,1822755393.00,1631419799999,12379.75096815,44,324184968.00,2204.45778240,0
1631419800000,0.00000679,0.00000680,0.00000679,0.00000680,1648093172.00,1631419859999,11190.96787480,19,41523692.00,282.36110560,0
1631419860000,0.00000680,0.00000680,0.00000679,0.00000680,334664418.00,1631419919999,2272.99594739,22,62454917.00,424.69343560,0
1631419920000,0.00000679,0.00000681,0.00000679,0.00000681,5555721694.00,1631419979999,37774.70706010,82,3904573477.00,26551.62465940,0
1631419980000,0.00000681,0.00000682,0.00000680,0.00000682,5848178462.00,1631420039999,39835.91884630,111,5021791604.00,34209.02614058,0
1631420040000,0.00000681,0.00000682,0.00000681,0.00000682,4917655648.00,1631420099999,33536.26297096,57,4702800808.00,32073.10151056,0
1631420100000,0.00000682,0.00000683,0.00000681,0.00000683,2683184013.00,1631420159999,18299.97885951,76,686483302.00,4682.94272845,0
1631420160000,0.00000682,0.00000682,0.00000681,0.00000682,4131188948.00,1631420219999,28166.42982154,55,1632866006.00,11136.14616092,0
1631420220000,0.00000681,0.00000682,0.00000681,0.00000682,1032615597.00,1631420279999,7033.18586473,34,107364916.00,732.22872712,0
1631420280000,0.00000682,0.00000682,0.00000681,0.00000682,1878202024.00,1631420339999,12805.58850428,33,1503272084.00,10252.31561288,0
1631420340000,0.00000682,0.00000682,0.00000681,0.00000682,475247667.00,1631420399999,3240.33427934,25,389766707.00,2658.20894174,0
1631420400000,0.00000682,0.00000682,0.00000681,0.00000682,880425029.00,1631420459999,6003.46493397,39,777048648.00,5299.47177936,0
1631420460000,0.00000682,0.00000682,0.00000681,0.00000682,3726685745.00,1631420519999,25413.62593999,97,3489601654.00,23799.08328028,0
1631420520000,0.00000682,0.00000683,0.00000682,0.00000683,2471880251.00,1631420579999,16863.21115622,82,2113296428.00,14417.66948336,0
1631420580000,0.00000683,0.00000683,0.00000682,0.00000682,1342956975.00,1631420639999,9167.78490597,24,881833647.00,6022.92380901,0
1631420640000,0.00000682,0.00000684,0.00000682,0.00000684,10537569951.00,1631420699999,71983.66141746,135,7055478936.00,48201.92905585,0
1631420700000,0.00000684,0.00000685,0.00000683,0.00000685,3469092563.00,1631420759999,23746.51749777,164,2704590205.00,18517.85647818,0
1631420760000,0.00000685,0.00000685,0.00000684,0.00000685,1205206818.00,1631420819999,8252.50200403,42,888736891.00,6087.84770335,0
1631420820000,0.00000685,0.00000686,0.00000684,0.00000685,2479482130.00,1631420879999,16981.78634611,57,1660129111.00,11372.03281281,0
1631420880000,0.00000685,0.00000687,0.00000685,0.00000687,10996629268.00,1631420939999,75454.33253627,235,8232415629.00,56494.71439716,0
1631420940000,0.00000687,0.00000688,0.00000686,0.00000688,1982660977.00,1631420999999,13629.34037968,132,1269151103.00,8727.62823310,0
1631421000000,0.00000688,0.00000688,0.00000687,0.00000687,6649671605.00,1631421059999,45686.28922241,60,304529606.00,2095.16368928,0
1631421060000,0.00000687,0.00000687,0.00000686,0.00000687,2526184331.00,1631421119999,17351.06064483,83,1570115929.00,10786.69643223,0
1631421120000,0.00000687,0.00000687,0.00000686,0.00000687,889963281.00,1631421179999,6113.21752055,31,806941289.00,5543.68665543,0
1631421180000,0.00000687,0.00000687,0.00000686,0.00000687,1927644198.00,1631421239999,13235.23626913,56,1159707085.00,7967.18767395,0
1631421240000,0.00000687,0.00000687,0.00000686,0.00000687,1107032563.00,1631421299999,7599.02335375,43,477997157.00,3283.84046859,0
1631421300000,0.00000686,0.00000687,0.00000686,0.00000686,1012834157.00,1631421359999,6949.87162844,35,182931142.00,1256.73694554,0
1631421360000,0.00000686,0.00000687,0.00000684,0.00000684,13134522356.00,1631421419999,90007.39399851,243,2609989413.00,17879.01799513,0
1631421420000,0.00000685,0.00000686,0.00000684,0.00000685,1960780509.00,1631421479999,13428.27230088,66,658276694.00,4509.21498390,0
1631421480000,0.00000685,0.00000685,0.00000683,0.00000683,843688638.00,1631421539999,5766.52413866,38,179400559.00,1227.68643969,0
1631421540000,0.00000683,0.00000684,0.00000683,0.00000683,1650455255.00,1631421599999,11273.57096085,31,96156920.00,657.71333280,0
1631421600000,0.00000684,0.00000684,0.00000683,0.00000683,297170143.00,1631421659999,2031.28887244,22,161679575.00,1105.88829300,0
1631421660000,0.00000684,0.00000684,0.00000683,0.00000684,2447699846.00,1631421719999,16721.54099070,41,375104252.00,2565.71308368,0
1631421720000,0.00000684,0.00000684,0.00000683,0.00000683,1054779131.00,1631421779999,7208.33530678,25,419384205.00,2868.58796220,0
1631421780000,0.00000684,0.00000684,0.00000683,0.00000683,1360233362.00,1631421839999,9299.28788015,31,889401769.00,6083.50809996,0
1631421840000,0.00000684,0.00000684,0.00000683,0.00000683,925781481.00,1631421899999,6328.69061443,27,560309920.00,3832.51985280,0
1631421900000,0.00000684,0.00000684,0.00000683,0.00000684,363644620.00,1631421959999,2484.41313346,24,72037886.00,492.73914024,0
1631421960000,0.00000684,0.00000684,0.00000682,0.00000682,4109368727.00,1631422019999,28067.93179647,100,665763849.00,4550.82873104,0
1631422020000,0.00000682,0.00000683,0.00000681,0.00000682,5772849287.00,1631422079999,39340.37511746,91,333295416.00,2274.08564283,0
1631422080000,0.00000681,0.00000683,0.00000681,0.00000683,3499557941.00,1631422139999,23871.30297041,66,2505748391.00,17097.96247718,0
1631422140000,0.00000683,0.00000683,0.00000682,0.00000682,1264001060.00,1631422199999,8629.30350257,30,881627337.00,6021.51471171,0
1631422200000,0.00000683,0.00000683,0.00000682,0.00000682,902211948.00,1631422259999,6159.33152886,27,624604350.00,4266.04771050,0
1631422260000,0.00000683,0.00000683,0.00000682,0.00000682,431150606.00,1631422319999,2943.32068502,27,287355210.00,1962.63608430,0
1631422320000,0.00000683,0.00000683,0.00000682,0.00000682,491223636.00,1631422379999,3351.09594551,22,95074799.00,649.36087717,0
1631422380000,0.00000682,0.00000683,0.00000682,0.00000682,2239081555.00,1631422439999,15285.08894273,38,1455273763.00,9939.51980129,0
1631422440000,0.00000683,0.00000683,0.00000682,0.00000682,4141273183.00,1631422499999,28257.52185106,48,1403874300.00,9588.46146900,0
1631422500000,0.00000683,0.00000683,0.00000682,0.00000683,2307694671.00,1631422559999,15750.45648495,38,1197882873.00,8181.54002259,0
1631422560000,0.00000682,0.00000683,0.00000682,0.00000683,832229913.00,1631422619999,5676.41626557,21,60825891.00,415.44083553,0
1631422620000,0.00000682,0.00000684,0.00000682,0.00000684,2293116196.00,1631422679999,15663.32291276,60,1718159184.00,11736.41832485,0
1631422680000,0.00000684,0.00000684,0.00000683,0.00000683,1641867540.00,1631422739999,11225.15202989,34,1119673169.00,7658.56447596,0
1631422740000,0.00000683,0.00000684,0.00000683,0.00000684,613597599.00,1631422799999,4192.39049415,28,151889298.00,1038.92279832,0
1631422800000,0.00000684,0.00000684,0.00000682,0.00000683,8931625588.00,1631422859999,60986.56707464,138,5746798685.00,39254.33589574,0
1631422860000,0.00000683,0.00000684,0.00000683,0.00000684,987215061.00,1631422919999,6747.56228103,19,488341440.00,3340.25544960,0
1631422920000,0.00000684,0.00000684,0.00000683,0.00000684,668884504.00,1631422979999,4574.59311468,43,611195236.00,4180.57541424,0
1631422980000,0.00000684,0.00000686,0.00000683,0.00000686,7975214707.00,1631423039999,54640.32240803,169,4344272085.00,29772.34038846,0
1631423040000,0.00000685,0.00000686,0.00000685,0.00000686,2660288976.00,1631423099999,18228.73490593,25,575542033.00,3948.21834638,0
1631423100000,0.00000686,0.00000686,0.00000685,0.00000685,300235012.00,1631423159999,2058.06167980,22,145184760.00,995.96745360,0
1631423160000,0.00000686,0.00000686,0.00000685,0.00000685,1946611307.00,1631423219999,13344.58260871,44,1029515576.00,7062.47685136,0
1631423220000,0.00000686,0.00000686,0.00000685,0.00000685,244187568.00,1631423279999,1674.37359929,13,168875849.00,1158.48832414,0
1631423280000,0.00000685,0.00000686,0.00000684,0.00000685,6345744513.00,1631423339999,43468.81560008,62,2041059215.00,13982.09253894,0
1631423340000,0.00000684,0.00000685,0.00000684,0.00000684,864380945.00,1631423399999,5917.63162897,26,526596517.00,3607.18614145,0
1631423400000,0.00000685,0.00000685,0.00000684,0.00000684,1486447499.00,1631423459999,10176.81758745,37,951669429.00,6518.93558865,0
1631423460000,0.00000685,0.00000685,0.00000684,0.00000684,1008361621.00,1631423519999,6902.79335911,29,559987147.00,3835.91195695,0
1631423520000,0.00000684,0.00000685,0.00000684,0.00000685,1946907654.00,1631423579999,13328.00662177,24,1115826841.00,7643.41386085,0
1631423580000,0.00000684,0.00000685,0.00000684,0.00000685,1201833804.00,1631423639999,8221.75438445,48,121116509.00,829.64808665,0
1631423640000,0.00000684,0.00000685,0.00000684,0.00000685,419433129.00,1631423699999,2870.54412048,24,162151812.00,1110.73991220,0
1631423700000,0.00000684,0.00000685,0.00000683,0.00000684,3653500916.00,1631423759999,24989.53301701,78,244029833.00,1670.58997831,0
1631423760000,0.00000684,0.00000684,0.00000683,0.00000683,405228495.00,1631423819999,2770.19965118,18,248903033.00,1702.49674572,0
1631423820000,0.00000684,0.00000684,0.00000683,0.00000684,1482742478.00,1631423879999,10136.01055156,39,887942682.00,6073.52794488,0
1631423880000,0.00000683,0.00000684,0.00000683,0.00000683,1324058617.00,1631423939999,9043.96867602,36,64832191.00,443.45218644,0
1631423940000,0.00000683,0.00000684,0.00000683,0.00000684,2427529311.00,1631423999999,16584.26795476,47,424276063.00,2902.04827092,0
1631424000000,0.00000683,0.00000684,0.00000682,0.00000682,5799273841.00,1631424059999,39613.57900095,80,861611202.00,5891.54980015,0
1631424060000,0.00000682,0.00000682,0.00000682,0.00000682,880553743.00,1631424119999,6005.37652726,22,0.00,0.00000000,0
1631424120000,0.00000682,0.00000683,0.00000682,0.00000682,2035845991.00,1631424179999,13887.35571837,28,288605975.00,1971.17880925,0
1631424180000,0.00000682,0.00000683,0.00000682,0.00000682,1224061513.00,1631424239999,8350.63752301,30,253800435.00,1733.45697105,0
1631424240000,0.00000683,0.00000683,0.00000682,0.00000682,1935111018.00,1631424299999,13212.81113917,32,1535399641.00,10486.77954803,0
1631424300000,0.00000682,0.00000683,0.00000682,0.00000682,1515284615.00,1631424359999,10341.46979912,35,722872482.00,4937.21905206,0
1631424360000,0.00000682,0.00000683,0.00000682,0.00000683,644596438.00,1631424419999,4400.17869843,23,403099127.00,2753.16703741,0
1631424420000,0.00000683,0.00000683,0.00000682,0.00000682,1568097117.00,1631424479999,10698.01402007,28,359168213.00,2453.11889479,0
1631424480000,0.00000682,0.00000683,0.00000682,0.00000683,1356055801.00,1631424539999,9248.41625405,16,11569123.00,79.01711009,0
1631424540000,0.00000682,0.00000683,0.00000682,0.00000682,744164124.00,1631424599999,5076.13750780,18,93818212.00,640.77838796,0
1631424600000,0.00000683,0.00000683,0.00000682,0.00000682,1390842575.00,1631424659999,9496.40577408,38,1085941258.00,7416.97879214,0
1631424660000,0.00000682,0.00000683,0.00000682,0.00000683,1220214667.00,1631424719999,8332.04754036,41,1018351142.00,6955.33829986,0
1631424720000,0.00000682,0.00000683,0.00000682,0.00000683,403293420.00,1631424779999,2753.38999995,19,292887555.00,2000.42200065,0
1631424780000,0.00000683,0.00000683,0.00000682,0.00000682,494437576.00,1631424839999,3376.34282483,21,427855651.00,2922.25409633,0
1631424840000,0.00000682,0.00000683,0.00000682,0.00000683,673561966.00,1631424899999,4594.59597979,25,90337167.00,617.00285061,0
1631424900000,0.00000682,0.00000683,0.00000682,0.00000682,11874240715.00,1631424959999,80994.44469973,38,1212302343.00,8280.02500269,0
1631424960000,0.00000683,0.00000683,0.00000682,0.00000682,2239687720.00,1631425019999,15275.20103084,32,53078044.00,362.52304052,0
1631425020000,0.00000683,0.00000683,0.00000682,0.00000682,982740775.00,1631425079999,6703.52932641,25,123724091.00,845.03554153,0
1631425080000,0.00000682,0.00000683,0.00000682,0.00000683,616764347.00,1631425139999,4207.25501225,22,92216571.00,629.83917993,0
1631425140000,0.00000682,0.00000683,0.00000682,0.00000683,646397543.00,1631425199999,4409.00870173,45,57745847.00,394.40413501,0
1631425200000,0.00000682,0.00000683,0.00000682,0.00000682,334655290.00,1631425259999,2283.42840967,24,107933187.00,737.18366721,0
1631425260000,0.00000683,0.00000683,0.00000682,0.00000682,3974292650.00,1631425319999,27105.80961990,94,113374690.00,774.34913270,0
1631425320000,0.00000683,0.00000683,0.00000682,0.00000682,768579215.00,1631425379999,5247.40914387,30,569889757.00,3892.34704031,0
1631425380000,0.00000683,0.00000683,0.00000682,0.00000683,3236498914.00,1631425439999,22078.59333563,62,567074215.00,3873.11688845,0
1631425440000,0.00000682,0.00000683,0.00000682,0.00000683,373786296.00,1631425499999,2549.70436856,27,48182984.00,329.08978072,0
1631425500000,0.00000683,0.00000683,0.00000682,0.00000683,501007304.00,1631425559999,3421.26524997,23,439543669.00,3002.08325927,0
1631425560000,0.00000682,0.00000683,0.00000682,0.00000682,1525506433.00,1631425619999,10406.28407861,35,233020555.00,1591.53039065,0
1631425620000,0.00000683,0.00000683,0.00000682,0.00000683,2642148613.00,1631425679999,18031.98566936,31,1253212870.00,8559.44390210,0
1631425680000,0.00000683,0.00000683,0.00000682,0.00000683,509749231.00,1631425739999,3480.06585877,26,357610335.00,2442.47858805,0
1631425740000,0.00000683,0.00000683,0.00000682,0.00000683,1339960194.00,1631425799999,9150.18413376,49,1165561068.00,7960.78209444,0
1631425800000,0.00000683,0.00000683,0.00000682,0.00000682,295651616.00,1631425859999,2017.51733724,18,117331612.00,801.37490996,0
1631425860000,0.00000683,0.00000683,0.00000682,0.00000683,1250135924.00,1631425919999,8530.81444949,29,488744781.00,3338.12685423,0
1631425920000,0.00000682,0.00000684,0.00000682,0.00000684,1943349723.00,1631425979999,13279.25208909,43,1758622947.00,12018.32435747,0
1631425980000,0.00000684,0.00000684,0.00000683,0.00000684,814683398.00,1631426039999,5571.08422640,32,679661806.00,4648.88675304,0
1631426040000,0.00000684,0.00000684,0.00000683,0.00000683,824370383.00,1631426099999,5637.81388892,28,736417303.00,5037.09435252,0
1631426100000,0.00000683,0.00000684,0.00000683,0.00000684,716335927.00,1631426159999,4895.88296577,31,330858436.00,2263.07170224,0
1631426160000,0.00000684,0.00000684,0.00000683,0.00000684,2762525490.00,1631426219999,18869.39257678,45,134348008.00,918.94037472,0
1631426220000,0.00000683,0.00000684,0.00000683,0.00000684,1111488521.00,1631426279999,7593.90912702,24,244252859.00,1670.68955556,0
1631426280000,0.00000683,0.00000684,0.00000683,0.00000683,1762738678.00,1631426339999,12040.51251739,25,100734665.00,689.02510860,0
1631426340000,0.00000684,0.00000684,0.00000683,0.00000683,1690437847.00,1631426399999,11557.15616677,38,1146567176.00,7842.51948384,0
1631426400000,0.00000683,0.00000684,0.00000683,0.00000683,543533801.00,1631426459999,3716.22068066,26,388481983.00,2657.21676372,0
1631426460000,0.00000684,0.00000684,0.00000683,0.00000683,5135779326.00,1631426519999,35079.66989043,64,229709385.00,1571.21219340,0
1631426520000,0.00000683,0.00000684,0.00000683,0.00000683,735359030.00,1631426579999,5022.85353690,19,35136200.00,240.33160800,0
1631426580000,0.00000683,0.00000684,0.00000682,0.00000682,4093858189.00,1631426639999,27961.56404688,51,1052919890.00,7192.18341243,0
1631426640000,0.00000683,0.00000683,0.00000682,0.00000683,785719255.00,1631426699999,5362.94384926,23,433853016.00,2963.21609928,0
1631426700000,0.00000682,0.00000684,0.00000682,0.00000683,6325978540.00,1631426759999,43227.66687088,98,6184914003.00,42264.50513624,0
1631426760000,0.00000684,0.00000684,0.00000683,0.00000684,375498220.00,1631426819999,2565.80481154,19,115196894.00,787.94675496,0
1631426820000,0.00000684,0.00000685,0.00000683,0.00000684,4541381507.00,1631426879999,31060.28506653,58,1081230019.00,7396.62517638,0
1631426880000,0.00000685,0.00000685,0.00000684,0.00000684,405246139.00,1631426939999,2774.89034491,23,300675415.00,2059.62659275,0
1631426940000,0.00000685,0.00000685,0.00000684,0.00000684,1464915802.00,1631426999999,10033.20386096,43,1317977528.00,9028.14606680,0
1631427000000,0.00000685,0.00000685,0.00000684,0.00000685,1575150485.00,1631427059999,10785.99945932,35,1197014192.00,8199.54721520,0
1631427060000,0.00000685,0.00000685,0.00000684,0.00000685,1194656075.00,1631427119999,8173.93296400,28,248541100.00,1702.50653500,0
1631427120000,0.00000684,0.00000685,0.00000683,0.00000684,2329743967.00,1631427179999,15934.08019304,87,354756462.00,2430.06573841,0
1631427180000,0.00000683,0.00000684,0.00000683,0.00000683,2220023443.00,1631427239999,15165.65770561,80,289758992.00,1981.95150528,0
1631427240000,0.00000683,0.00000684,0.00000683,0.00000684,2894097839.00,1631427299999,19788.09917970,26,2141093933.00,14645.08250172,0
1631427300000,0.00000683,0.00000684,0.00000683,0.00000683,1566562094.00,1631427359999,10707.88862424,36,826952222.00,5656.35319848,0
1631427360000,0.00000683,0.00000684,0.00000682,0.00000683,4851182817.00,1631427419999,33132.52765156,126,375564330.00,2568.84392789,0
1631427420000,0.00000683,0.00000683,0.00000682,0.00000683,2017302504.00,1631427479999,13758.74722456,40,74414728.00,508.25259224,0
1631427480000,0.00000683,0.00000683,0.00000682,0.00000682,1207818596.00,1631427539999,8237.95067406,28,62784934.00,428.82109922,0
1631427540000,0.00000683,0.00000683,0.00000682,0.00000683,443634555.00,1631427599999,3029.16970470,22,358203960.00,2446.53304680,0
1631427600000,0.00000683,0.00000683,0.00000682,0.00000683,1572569785.00,1631427659999,10732.59201193,33,766607823.00,5235.93143109,0
1631427660000,0.00000683,0.00000683,0.00000682,0.00000682,656446912.00,1631427719999,4481.60604765,31,463810781.00,3167.82763423,0
1631427720000,0.00000683,0.00000683,0.00000682,0.00000683,3574081305.00,1631427779999,24376.22564804,29,99114794.00,676.95404302,0
1631427780000,0.00000683,0.00000683,0.00000682,0.00000682,2669139143.00,1631427839999,18205.60921206,27,208025680.00,1420.81539440,0
1631427840000,0.00000683,0.00000683,0.00000682,0.00000682,744585030.00,1631427899999,5080.60210430,28,253219970.00,1729.49239510,0
1631427900000,0.00000682,0.00000683,0.00000682,0.00000682,487307404.00,1631427959999,3325.32593648,32,188944120.00,1290.48833960,0
1631427960000,0.00000683,0.00000683,0.00000682,0.00000682,1978638423.00,1631428019999,13509.12887474,34,1481482988.00,10118.52880804,0
1631428020000,0.00000683,0.00000683,0.00000682,0.00000682,994213289.00,1631428079999,6786.49841243,31,596378145.00,4073.26273035,0
1631428080000,0.00000682,0.00000683,0.00000682,0.00000683,9185860174.00,1631428139999,62653.07791936,119,551153268.00,3764.37682044,0
1631428140000,0.00000682,0.00000683,0.00000682,0.00000682,1703928340.00,1631428199999,11629.75106538,26,895978658.00,6119.53423414,0
1631428200000,0.00000682,0.00000683,0.00000681,0.00000682,733634385.00,1631428259999,5002.81813969,34,65068371.00,443.89792421,0
1631428260000,0.00000682,0.00000682,0.00000681,0.00000681,4744823822.00,1631428319999,32313.87930978,29,162908196.00,1111.03389672,0
1631428320000,0.00000681,0.00000682,0.00000681,0.00000681,5809665755.00,1631428379999,39564.51616484,43,69237329.00,472.19858378,0
1631428380000,0.00000682,0.00000682,0.00000681,0.00000681,1737622260.00,1631428439999,11834.73096504,35,152337444.00,1038.94136808,0
1631428440000,0.00000681,0.00000682,0.00000680,0.00000681,7975174510.00,1631428499999,54305.46666823,189,260477040.00,1774.64763099,0
1631428500000,0.00000680,0.00000681,0.00000680,0.00000680,2106209973.00,1631428559999,14333.61010202,50,1138228562.00,7751.33650722,0
1631428560000,0.00000680,0.00000681,0.00000680,0.00000680,3278988319.00,1631428619999,22298.08861823,26,96804903.00,659.24138943,0
1631428620000,0.00000680,0.00000681,0.00000680,0.00000681,1332025232.00,1631428679999,9067.22793565,38,945635805.00,6439.77983205,0
1631428680000,0.00000681,0.00000681,0.00000680,0.00000681,1166056341.00,1631428739999,7939.18361156,39,1000049276.00,6810.33556956,0
1631428740000,0.00000680,0.00000681,0.00000680,0.00000680,6869592392.00,1631428799999,46717.63395710,89,440569150.00,3000.27591150,0
1631428800000,0.00000680,0.00000681,0.00000680,0.00000681,5274454962.00,1631428859999,35873.83753059,75,754378899.00,5137.32030219,0
1631428860000,0.00000680,0.00000681,0.00000680,0.00000680,7630019323.00,1631428919999,51886.44805891,86,231666251.00,1577.64716931,0
1631428920000,0.00000681,0.00000681,0.00000680,0.00000681,1762731912.00,1631428979999,11992.22010572,47,564310412.00,3842.95390572,0
1631428980000,0.00000680,0.00000682,0.00000680,0.00000682,2532221315.00,1631429039999,17250.80447237,85,2049891211.00,13966.54434883,0
1631429040000,0.00000682,0.00000682,0.00000681,0.00000681,1385381011.00,1631429099999,9437.84222511,29,339754020.00,2317.12241640,0
1631429100000,0.00000682,0.00000682,0.00000680,0.00000680,1751064125.00,1631429159999,11921.03738544,70,671494236.00,4573.10353454,0
1631429160000,0.00000681,0.00000681,0.00000680,0.00000681,541171073.00,1631429219999,3683.02393289,21,306063649.00,2084.29344969,0
1631429220000,0.00000680,0.00000681,0.00000680,0.00000680,10327967639.00,1631429279999,70255.43959299,119,2525964779.00,17201.82014499,0
1631429280000,0.00000680,0.00000681,0.00000679,0.00000680,10739991713.00,1631429339999,72996.65317003,118,4162911402.00,28308.81958060,0
1631429340000,0.00000680,0.00000680,0.00000679,0.00000679,360846404.00,1631429399999,2452.33562303,21,218853987.00,1488.20711160,0
1631429400000,0.00000680,0.00000680,0.00000679,0.00000680,419664758.00,1631429459999,2850.37272563,23,84901881.00,577.33279080,0
1631429460000,0.00000680,0.00000680,0.00000679,0.00000679,1370268687.00,1631429519999,9309.03199195,34,490760722.00,3337.17290960,0
1631429520000,0.00000679,0.00000680,0.00000679,0.00000679,3823978675.00,1631429579999,25971.10481978,113,628961653.00,4276.93924040,0
1631429580000,0.00000679,0.00000680,0.00000679,0.00000679,5606865921.00,1631429639999,38094.52903687,61,2390943328.00,16258.41463040,0
1631429640000,0.00000679,0.00000680,0.00000679,0.00000679,2654519239.00,1631429699999,18024.64044742,34,45481461.00,309.27393480,0
1631429700000,0.00000679,0.00000680,0.00000679,0.00000680,3419940600.00,1631429759999,23223.08772770,46,169105370.00,1149.91651600,0
1631429760000,0.00000679,0.00000680,0.00000679,0.00000680,1259992586.00,1631429819999,8559.71154220,28,436188326.00,2966.08061680,0
1631429820000,0.00000680,0.00000680,0.00000679,0.00000679,1315162685.00,1631429879999,8936.02474947,31,607011832.00,4127.68045760,0
1631429880000,0.00000679,0.00000680,0.00000679,0.00000680,1874429005.00,1631429939999,12741.22075014,46,1384780619.00,9416.50820920,0
1631429940000,0.00000679,0.00000680,0.00000679,0.00000680,1274601019.00,1631429999999,8663.61093599,44,907001698.00,6167.61154640,0
1631430000000,0.00000680,0.00000680,0.00000679,0.00000679,2859301948.00,1631430059999,19437.22276412,42,2256253720.00,15342.52529600,0
1631430060000,0.00000680,0.00000680,0.00000679,0.00000679,3406546061.00,1631430119999,23133.40559442,24,295784023.00,2011.33135640,0
1631430120000,0.00000679,0.00000680,0.00000679,0.00000679,12446054506.00,1631430179999,84512.92971761,83,421962187.00,2869.34287160,0
1631430180000,0.00000680,0.00000680,0.00000679,0.00000679,3524600961.00,1631430239999,23935.08493129,47,304440610.00,2070.19614800,0
1631430240000,0.00000679,0.00000680,0.00000679,0.00000679,3921688141.00,1631430299999,26634.95541278,31,669293539.00,4551.19606520,0
1631430300000,0.00000680,0.00000680,0.00000679,0.00000679,733586794.00,1631430359999,4983.44916563,26,239483437.00,1628.48737160,0
1631430360000,0.00000680,0.00000680,0.00000678,0.00000678,4059176428.00,1631430419999,27557.42133736,144,765225889.00,5198.83593605,0
1631430420000,0.00000678,0.00000679,0.00000678,0.00000678,524991700.00,1631430479999,3559.62316089,20,17943489.00,121.83629031,0
1631430480000,0.00000678,0.00000679,0.00000677,0.00000678,4169685506.00,1631430539999,28269.72972248,87,551205092.00,3737.25865796,0
1631430540000,0.00000677,0.00000678,0.00000676,0.00000677,15184299986.00,1631430599999,102794.85455894,255,8736891895.00,59152.02437811,0
1631430600000,0.00000677,0.00000677,0.00000676,0.00000676,5360991434.00,1631430659999,36249.57569438,87,927360054.00,6278.22756558,0
1631430660000,0.00000676,0.00000677,0.00000676,0.00000676,1969577265.00,1631430719999,13314.70491180,44,36260040.00,245.48047080,0
1631430720000,0.00000677,0.00000677,0.00000676,0.00000676,1789286821.00,1631430779999,12106.39680798,33,1081789802.00,7323.71695954,0
1631430780000,0.00000676,0.00000677,0.00000675,0.00000676,15204669386.00,1631430839999,102684.16458514,186,2921353633.00,19750.65276615,0
1631430840000,0.00000676,0.00000676,0.00000674,0.00000675,8351957361.00,1631430899999,56393.36557399,110,4928504932.00,33287.06755052,0
1631430900000,0.00000675,0.00000675,0.00000674,0.00000674,4249256629.00,1631430959999,28657.80376957,88,1781409011.00,12024.51082425,0
1631430960000,0.00000674,0.00000675,0.00000674,0.00000675,2768706809.00,1631431019999,18683.08474576,83,2200085310.00,14850.57584250,0
1631431020000,0.00000675,0.00000675,0.00000673,0.00000673,12965761918.00,1631431079999,87380.52470458,158,3540084808.00,23862.47217780,0
1631431080000,0.00000673,0.00000675,0.00000673,0.00000674,13048020373.00,1631431139999,87938.19146739,84,11929598716.00,80411.21371578,0
1631431140000,0.00000673,0.00000674,0.00000673,0.00000673,710987828.00,1631431199999,4786.70974916,42,176166672.00,1187.36336928,0
1631431200000,0.00000674,0.00000674,0.00000673,0.00000673,1672819790.00,1631431259999,11262.38336593,45,430617923.00,2902.36480102,0
1631431260000,0.00000673,0.00000674,0.00000673,0.00000673,1755651038.00,1631431319999,11820.08413005,35,455264431.00,3068.48226494,0
1631431320000,0.00000673,0.00000674,0.00000673,0.00000674,2689274602.00,1631431379999,18106.97807324,57,816000178.00,5499.84119972,0
1631431380000,0.00000674,0.00000674,0.00000671,0.00000671,26960837578.00,1631431439999,181173.73879677,300,2285528632.00,15366.27555965,0
1631431440000,0.00000672,0.00000672,0.00000669,0.00000670,36818628631.00,1631431499999,246760.78855271,458,14716381411.00,98668.36584602,0
1631431500000,0.00000670,0.00000673,0.00000669,0.00000673,10196466302.00,1631431559999,68413.59023927,256,7665323533.00,51437.37398164,0
1631431560000,0.00000673,0.00000673,0.00000672,0.00000672,1534257326.00,1631431619999,10311.92393981,41,171470909.00,1153.99921757,0
1631431620000,0.00000672,0.00000673,0.00000672,0.00000673,1785476118.00,1631431679999,12003.14579315,40,474628019.00,3194.24656787,0
1631431680000,0.00000673,0.00000673,0.00000672,0.00000672,2980489234.00,1631431739999,20043.57797795,46,1469032547.00,9886.58904131,0
1631431740000,0.00000673,0.00000673,0.00000672,0.00000672,2498559942.00,1631431799999,16795.96090727,58,563809703.00,3794.43930119,0
1631431800000,0.00000673,0.00000673,0.00000672,0.00000672,2098233501.00,1631431859999,14103.81219216,50,368306544.00,2478.70304112,0
1631431860000,0.00000672,0.00000674,0.00000672,0.00000674,5131793561.00,1631431919999,34524.81583186,96,2944706288.00,19818.41744580,0
1631431920000,0.00000674,0.00000675,0.00000673,0.00000675,2977106425.00,1631431979999,20074.86123219,79,2205697500.00,14878.88477589,0
1631431980000,0.00000674,0.00000675,0.00000674,0.00000675,1949910781.00,1631432039999,13154.87692086,46,1247825692.00,8422.82342100,0
1631432040000,0.00000675,0.00000675,0.00000674,0.00000675,6797045208.00,1631432099999,45872.92794127,66,4537020478.00,30624.88822650,0
1631432100000,0.00000676,0.00000676,0.00000675,0.00000675,1032434559.00,1631432159999,6975.87142747,49,693815422.00,4690.19225272,0
1631432160000,0.00000676,0.00000676,0.00000675,0.00000676,4741076420.00,1631432219999,32043.39636272,76,4113052772.00,27804.23673872,0
1631432220000,0.00000676,0.00000677,0.00000675,0.00000676,13964856302.00,1631432279999,94407.53420926,81,13452916720.00,90948.36674050,0
1631432280000,0.00000677,0.00000677,0.00000676,0.00000677,5865250253.00,1631432339999,39702.79619700,82,3795217512.00,25693.62255624,0
1631432340000,0.00000678,0.00000678,0.00000677,0.00000678,1545764173.00,1631432399999,10473.15214884,65,832869763.00,5646.85699314,0
1631432400000,0.00000677,0.00000678,0.00000677,0.00000678,2853100035.00,1631432459999,19341.40080460,58,2304275559.00,15622.98829002,0
1631432460000,0.00000677,0.00000678,0.00000677,0.00000678,1799382857.00,1631432519999,12189.18415081,59,736220892.00,4991.57764776,0
1631432520000,0.00000678,0.00000678,0.00000677,0.00000678,2451180716.00,1631432579999,16614.76589699,48,2027244967.00,13744.72087626,0
1631432580000,0.00000678,0.00000678,0.00000677,0.00000678,1275955817.00,1631432639999,8650.43688549,18,1221600440.00,8282.45098320,0
1631432640000,0.00000677,0.00000678,0.00000677,0.00000677,2810363660.00,1631432699999,19031.93415279,48,577217459.00,3913.53437202,0
1631432700000,0.00000678,0.00000679,0.00000677,0.00000678,3693530441.00,1631432759999,25042.91060581,107,2429773385.00,16476.80993189,0
1631432760000,0.00000679,0.00000680,0.00000678,0.00000680,2823996478.00,1631432819999,19176.57389094,82,1815697892.00,12331.58648222,0
1631432820000,0.00000680,0.00000680,0.00000679,0.00000680,1579059865.00,1631432879999,10730.63253384,50,881605049.00,5994.91433320,0
1631432880000,0.00000679,0.00000680,0.00000679,0.00000679,2928706247.00,1631432939999,19897.38053010,69,1146511297.00,7796.27681960,0
1631432940000,0.00000680,0.00000681,0.00000679,0.00000680,13714114081.00,1631432999999,93251.82588929,235,12490225638.00,84934.03928410,0
1631433000000,0.00000680,0.00000682,0.00000680,0.00000681,9175240584.00,1631433059999,62484.87224796,190,3167018500.00,21575.05659047,0
1631433060000,0.00000681,0.00000681,0.00000680,0.00000680,7726740275.00,1631433119999,52605.11933805,50,6328546805.00,43097.40374205,0
1631433120000,0.00000681,0.00000681,0.00000680,0.00000680,2594005545.00,1631433179999,17645.96114288,56,672343688.00,4578.66051528,0
1631433180000,0.00000681,0.00000681,0.00000680,0.00000680,2660233903.00,1631433239999,18114.82681078,45,2523627038.00,17185.90012878,0
1631433240000,0.00000681,0.00000681,0.00000680,0.00000681,1520348983.00,1631433299999,10347.27928077,49,890619637.00,6065.11972797,0
1631433300000,0.00000680,0.00000681,0.00000678,0.00000679,6795754951.00,1631433359999,46187.23375055,145,1563339483.00,10627.72073794,0
1631433360000,0.00000679,0.00000679,0.00000678,0.00000678,1243630605.00,1631433419999,8440.49007440,29,867457250.00,5890.03472750,0
1631433420000,0.00000678,0.00000679,0.00000678,0.00000679,2649089007.00,1631433479999,17971.58848944,79,1076502198.00,7309.44992442,0
1631433480000,0.00000679,0.00000679,0.00000678,0.00000679,1405921442.00,1631433539999,9542.98084765,46,1083347089.00,7355.92673431,0
1631433540000,0.00000679,0.00000679,0.00000678,0.00000679,899506735.00,1631433599999,6103.71865632,34,506299302.00,3437.77226058,0
1631433600000,0.00000679,0.00000680,0.00000678,0.00000680,2651414808.00,1631433659999,18009.48154271,63,2068286839.00,14050.32569545,0
1631433660000,0.00000680,0.00000680,0.00000679,0.00000680,991815339.00,1631433719999,6735.31193170,31,88577989.00,602.33032520,0
1631433720000,0.00000679,0.00000680,0.00000678,0.00000678,5968947324.00,1631433779999,40525.07249820,83,1552018439.00,10538.42577595,0
1631433780000,0.00000678,0.00000679,0.00000678,0.00000678,295624056.00,1631433839999,2004.99802014,16,66692046.00,452.83899234,0
1631433840000,0.00000678,0.00000679,0.00000678,0.00000679,382938820.00,1631433899999,2597.63783684,18,131263724.00,891.28068596,0
1631433900000,0.00000679,0.00000680,0.00000679,0.00000679,3989976628.00,1631433959999,27097.72518540,84,3883934953.00,26377.70221215,0
1631433960000,0.00000680,0.00000680,0.00000678,0.00000678,4742183054.00,1631434019999,32181.03041917,98,557131201.00,3782.96497243,0
1631434020000,0.00000679,0.00000679,0.00000678,0.00000678,954301496.00,1631434079999,6471.51001549,31,134587261.00,913.84750219,0
1631434080000,0.00000678,0.00000679,0.00000678,0.00000678,2742455824.00,1631434139999,18598.83416463,76,498367791.00,3383.91730089,0
1631434140000,0.00000678,0.00000679,0.00000678,0.00000678,2046686241.00,1631434199999,13877.61000788,62,107729390.00,731.48255810,0
1631434200000,0.00000679,0.00000679,0.00000678,0.00000678,1816189284.00,1631434259999,12316.99950471,31,323615919.00,2197.35209001,0
1631434260000,0.00000678,0.00000679,0.00000678,0.00000678,1951685734.00,1631434319999,13234.99388326,45,256460674.00,1741.36797646,0
1631434320000,0.00000679,0.00000679,0.00000676,0.00000676,4900930037.00,1631434379999,33198.22073345,131,933025015.00,6325.31394116,0
1631434380000,0.00000677,0.00000677,0.00000676,0.00000677,6410312910.00,1631434439999,43389.24009828,73,5552482668.00,37590.30766236,0
1631434440000,0.00000677,0.00000679,0.00000676,0.00000679,6678900646.00,1631434499999,45270.27547974,153,5715914095.00,38743.60477330,0
1631434500000,0.00000679,0.00000682,0.00000679,0.00000681,7474416410.00,1631434559999,50869.07330374,196,5681300447.00,38667.50724373,0
1631434560000,0.00000681,0.00000683,0.00000681,0.00000682,14777418417.00,1631434619999,100888.28601455,135,11128720470.00,75998.13217277,0
1631434620000,0.00000683,0.00000684,0.00000683,0.00000683,11725988502.00,1631434679999,80143.88325597,179,7409526573.00,50662.08419651,0
1631434680000,0.00000684,0.00000684,0.00000683,0.00000684,3044770123.00,1631434739999,20819.94712567,60,2416718558.00,16530.35493672,0
1631434740000,0.00000684,0.00000686,0.00000683,0.00000685,13128665961.00,1631434799999,89905.93811326,295,7772405693.00,53233.81724294,0
1631434800000,0.00000684,0.00000686,0.00000684,0.00000686,8372414923.00,1631434859999,57366.55777254,129,5643837185.00,38682.54763959,0
1631434860000,0.00000685,0.00000686,0.00000684,0.00000685,13655854906.00,1631434919999,93526.91789043,201,4743089151.00,32492.96240055,0
1631434920000,0.00000685,0.00000686,0.00000685,0.00000685,3180831157.00,1631434979999,21799.80524678,83,1111182133.00,7622.70943238,0
1631434980000,0.00000686,0.00000689,0.00000685,0.00000688,53899980260.00,1631435039999,370552.12291922,514,40875002192.00,280983.67191462,0
1631435040000,0.00000689,0.00000690,0.00000689,0.00000690,12118011061.00,1631435099999,83555.94659357,303,6461160137.00,44580.24372721,0
1631435100000,0.00000690,0.00000690,0.00000689,0.00000690,5056341491.00,1631435159999,34863.95196580,102,2575909281.00,17773.77403890,0
1631435160000,0.00000690,0.00000690,0.00000687,0.00000687,20005491492.00,1631435219999,137698.06081737,366,9586558027.00,65990.41195316,0
1631435220000,0.00000687,0.00000688,0.00000685,0.00000687,32596068209.00,1631435279999,223748.49543722,223,4829861015.00,33186.28498099,0
1631435280000,0.00000686,0.00000687,0.00000686,0.00000686,2434001111.00,1631435339999,16710.91409923,71,1366647777.00,9388.87022799,0
1631435340000,0.00000687,0.00000687,0.00000685,0.00000686,4578201391.00,1631435399999,31395.43585533,117,788611768.00,5410.52116873,0
1631435400000,0.00000686,0.00000688,0.00000685,0.00000687,16692282045.00,1631435459999,114649.32568861,174,16112352105.00,110671.96289987,0
1631435460000,0.00000687,0.00000688,0.00000687,0.00000687,3420332562.00,1631435519999,23503.97687820,44,629217726.00,4329.01795488,0
1631435520000,0.00000688,0.00000688,0.00000687,0.00000688,3166332758.00,1631435579999,21778.41645957,53,2571041211.00,17688.76353168,0
1631435580000,0.00000688,0.00000688,0.00000687,0.00000687,4367416986.00,1631435639999,30035.13526586,76,3098057204.00,21314.63356352,0
1631435640000,0.00000688,0.00000688,0.00000687,0.00000688,1816178724.00,1631435699999,12484.62446877,55,747663489.00,5143.92480432,0
1631435700000,0.00000688,0.00000688,0.00000687,0.00000688,1808665442.00,1631435759999,12439.87706855,61,1434548201.00,9869.69162288,0
1631435760000,0.00000688,0.00000689,0.00000687,0.00000688,6970261522.00,1631435819999,47954.60697281,120,4646675760.00,31969.88272661,0
1631435820000,0.00000688,0.00000690,0.00000688,0.00000690,6002420606.00,1631435879999,41356.02379237,117,4979510953.00,34314.05169483,0
1631435880000,0.00000690,0.00000690,0.00000689,0.00000690,3345929495.00,1631435939999,23081.30207889,101,2784785834.00,19215.02225460,0
1631435940000,0.00000689,0.00000690,0.00000689,0.00000690,2503343002.00,1631435999999,17251.88145733,56,384817355.00,2655.23974950,0
1631436000000,0.00000689,0.00000690,0.00000687,0.00000689,13828621900.00,1631436059999,95228.07213421,165,2611963487.00,17981.01561359,0
1631436060000,0.00000689,0.00000689,0.00000688,0.00000688,1671297072.00,1631436119999,11504.75035529,38,622649993.00,4290.05845177,0
1631436120000,0.00000688,0.00000689,0.00000688,0.00000689,2505019808.00,1631436179999,17245.42095048,79,1088467144.00,7499.53862216,0
1631436180000,0.00000689,0.00000689,0.00000688,0.00000689,2235609482.00,1631436239999,15385.42754476,64,443430860.00,3055.23862540,0
1631436240000,0.00000688,0.00000689,0.00000688,0.00000689,4811128891.00,1631436299999,33146.86251801,79,4629574793.00,31897.77032377,0
1631436300000,0.00000689,0.00000689,0.00000688,0.00000688,5627412910.00,1631436359999,38742.89271985,125,2629189905.00,18115.11844545,0
1631436360000,0.00000689,0.00000689,0.00000688,0.00000689,1159745000.00,1631436419999,7982.49411989,42,344851989.00,2376.03020421,0
1631436420000,0.00000689,0.00000689,0.00000687,0.00000688,6505331473.00,1631436479999,44752.44581689,147,1835205289.00,12636.41935753,0
1631436480000,0.00000688,0.00000688,0.00000687,0.00000687,3156983275.00,1631436539999,21712.57678846,93,2410168921.00,16581.96217648,0
1631436540000,0.00000687,0.00000688,0.00000687,0.00000688,2911773439.00,1631436599999,20007.58025413,66,369672820.00,2543.34900160,0
1631436600000,0.00000688,0.00000688,0.00000685,0.00000685,11992460422.00,1631436659999,82286.05829925,209,1961856687.00,13474.44247556,0
1631436660000,0.00000685,0.00000687,0.00000685,0.00000686,16156275186.00,1631436719999,110838.87360884,131,14266394491.00,97885.71572229,0
1631436720000,0.00000687,0.00000687,0.00000686,0.00000687,2327678710.00,1631436779999,15975.64100436,53,776505376.00,5334.59193312,0
1631436780000,0.00000687,0.00000687,0.00000686,0.00000686,2406769178.00,1631436839999,16524.41197315,69,1397541207.00,9601.10809209,0
1631436840000,0.00000687,0.00000687,0.00000686,0.00000687,3897494014.00,1631436899999,26742.54765984,66,573872380.00,3942.50325060,0
1631436900000,0.00000686,0.00000687,0.00000686,0.00000686,971611267.00,1631436959999,6669.34886885,38,409557723.00,2813.66155701,0
1631436960000,0.00000687,0.00000687,0.00000686,0.00000687,6313311186.00,1631437019999,43363.08097083,226,5376623487.00,36937.40335569,0
1631437020000,0.00000687,0.00000688,0.00000686,0.00000687,5296009796.00,1631437079999,36377.82640159,91,837763796.00,5756.26807378,0
1631437080000,0.00000688,0.00000688,0.00000687,0.00000688,4331474752.00,1631437139999,29799.05341310,127,4182186686.00,28773.44439968,0
1631437140000,0.00000687,0.00000689,0.00000687,0.00000688,7472258479.00,1631437199999,51433.52762815,204,6737872291.00,46382.73910097,0
1631437200000,0.00000689,0.00000690,0.00000688,0.00000689,12456016935.00,1631437259999,85867.55386281,142,5727823100.00,39511.37610298,0
1631437260000,0.00000689,0.00000689,0.00000687,0.00000687,7050101394.00,1631437319999,48528.33715376,136,4166852655.00,28692.29489661,0
1631437320000,0.00000688,0.00000689,0.00000687,0.00000688,3998789198.00,1631437379999,27512.63907313,79,2436794485.00,16767.64295191,0
1631437380000,0.00000688,0.00000689,0.00000688,0.00000689,3251930511.00,1631437439999,22384.24142737,77,1095951169.00,7551.10355441,0
1631437440000,0.00000689,0.00000689,0.00000688,0.00000688,3112240311.00,1631437499999,21441.35125414,53,2913791446.00,20076.02306294,0
1631437500000,0.00000688,0.00000689,0.00000688,0.00000689,1257448482.00,1631437559999,8654.11053670,40,286498054.00,1973.97159206,0
1631437560000,0.00000689,0.00000689,0.00000688,0.00000688,2655489063.00,1631437619999,18277.75306252,98,798830908.00,5503.94495612,0
1631437620000,0.00000689,0.00000689,0.00000687,0.00000688,3645987515.00,1631437679999,25071.46525880,100,428745739.00,2953.08775227,0
1631437680000,0.00000688,0.00000688,0.00000687,0.00000687,1313035316.00,1631437739999,9028.66005999,46,810743907.00,5577.91808016,0
1631437740000,0.00000687,0.00000688,0.00000687,0.00000687,5853028965.00,1631437799999,40247.63028912,83,3732129957.00,25677.05410416,0
1631437800000,0.00000688,0.00000688,0.00000687,0.00000687,3511760097.00,1631437859999,24139.25858758,55,1346672119.00,9265.10417872,0
1631437860000,0.00000687,0.00000688,0.00000687,0.00000687,2602835353.00,1631437919999,17884.43057584,69,295170073.00,2030.77010224,0
1631437920000,0.00000687,0.00000688,0.00000687,0.00000688,868092248.00,1631437979999,5968.34451073,47,455076697.00,3130.92767536,0
1631437980000,0.00000687,0.00000688,0.00000687,0.00000687,1394911878.00,1631438039999,9590.57941126,42,753480940.00,5183.94886720,0
1631438040000,0.00000687,0.00000688,0.00000687,0.00000688,1222214284.00,1631438099999,8400.39144775,49,377931667.00,2600.16986896,0
1631438100000,0.00000687,0.00000688,0.00000686,0.00000686,9713363998.00,1631438159999,66718.17786115,131,694018545.00,4769.83503243,0
1631438160000,0.00000687,0.00000687,0.00000686,0.00000687,8939977204.00,1631438219999,61391.72635631,89,6348273687.00,43612.64022969,0
1631438220000,0.00000687,0.00000687,0.00000686,0.00000687,1809216549.00,1631438279999,12420.92886206,50,970333592.00,6666.19177704,0
1631438280000,0.00000687,0.00000687,0.00000686,0.00000687,6092119683.00,1631438339999,41830.67794034,204,3772491496.00,25917.01657752,0
1631438340000,0.00000687,0.00000688,0.00000687,0.00000687,841387896.00,1631438399999,5785.25041523,38,491556971.00,3381.91196048,0
1631438400000,0.00000687,0.00000688,0.00000687,0.00000687,2197090699.00,1631438459999,15097.72285409,62,370975196.00,2552.30934848,0
1631438460000,0.00000688,0.00000688,0.00000687,0.00000687,2130478395.00,1631438519999,14649.02895534,41,1264238169.00,8697.95860272,0
1631438520000,0.00000688,0.00000688,0.00000687,0.00000687,1735466886.00,1631438579999,11928.79093084,65,613342402.00,4219.79572576,0
1631438580000,0.00000687,0.00000688,0.00000687,0.00000687,1186811280.00,1631438639999,8159.65211778,54,625862418.00,4305.93343584,0
1631438640000,0.00000687,0.00000688,0.00000687,0.00000688,1488719974.00,1631438699999,10234.29039302,53,678417164.00,4667.51008832,0
1631438700000,0.00000687,0.00000688,0.00000687,0.00000688,1741126019.00,1631438759999,11967.71806100,49,618231047.00,4253.42960336,0
1631438760000,0.00000688,0.00000690,0.00000687,0.00000690,60040325110.00,1631438819999,413508.68520354,358,57113295038.00,393362.75521874,0
1631438820000,0.00000690,0.00000694,0.00000690,0.00000694,39299156433.00,1631438879999,272246.73304935,660,33534465817.00,232330.91036405,0
1631438880000,0.00000693,0.00000696,0.00000693,0.00000696,58836438537.00,1631438939999,409169.34063368,722,43402884549.00,301846.78538133,0
1631438940000,0.00000696,0.00000698,0.00000695,0.00000698,15708172880.00,1631438999999,109415.14466239,401,12039811764.00,83872.07831065,0
1631439000000,0.00000698,0.00000698,0.00000697,0.00000697,9726440491.00,1631439059999,67845.11690922,174,5182668695.00,36175.02749110,0
1631439060000,0.00000698,0.00000698,0.00000697,0.00000697,7296730260.00,1631439119999,50911.75316503,104,5354325283.00,37373.19047534,0
1631439120000,0.00000697,0.00000698,0.00000695,0.00000695,10427100582.00,1631439179999,72634.46140160,235,1414207720.00,9866.05027575,0
1631439180000,0.00000695,0.00000696,0.00000693,0.00000695,15473445449.00,1631439239999,107471.64118409,886,6796887784.00,47222.74317735,0
1631439240000,0.00000694,0.00000695,0.00000694,0.00000695,2346425139.00,1631439299999,16288.89892542,92,470846076.00,3272.38022820,0
1631439300000,0.00000695,0.00000695,0.00000693,0.00000694,5799671970.00,1631439359999,40245.48158764,150,1237858706.00,8600.20958143,0
1631439360000,0.00000694,0.00000694,0.00000692,0.00000692,5422386339.00,1631439419999,37561.53856079,119,719767860.00,4988.98241416,0
1631439420000,0.00000692,0.00000693,0.00000692,0.00000692,6701547224.00,1631439479999,46396.02841787,99,2132162779.00,14775.88805847,0
1631439480000,0.00000692,0.00000693,0.00000692,0.00000692,12921070306.00,1631439539999,89486.25381718,115,7244729966.00,50205.97866438,0
1631439540000,0.00000693,0.00000693,0.00000692,0.00000692,6000377430.00,1631439599999,41561.06315670,87,3845134110.00,26646.77938230,0
1631439600000,0.00000693,0.00000694,0.00000692,0.00000694,3081588759.00,1631439659999,21362.38830858,83,2380432250.00,16503.42453278,0
1631439660000,0.00000693,0.00000694,0.00000693,0.00000693,604632426.00,1631439719999,4192.60716302,36,250445084.00,1738.08888296,0
1631439720000,0.00000693,0.00000694,0.00000693,0.00000693,3737211547.00,1631439779999,25900.95839860,94,208237789.00,1445.17025566,0
1631439780000,0.00000693,0.00000693,0.00000691,0.00000691,4989100047.00,1631439839999,34517.42837968,109,500474374.00,3466.32067113,0
1631439840000,0.00000691,0.00000692,0.00000691,0.00000692,3578586322.00,1631439899999,24733.51875767,58,548727265.00,3797.19267380,0
1631439900000,0.00000692,0.00000692,0.00000690,0.00000690,10235949071.00,1631439959999,70725.18990693,208,1420963219.00,9831.18972233,0
1631439960000,0.00000690,0.00000692,0.00000690,0.00000691,10366584700.00,1631440019999,71635.79450921,175,6500867928.00,44944.71318436,0
1631440020000,0.00000692,0.00000692,0.00000691,0.00000692,2271702546.00,1631440079999,15699.84617318,60,238158032.00,1648.05358144,0
1631440080000,0.00000692,0.00000692,0.00000691,0.00000691,2181381186.00,1631440139999,15074.76430256,74,142030730.00,982.85265160,0
1631440140000,0.00000691,0.00000692,0.00000691,0.00000691,1676646482.00,1631440199999,11588.98732936,63,336013874.00,2325.21600808,0
1631440200000,0.00000691,0.00000692,0.00000691,0.00000692,3110705082.00,1631440259999,21502.34598595,75,737386933.00,5102.71757636,0
1631440260000,0.00000691,0.00000692,0.00000691,0.00000691,3080223784.00,1631440319999,21306.32751086,54,2198116342.00,15210.96508664,0
1631440320000,0.00000691,0.00000692,0.00000691,0.00000691,1850618418.00,1631440379999,12792.90826315,68,513499477.00,3553.41638084,0
1631440380000,0.00000692,0.00000692,0.00000690,0.00000691,6950440025.00,1631440439999,48003.11651344,136,2090014223.00,14442.32285250,0
1631440440000,0.00000690,0.00000691,0.00000689,0.00000690,2918484140.00,1631440499999,20130.16032520,82,1520851053.00,10493.90353864,0
1631440500000,0.00000689,0.00000690,0.00000689,0.00000689,1847093934.00,1631440559999,12727.24692358,59,76971832.00,531.10564080,0
1631440560000,0.00000689,0.00000689,0.00000688,0.00000689,1226930562.00,1631440619999,8449.64960261,75,285938692.00,1970.11758788,0
1631440620000,0.00000688,0.00000689,0.00000688,0.00000689,6694132988.00,1631440679999,46057.79118080,72,215622336.00,1485.63789504,0
1631440680000,0.00000688,0.00000689,0.00000687,0.00000688,6404150908.00,1631440739999,44028.41335305,136,1286979203.00,8856.17063150,0
1631440740000,0.00000687,0.00000688,0.00000687,0.00000687,8109525766.00,1631440799999,55779.88090467,66,6743889225.00,46397.95786800,0
1631440800000,0.00000687,0.00000688,0.00000687,0.00000687,5352412720.00,1631440859999,36789.35559069,78,1828020429.00,12576.78055152,0
1631440860000,0.00000688,0.00000689,0.00000687,0.00000688,4027430380.00,1631440919999,27690.29350744,162,1565933339.00,10776.14837091,0
1631440920000,0.00000687,0.00000688,0.00000687,0.00000687,3381624086.00,1631440979999,23238.31205138,69,655458056.00,4509.55142528,0
1631440980000,0.00000687,0.00000688,0.00000686,0.00000687,2869788675.00,1631441039999,19703.15902873,124,601312793.00,4131.07577548,0
1631441040000,0.00000686,0.00000687,0.00000685,0.00000685,6559038688.00,1631441099999,44965.47075354,170,1454889423.00,9980.70124456,0
1631441100000,0.00000685,0.00000687,0.00000684,0.00000686,7353919185.00,1631441159999,50404.12921456,181,6466854327.00,44325.68815904,0
1631441160000,0.00000686,0.00000687,0.00000686,0.00000686,793813698.00,1631441219999,5448.11688350,48,255491522.00,1755.22675614,0
1631441220000,0.00000686,0.00000688,0.00000686,0.00000688,6356891169.00,1631441279999,43679.86394710,135,4622286261.00,31766.62033061,0
1631441280000,0.00000688,0.00000688,0.00000687,0.00000688,1967145565.00,1631441339999,13526.09927461,60,1180924306.00,8124.75922528,0
1631441340000,0.00000687,0.00000688,0.00000687,0.00000687,4559638466.00,1631441399999,31339.64911798,63,1493285656.00,10273.80531328,0
1631441400000,0.00000687,0.00000688,0.00000687,0.00000687,1965155621.00,1631441459999,13512.05402202,63,1143490575.00,7867.21515600,0
1631441460000,0.00000687,0.00000688,0.00000687,0.00000688,3092609268.00,1631441519999,21259.94961570,89,1372394454.00,9442.07384352,0
1631441520000,0.00000687,0.00000691,0.00000687,0.00000691,27932889061.00,1631441579999,192435.17874882,209,18800948581.00,129546.68469745,0
1631441580000,0.00000690,0.00000692,0.00000690,0.00000692,4322493326.00,1631441639999,29875.61441970,93,3255827971.00,22513.03048606,0
1631441640000,0.00000692,0.00000692,0.00000689,0.00000690,8720194467.00,1631441699999,60218.21187341,185,1485687996.00,10269.00679228,0
1631441700000,0.00000690,0.00000691,0.00000689,0.00000690,4666947495.00,1631441759999,32207.64987623,112,4016136611.00,27718.50698930,0
1631441760000,0.00000691,0.00000693,0.00000690,0.00000692,6475522991.00,1631441819999,44773.81197825,181,4299635986.00,29731.43342142,0
1631441820000,0.00000692,0.00000693,0.00000692,0.00000693,2438595692.00,1631441879999,16887.24995602,56,1216776738.00,8432.26279434,0
1631441880000,0.00000693,0.00000693,0.00000692,0.00000692,3077307011.00,1631441939999,21300.20624016,75,524172404.00,3632.51475972,0
1631441940000,0.00000693,0.00000693,0.00000692,0.00000692,2211231198.00,1631441999999,15313.36883169,75,1164894153.00,8072.71648029,0
1631442000000,0.00000692,0.00000693,0.00000692,0.00000692,753996637.00,1631442059999,5220.45470902,51,279798098.00,1939.00081914,0
1631442060000,0.00000692,0.00000693,0.00000692,0.00000692,5344156194.00,1631442119999,37020.09041280,70,3852955032.00,26700.97837176,0
1631442120000,0.00000693,0.00000694,0.00000692,0.00000692,14257124316.00,1631442179999,98795.25033837,124,13419807365.00,93001.01703745,0
1631442180000,0.00000693,0.00000694,0.00000692,0.00000694,9217524923.00,1631442239999,63898.80671905,137,5354909130.00,37131.26960105,0
1631442240000,0.00000693,0.00000694,0.00000693,0.00000694,1477303986.00,1631442299999,10241.91932869,49,420270571.00,2916.67776274,0
1631442300000,0.00000693,0.00000694,0.00000693,0.00000694,3239639834.00,1631442359999,22457.77379205,94,706974243.00,4906.40124642,0
1631442360000,0.00000694,0.00000694,0.00000693,0.00000693,648163722.00,1631442419999,4494.98232909,56,320773563.00,2226.16852722,0
1631442420000,0.00000693,0.00000694,0.00000692,0.00000692,2521596001.00,1631442479999,17473.36749492,76,389825107.00,2704.87497392,0
1631442480000,0.00000693,0.00000694,0.00000692,0.00000693,4630717439.00,1631442539999,32084.30146078,74,3061389977.00,21222.15542374,0
1631442540000,0.00000692,0.00000693,0.00000692,0.00000693,3065752365.00,1631442599999,21219.55760841,52,455124261.00,3154.01112873,0
1631442600000,0.00000692,0.00000693,0.00000692,0.00000693,6938717135.00,1631442659999,48072.23160035,62,5630902615.00,39022.15512195,0
1631442660000,0.00000693,0.00000693,0.00000692,0.00000692,4913511976.00,1631442719999,34018.33229346,79,1682941954.00,11662.78774122,0
1631442720000,0.00000693,0.00000693,0.00000692,0.00000693,1945717719.00,1631442779999,13474.37418177,44,1000756629.00,6935.24343897,0
1631442780000,0.00000693,0.00000693,0.00000692,0.00000692,7086639319.00,1631442839999,49108.42533149,72,5260049207.00,36452.14100451,0
1631442840000,0.00000692,0.00000694,0.00000692,0.00000694,1389075182.00,1631442899999,9624.24146919,45,980114085.00,6792.22601827,0
1631442900000,0.00000693,0.00000694,0.00000693,0.00000694,1590779889.00,1631442959999,11039.52310453,36,1541847376.00,10700.42078944,0
1631442960000,0.00000694,0.00000694,0.00000687,0.00000688,31785275366.00,1631443019999,219652.38077061,307,3918006795.00,27040.19928746,0
1631443020000,0.00000688,0.00000690,0.00000687,0.00000688,17523377552.00,1631443079999,120730.21581644,232,9070926661.00,62469.42738392,0
1631443080000,0.00000688,0.00000691,0.00000688,0.00000690,3864590536.00,1631443139999,26656.85507932,64,3187668189.00,21992.95758099,0
1631443140000,0.00000690,0.00000691,0.00000690,0.00000690,2383285034.00,1631443199999,16457.59505872,59,1376942930.00,9513.83454112,0
1631443200000,0.00000690,0.00000691,0.00000690,0.00000690,2764950179.00,1631443259999,19095.13681965,41,1698058455.00,11733.58392405,0
1631443260000,0.00000691,0.00000691,0.00000690,0.00000690,5006879450.00,1631443319999,34558.07272704,82,1060452204.00,7327.72472964,0
1631443320000,0.00000690,0.00000691,0.00000690,0.00000690,2436448775.00,1631443379999,16812.88156979,57,138502229.00,957.05040239,0
1631443380000,0.00000690,0.00000691,0.00000690,0.00000691,1450614730.00,1631443439999,10019.89374979,28,1065211279.00,7360.60993789,0
1631443440000,0.00000690,0.00000691,0.00000690,0.00000691,1776265171.00,1631443499999,12264.03762787,56,780794797.00,5395.29204727,0
1631443500000,0.00000691,0.00000691,0.00000690,0.00000690,1204222742.00,1631443559999,8314.33514490,48,519822510.00,3591.97354410,0
1631443560000,0.00000691,0.00000691,0.00000689,0.00000689,5534381549.00,1631443619999,38181.53059544,134,672790346.00,4645.21666832,0
1631443620000,0.00000690,0.00000690,0.00000689,0.00000690,2301116621.00,1631443679999,15866.58614872,37,1189263003.00,8205.91472070,0
1631443680000,0.00000689,0.00000691,0.00000689,0.00000691,10546628144.00,1631443739999,72748.04568109,132,6302992398.00,43505.94987386,0
1631443740000,0.00000691,0.00000692,0.00000690,0.00000692,8436918249.00,1631443799999,58309.67317513,124,4589904376.00,31726.83118682,0
1631443800000,0.00000691,0.00000692,0.00000691,0.00000691,1945413689.00,1631443859999,13448.48530985,51,567671886.00,3928.28945112,0
1631443860000,0.00000692,0.00000692,0.00000691,0.00000692,4051000718.00,1631443919999,28002.87964123,95,1046467985.00,7241.55845620,0
1631443920000,0.00000692,0.00000692,0.00000690,0.00000691,8107055287.00,1631443979999,56060.78107043,134,6859929028.00,47443.65392371,0
1631443980000,0.00000692,0.00000692,0.00000691,0.00000691,841659357.00,1631444039999,5820.91707995,36,505092308.00,3495.23877136,0
1631444040000,0.00000691,0.00000692,0.00000690,0.00000691,4020365363.00,1631444099999,27780.42680638,86,610982988.00,4225.65238406,0
1631444100000,0.00000690,0.00000691,0.00000690,0.00000690,1173145138.00,1631444159999,8098.27383424,37,357238204.00,2468.51598964,0
1631444160000,0.00000690,0.00000691,0.00000690,0.00000691,3779473056.00,1631444219999,26089.87928841,71,1151520201.00,7957.00458891,0
1631444220000,0.00000690,0.00000691,0.00000690,0.00000691,952951341.00,1631444279999,6580.83872313,45,547447023.00,3782.85892893,0
1631444280000,0.00000691,0.00000691,0.00000690,0.00000691,2221474322.00,1631444339999,15344.11176699,63,1593894519.00,11013.81112629,0
1631444340000,0.00000690,0.00000691,0.00000690,0.00000691,1385236776.00,1631444399999,9568.33230761,36,1019855321.00,7047.20026811,0
1631444400000,0.00000691,0.00000691,0.00000690,0.00000690,913261248.00,1631444459999,6306.63190639,37,512929519.00,3544.34297629,0
1631444460000,0.00000691,0.00000691,0.00000690,0.00000691,1966173715.00,1631444519999,13574.88563293,73,828699943.00,5726.31660613,0
1631444520000,0.00000690,0.00000691,0.00000690,0.00000690,2456670958.00,1631444579999,16961.25118653,57,1022157633.00,7063.10924403,0
1631444580000,0.00000690,0.00000691,0.00000690,0.00000690,4163689777.00,1631444639999,28735.96171166,69,650225036.00,4493.05499876,0
1631444640000,0.00000690,0.00000691,0.00000690,0.00000691,1060158464.00,1631444699999,7321.09188285,36,599848125.00,4144.95054375,0
1631444700000,0.00000690,0.00000691,0.00000690,0.00000691,7301920823.00,1631444759999,50403.66307241,83,2040939371.00,14102.89105361,0
1631444760000,0.00000690,0.00000691,0.00000689,0.00000689,6755486124.00,1631444819999,46599.65930328,109,524906106.00,3625.76386142,0
1631444820000,0.00000689,0.00000690,0.00000689,0.00000689,3191307760.00,1631444879999,21996.16912303,49,805865663.00,5560.47307470,0
1631444880000,0.00000690,0.00000690,0.00000689,0.00000690,7557372037.00,1631444939999,52108.29956681,87,3800623188.00,26224.29999720,0
1631444940000,0.00000690,0.00000690,0.00000689,0.00000689,1202354456.00,1631444999999,8290.09150549,49,586930365.00,4049.81951850,0
1631445000000,0.00000689,0.00000690,0.00000689,0.00000689,4727765130.00,1631445059999,32608.55742627,73,3425568057.00,23636.41959330,0
1631445060000,0.00000689,0.00000690,0.00000689,0.00000689,2092715454.00,1631445119999,14428.44708414,74,963760608.00,6649.94819520,0
1631445120000,0.00000689,0.00000690,0.00000689,0.00000690,1505128323.00,1631445179999,10378.18269964,28,784855417.00,5415.50237730,0
1631445180000,0.00000689,0.00000690,0.00000689,0.00000690,3295803942.00,1631445239999,22715.32621480,66,723705442.00,4993.56754980,0
1631445240000,0.00000690,0.00000690,0.00000689,0.00000690,1392168538.00,1631445299999,9601.90992686,42,986870004.00,6809.40302760,0
1631445300000,0.00000689,0.00000690,0.00000689,0.00000690,1072069208.00,1631445359999,7390.24424808,42,368740496.00,2544.30942240,0
1631445360000,0.00000690,0.00000690,0.00000689,0.00000690,2391820921.00,1631445419999,16496.90871029,51,1726256460.00,11911.16957400,0
1631445420000,0.00000690,0.00000690,0.00000689,0.00000690,1889187643.00,1631445479999,13018.95993986,47,245707959.00,1695.38491710,0
1631445480000,0.00000689,0.00000690,0.00000689,0.00000689,1082192086.00,1631445539999,7457.90815144,44,160467890.00,1107.22844100,0
1631445540000,0.00000689,0.00000690,0.00000689,0.00000689,3779215980.00,1631445599999,26044.01923152,92,522112932.00,3602.57923080,0
1631445600000,0.00000689,0.00000690,0.00000689,0.00000689,1939454425.00,1631445659999,13366.53630839,62,369532014.00,2549.77089660,0
1631445660000,0.00000689,0.00000690,0.00000689,0.00000690,1589711288.00,1631445719999,10959.71198227,63,660120795.00,4554.83348550,0
1631445720000,0.00000689,0.00000690,0.00000689,0.00000690,859292491.00,1631445779999,5924.79956042,42,427429743.00,2949.26522670,0
1631445780000,0.00000689,0.00000690,0.00000688,0.00000689,1680076526.00,1631445839999,11575.25341405,85,445100859.00,3071.18051055,0
1631445840000,0.00000688,0.00000689,0.00000688,0.00000689,2335940040.00,1631445899999,16075.43846146,57,417098626.00,2873.80953314,0
1631445900000,0.00000688,0.00000689,0.00000688,0.00000688,759319633.00,1631445959999,5226.99973483,40,288065979.00,1984.77459531,0
1631445960000,0.00000689,0.00000689,0.00000688,0.00000688,3114630424.00,1631446019999,21436.92075871,89,826344159.00,5693.51125551,0
1631446020000,0.00000688,0.00000689,0.00000688,0.00000689,1212468908.00,1631446079999,8350.70804163,104,892195459.00,6147.22671251,0
1631446080000,0.00000689,0.00000689,0.00000688,0.00000689,5397566178.00,1631446139999,37173.64487378,89,3838956914.00,26450.41313746,0
1631446140000,0.00000688,0.00000689,0.00000688,0.00000688,2053351059.00,1631446199999,14129.91917609,49,286389017.00,1973.22032713,0
1631446200000,0.00000688,0.00000689,0.00000688,0.00000689,1145561975.00,1631446259999,7884.22818293,62,276179493.00,1902.87670677,0
1631446260000,0.00000688,0.00000689,0.00000688,0.00000688,1559626350.00,1631446319999,10732.25960599,48,203031799.00,1398.88909511,0
1631446320000,0.00000688,0.00000689,0.00000688,0.00000688,2065034571.00,1631446379999,14210.38229261,62,294444413.00,2028.72200557,0
1631446380000,0.00000688,0.00000689,0.00000687,0.00000688,3304548502.00,1631446439999,22724.06360681,74,1025105417.00,7054.74515289,0
1631446440000,0.00000688,0.00000688,0.00000687,0.00000687,1010839044.00,1631446499999,6944.76122794,36,29699566.00,204.33301408,0
1631446500000,0.00000688,0.00000688,0.00000687,0.00000688,1971737073.00,1631446559999,13551.86701538,58,603332387.00,4150.92682256,0
1631446560000,0.00000688,0.00000688,0.00000687,0.00000688,2185939584.00,1631446619999,15036.24665577,125,1884171369.00,12963.09901872,0
1631446620000,0.00000688,0.00000690,0.00000687,0.00000689,8817296454.00,1631446679999,60713.99005819,123,6220034254.00,42842.81614325,0
1631446680000,0.00000689,0.00000690,0.00000689,0.00000689,782567359.00,1631446739999,5395.02454522,56,313544171.00,2163.45477990,0
1631446740000,0.00000690,0.00000690,0.00000689,0.00000690,3884136611.00,1631446799999,26796.77935188,68,3507810209.00,24203.89044210,0
1631446800000,0.00000690,0.00000690,0.00000689,0.00000690,2254871671.00,1631446859999,15544.65132631,60,858551312.00,5924.00405280,0
1631446860000,0.00000690,0.00000690,0.00000689,0.00000690,1771545602.00,1631446919999,12219.08880805,41,1313961027.00,9066.33108630,0
1631446920000,0.00000690,0.00000690,0.00000689,0.00000689,3438589571.00,1631446979999,23704.30528712,46,1242314293.00,8571.96862170,0
1631446980000,0.00000689,0.00000689,0.00000687,0.00000687,17913795169.00,1631447039999,123192.48486641,161,4781645302.00,32859.88985462,0
1631447040000,0.00000688,0.00000688,0.00000687,0.00000687,1267827982.00,1631447099999,8711.92077519,48,194253885.00,1336.46672880,0
1631447100000,0.00000687,0.00000688,0.00000687,0.00000688,1670390980.00,1631447159999,11485.73411640,51,1014808380.00,6981.88165440,0
1631447160000,0.00000688,0.00000688,0.00000687,0.00000687,1995543331.00,1631447219999,13723.77803981,56,1439535584.00,9904.00481792,0
1631447220000,0.00000688,0.00000688,0.00000687,0.00000687,2225458988.00,1631447279999,15309.49777138,55,2059452382.00,14169.03238816,0
1631447280000,0.00000688,0.00000689,0.00000687,0.00000688,2806749307.00,1631447339999,19305.67015816,70,1955177880.00,13452.13543959,0
1631447340000,0.00000689,0.00000689,0.00000688,0.00000688,7521249741.00,1631447399999,51763.75541236,76,1755719428.00,12096.90685892,0
1631447400000,0.00000689,0.00000689,0.00000688,0.00000688,3079392026.00,1631447459999,21194.23930320,57,802216432.00,5527.27121648,0
1631447460000,0.00000689,0.00000689,0.00000688,0.00000688,2285693130.00,1631447519999,15731.36168963,59,579295523.00,3991.34615347,0
1631447520000,0.00000689,0.00000689,0.00000688,0.00000688,1249235683.00,1631447579999,8603.77461890,29,903311986.00,6223.81958354,0
1631447580000,0.00000689,0.00000689,0.00000688,0.00000689,2943853777.00,1631447639999,20272.54775582,67,1883377006.00,12976.46757134,0
1631447640000,0.00000688,0.00000689,0.00000688,0.00000689,3302692879.00,1631447699999,22740.51473360,72,1798772608.00,12393.54326912,0
1631447700000,0.00000689,0.00000689,0.00000688,0.00000688,1722496992.00,1631447759999,11866.37561827,39,1559631331.00,10745.85987059,0
1631447760000,0.00000688,0.00000689,0.00000688,0.00000688,2883017115.00,1631447819999,19848.95983756,75,1380208636.00,9509.63750204,0
1631447820000,0.00000689,0.00000689,0.00000688,0.00000689,4337906972.00,1631447879999,29853.01484880,71,821488144.00,5660.05331216,0
1631447880000,0.00000689,0.00000689,0.00000688,0.00000689,2213710602.00,1631447939999,15240.72734311,60,1039840135.00,7164.49853015,0
1631447940000,0.00000688,0.00000689,0.00000688,0.00000689,1694867081.00,1631447999999,11671.60805467,49,1092253739.00,7525.62826171,0
1631448000000,0.00000689,0.00000691,0.00000688,0.00000691,14192070218.00,1631448059999,97876.58907396,258,10020701574.00,69101.19156779,0
1631448060000,0.00000690,0.00000692,0.00000690,0.00000690,15962243546.00,1631448119999,110287.68571281,232,9900286765.00,68427.31012600,0
1631448120000,0.00000690,0.00000690,0.00000688,0.00000689,9656231019.00,1631448179999,66539.29733790,194,4721455566.00,32540.68287158,0
1631448180000,0.00000690,0.00000691,0.00000689,0.00000689,13350339512.00,1631448239999,92091.77735347,132,4651730898.00,32102.96484218,0
1631448240000,0.00000689,0.00000690,0.00000689,0.00000690,2280495215.00,1631448299999,15722.16324289,50,955121154.00,6590.33596260,0
1631448300000,0.00000690,0.00000690,0.00000689,0.00000690,2719737598.00,1631448359999,18756.83112234,66,1783907212.00,12308.95976280,0
1631448360000,0.00000690,0.00000690,0.00000689,0.00000690,2519062403.00,1631448419999,17373.79929536,51,1745933869.00,12046.94369610,0
1631448420000,0.00000690,0.00000690,0.00000689,0.00000690,3517678210.00,1631448479999,24253.65404613,73,1685117923.00,11627.31366870,0
1631448480000,0.00000690,0.00000690,0.00000688,0.00000688,7682995844.00,1631448539999,52958.52391743,138,2637664921.00,18199.88795490,0
1631448540000,0.00000689,0.00000690,0.00000689,0.00000690,5058636701.00,1631448599999,34877.60229263,59,2359542274.00,16280.84169060,0
1631448600000,0.00000689,0.00000690,0.00000688,0.00000689,4853242773.00,1631448659999,33445.17382766,99,1269857383.00,8761.24545621,0
1631448660000,0.00000688,0.00000689,0.00000688,0.00000689,1116011552.00,1631448719999,7683.22570122,42,506622346.00,3490.62796394,0
1631448720000,0.00000689,0.00000689,0.00000688,0.00000688,2160398608.00,1631448779999,14880.51221877,81,1696979573.00,11692.18925797,0
1631448780000,0.00000689,0.00000689,0.00000688,0.00000688,2666421535.00,1631448839999,18350.51543040,78,553526960.00,3813.80075440,0
1631448840000,0.00000688,0.00000689,0.00000688,0.00000688,4682849517.00,1631448899999,32256.83367705,56,3882900009.00,26753.18106201,0
1631448900000,0.00000688,0.00000689,0.00000688,0.00000689,5449156413.00,1631448959999,37525.33723008,95,3514110864.00,24212.22385296,0
1631448960000,0.00000689,0.00000689,0.00000687,0.00000689,7338629617.00,1631449019999,50506.90130048,99,2079099184.00,14324.99337776,0
1631449020000,0.00000688,0.00000689,0.00000688,0.00000689,5924645443.00,1631449079999,40777.29324734,68,1573259950.00,10839.76105550,0
1631449080000,0.00000688,0.00000689,0.00000688,0.00000688,2415562673.00,1631449139999,16633.65523504,57,1458404480.00,10048.40686720,0
1631449140000,0.00000688,0.00000689,0.00000688,0.00000689,3517414557.00,1631449199999,24205.41395682,41,560180466.00,3859.64341074,0
1631449200000,0.00000689,0.00000689,0.00000688,0.00000689,1729416196.00,1631449259999,11906.34972527,56,796629679.00,5488.77848831,0
1631449260000,0.00000688,0.00000689,0.00000688,0.00000689,1013911578.00,1631449319999,6978.93030992,57,321865328.00,2217.65210992,0
1631449320000,0.00000688,0.00000689,0.00000688,0.00000688,1212643134.00,1631449379999,8348.60375067,48,561898875.00,3871.48324875,0
1631449380000,0.00000688,0.00000689,0.00000687,0.00000687,6301365238.00,1631449439999,43333.75760983,144,730248912.00,5027.46361818,0
1631449440000,0.00000687,0.00000688,0.00000685,0.00000685,23544254253.00,1631449499999,161530.34991100,336,10255573830.00,70355.05716346,0
1631449500000,0.00000686,0.00000686,0.00000685,0.00000685,19941203523.00,1631449559999,136790.71896602,278,19347483347.00,132723.73576042,0
1631449560000,0.00000686,0.00000686,0.00000685,0.00000686,2939093701.00,1631449619999,20152.82340578,78,2003155393.00,13741.64599598,0
1631449620000,0.00000686,0.00000687,0.00000685,0.00000686,6669768698.00,1631449679999,45768.86101384,96,5991727276.00,41119.78937608,0
1631449680000,0.00000687,0.00000687,0.00000686,0.00000687,8133794410.00,1631449739999,55803.08988710,100,2788856087.00,19136.81299132,0
1631449740000,0.00000687,0.00000689,0.00000686,0.00000688,15815935152.00,1631449799999,108783.01735237,194,9854210154.00,67802.65639775,0
1631449800000,0.00000688,0.00000689,0.00000687,0.00000688,2679306566.00,1631449859999,18438.55610555,69,1085517727.00,7473.41757076,0
1631449860000,0.00000689,0.00000689,0.00000688,0.00000688,3594017840.00,1631449919999,24760.62439808,96,3378165888.00,23275.56296832,0
1631449920000,0.00000689,0.00000689,0.00000688,0.00000688,1395442477.00,1631449979999,9606.45658948,59,581234772.00,4004.70757908,0
1631449980000,0.00000689,0.00000689,0.00000688,0.00000689,663938138.00,1631450039999,4571.94104594,38,404665650.00,2788.14632850,0
1631450040000,0.00000689,0.00000689,0.00000688,0.00000689,2113587414.00,1631450099999,14560.53486620,49,1905345788.00,13127.83247932,0
1631450100000,0.00000689,0.00000689,0.00000686,0.00000686,12130088209.00,1631450159999,83376.48541521,175,3012767611.00,20723.00001228,0
1631450160000,0.00000686,0.00000687,0.00000686,0.00000686,904475701.00,1631450219999,6209.16319515,36,445988629.00,3063.94188123,0
1631450220000,0.00000687,0.00000687,0.00000686,0.00000687,3707482980.00,1631450279999,25436.37166088,65,303841808.00,2087.39322096,0
1631450280000,0.00000686,0.00000687,0.00000685,0.00000686,11823886780.00,1631450339999,81162.99377039,107,5433956584.00,37330.97654172,0
1631450340000,0.00000685,0.00000686,0.00000685,0.00000686,11487237016.00,1631450399999,78749.07360998,143,6150005038.00,42189.03456068,0
1631450400000,0.00000686,0.00000686,0.00000685,0.00000686,1823206091.00,1631450459999,12496.28125146,55,731952811.00,5021.19628346,0
1631450460000,0.00000686,0.00000687,0.00000685,0.00000687,6726711297.00,1631450519999,46146.38236551,95,5296852704.00,36350.09992952,0
1631450520000,0.00000686,0.00000687,0.00000686,0.00000686,1563595114.00,1631450579999,10735.00129590,40,873881386.00,6003.56512182,0
1631450580000,0.00000686,0.00000687,0.00000686,0.00000687,3495620837.00,1631450639999,23982.01227761,67,205333579.00,1410.64168773,0
1631450640000,0.00000686,0.00000688,0.00000686,0.00000688,7425029188.00,1631450699999,51022.90614341,184,6002531381.00,41255.86182075,0
1631450700000,0.00000688,0.00000689,0.00000686,0.00000687,8071573207.00,1631450759999,55500.83051041,140,3053930536.00,21003.91255120,0
1631450760000,0.00000687,0.00000689,0.00000686,0.00000688,20428456770.00,1631450819999,140484.23405727,115,16959074767.00,116632.89668408,0
1631450820000,0.00000689,0.00000690,0.00000688,0.00000690,7677768283.00,1631450879999,52907.13674873,115,6581903567.00,45356.99343369,0
1631450880000,0.00000690,0.00000690,0.00000687,0.00000689,7771875129.00,1631450939999,53472.71263997,122,1977751157.00,13609.29823323,0
1631450940000,0.00000688,0.00000689,0.00000688,0.00000689,1571067076.00,1631450999999,10814.28199254,44,534050966.00,3679.61115574,0
1631451000000,0.00000689,0.00000689,0.00000687,0.00000688,5926392495.00,1631451059999,40784.53098727,86,3302465539.00,22737.03832690,0
1631451060000,0.00000687,0.00000688,0.00000687,0.00000687,1501613614.00,1631451119999,10322.95958784,44,687405966.00,4729.35304608,0
1631451120000,0.00000687,0.00000688,0.00000687,0.00000687,1023754151.00,1631451179999,7039.14513732,33,595411995.00,4096.43452560,0
1631451180000,0.00000687,0.00000688,0.00000687,0.00000688,1237920831.00,1631451239999,8507.20107874,36,268496977.00,1847.25920176,0
1631451240000,0.00000687,0.00000689,0.00000686,0.00000688,9486296902.00,1631451299999,65198.67299440,169,6069496900.00,41729.44092537,0
1631451300000,0.00000688,0.00000689,0.00000688,0.00000689,1101894641.00,1631451359999,7586.85444090,49,581931082.00,4009.50515498,0
1631451360000,0.00000688,0.00000689,0.00000688,0.00000689,788169772.00,1631451419999,5426.08348056,39,347544920.00,2394.58449880,0
1631451420000,0.00000688,0.00000689,0.00000688,0.00000689,1868513475.00,1631451479999,12857.75389303,57,238118503.00,1640.63648567,0
1631451480000,0.00000688,0.00000689,0.00000688,0.00000688,4916419329.00,1631451539999,33840.44943201,67,1548444849.00,10668.78500961,0
1631451540000,0.00000689,0.00000689,0.00000688,0.00000688,2448856513.00,1631451599999,16869.66876564,39,2153595620.00,14838.27382180,0
1631451600000,0.00000688,0.00000689,0.00000688,0.00000688,1191489711.00,1631451659999,8202.45487076,55,500565908.00,3448.89910612,0
1631451660000,0.00000689,0.00000690,0.00000688,0.00000689,10820055949.00,1631451719999,74552.02587368,124,5853692778.00,40333.90053872,0
1631451720000,0.00000690,0.00000690,0.00000689,0.00000689,2753993936.00,1631451779999,18979.53762190,60,451940286.00,3118.38797340,0
1631451780000,0.00000690,0.00000691,0.00000689,0.00000691,7911551457.00,1631451839999,54590.89259685,121,5464205645.00,37707.30057288,0
1631451840000,0.00000690,0.00000691,0.00000689,0.00000690,9928410522.00,1631451899999,68526.04649532,164,3294229506.00,22756.58049282,0
1631451900000,0.00000690,0.00000690,0.00000688,0.00000689,13898066002.00,1631451959999,95678.40577519,137,1617953878.00,11150.44361602,0
1631451960000,0.00000688,0.00000690,0.00000688,0.00000689,4407783742.00,1631452019999,30360.03415695,62,2440595190.00,16823.63493444,0
1631452020000,0.00000689,0.00000691,0.00000689,0.00000691,2243488725.00,1631452079999,15487.15672742,88,1541947090.00,10648.51353413,0
1631452080000,0.00000690,0.00000691,0.00000690,0.00000691,889797290.00,1631452139999,6147.21239385,44,761109285.00,5259.26515935,0
1631452140000,0.00000691,0.00000691,0.00000690,0.00000690,4781840604.00,1631452199999,33038.77112807,64,4407096047.00,30453.03368477,0
1631452200000,0.00000690,0.00000691,0.00000690,0.00000690,1320830632.00,1631452259999,9116.65275435,43,292139355.00,2018.68294305,0
1631452260000,0.00000691,0.00000691,0.00000690,0.00000690,2943828986.00,1631452319999,20340.89637276,43,2847636936.00,19677.17122776,0
1631452320000,0.00000690,0.00000691,0.00000690,0.00000690,1016110291.00,1631452379999,7018.50222710,43,734121920.00,5072.78246720,0
1631452380000,0.00000691,0.00000691,0.00000690,0.00000691,6076213297.00,1631452439999,41980.91839010,78,5504664080.00,38037.22879280,0
1631452440000,0.00000691,0.00000691,0.00000690,0.00000690,4754080383.00,1631452499999,32819.81021515,85,1665557245.00,11509.00056295,0
1631452500000,0.00000691,0.00000691,0.00000690,0.00000690,2453353268.00,1631452559999,16933.53698748,56,539943828.00,3731.01185148,0
1631452560000,0.00000690,0.00000691,0.00000690,0.00000690,2097311955.00,1631452619999,14474.09792425,55,264543475.00,1827.99541225,0
1631452620000,0.00000691,0.00000691,0.00000690,0.00000690,3610085913.00,1631452679999,24928.00301716,70,1841021746.00,12721.46026486,0
1631452680000,0.00000691,0.00000691,0.00000690,0.00000690,1772037254.00,1631452739999,12242.81686460,54,1575981200.00,10890.03009200,0
1631452740000,0.00000691,0.00000691,0.00000690,0.00000690,3445372320.00,1631452799999,23790.48363437,75,1741462637.00,12033.50682167,0
1631452800000,0.00000690,0.00000691,0.00000690,0.00000690,3594180091.00,1631452859999,24829.93202645,61,3008939855.00,20791.77439805,0
1631452860000,0.00000691,0.00000692,0.00000690,0.00000691,6707776829.00,1631452919999,46348.86339600,168,496197345.00,3429.98052405,0
1631452920000,0.00000691,0.00000692,0.00000690,0.00000691,4683953874.00,1631452979999,32379.53054966,81,4156838646.00,28737.20337438,0
1631452980000,0.00000691,0.00000693,0.00000691,0.00000692,6824940207.00,1631453039999,47226.15980116,138,5298495451.00,36668.20675234,0
1631453040000,0.00000693,0.00000693,0.00000692,0.00000693,7926575580.00,1631453099999,54889.17193889,138,3726892529.00,25827.36522597,0
1631453100000,0.00000692,0.00000693,0.00000692,0.00000692,2813989134.00,1631453159999,19480.66095924,69,785615196.00,5444.31330828,0
1631453160000,0.00000692,0.00000693,0.00000692,0.00000692,2894393854.00,1631453219999,20050.51435505,49,2130888537.00,14767.05756141,0
1631453220000,0.00000693,0.00000693,0.00000691,0.00000692,7692125572.00,1631453279999,53262.83000087,144,3864621672.00,26777.88571226,0
1631453280000,0.00000692,0.00000692,0.00000691,0.00000691,4966095671.00,1631453339999,34341.20575380,78,2548466719.00,17635.38969548,0
1631453340000,0.00000692,0.00000693,0.00000692,0.00000693,7332733620.00,1631453399999,50761.55706613,91,4476711885.00,30997.88665993,0
1631453400000,0.00000692,0.00000693,0.00000692,0.00000693,9494756354.00,1631453459999,65714.71284376,88,2881941296.00,19954.03264240,0
1631453460000,0.00000693,0.00000693,0.00000692,0.00000692,2267921302.00,1631453519999,15713.36081042,49,1934540058.00,13406.36260194,0
1631453520000,0.00000693,0.00000693,0.00000692,0.00000693,5733823837.00,1631453579999,39729.01871644,144,5095776440.00,35313.73072920,0
1631453580000,0.00000693,0.00000694,0.00000692,0.00000693,4595673389.00,1631453639999,31860.48513310,177,1606666644.00,11147.28703054,0
1631453640000,0.00000694,0.00000695,0.00000693,0.00000694,11237439095.00,1631453699999,77990.74460244,242,5833998291.00,40495.41350488,0
1631453700000,0.00000694,0.00000694,0.00000691,0.00000691,7178625393.00,1631453759999,49688.49965881,150,792383360.00,5488.15987764,0
1631453760000,0.00000691,0.00000692,0.00000690,0.00000691,9823147180.00,1631453819999,67904.40525898,121,6029493160.00,41690.87172624,0
1631453820000,0.00000692,0.00000692,0.00000689,0.00000689,8130948151.00,1631453879999,56144.17071291,213,2176807846.00,15040.88801673,0
1631453880000,0.00000689,0.00000690,0.00000686,0.00000686,10920180614.00,1631453939999,75106.55711183,213,2723522789.00,18742.83982733,0
1631453940000,0.00000686,0.00000687,0.00000686,0.00000686,6068170749.00,1631453999999,41651.66632407,76,2401498593.00,16498.29533391,0
1631454000000,0.00000686,0.00000688,0.00000684,0.00000688,24047854696.00,1631454059999,164934.48181547,519,10637828327.00,72978.28659684,0
1631454060000,0.00000688,0.00000689,0.00000687,0.00000689,6106459033.00,1631454119999,42039.65036337,138,3825327551.00,26339.47631516,0
1631454120000,0.00000689,0.00000690,0.00000687,0.00000688,5034531519.00,1631454179999,34663.01190328,149,2131377937.00,14675.10440415,0
1631454180000,0.00000688,0.00000689,0.00000688,0.00000689,1167539691.00,1631454239999,8035.46339443,63,279032035.00,1922.53072115,0
1631454240000,0.00000688,0.00000690,0.00000688,0.00000689,8375292022.00,1631454299999,57680.79311687,180,2884070971.00,19878.31295957,0
1631454300000,0.00000688,0.00000690,0.00000688,0.00000689,5695245813.00,1631454359999,39240.13569026,108,4415066788.00,30420.91285348,0
1631454360000,0.00000689,0.00000690,0.00000689,0.00000689,937205721.00,1631454419999,6461.26879452,54,392137683.00,2705.75001270,0
1631454420000,0.00000689,0.00000690,0.00000689,0.00000690,2172514623.00,1631454479999,14989.42667134,66,2080091887.00,14352.63402030,0
1631454480000,0.00000689,0.00000692,0.00000689,0.00000691,37819679058.00,1631454539999,261261.16389122,264,32480131652.00,224418.98331492,0
1631454540000,0.00000692,0.00000692,0.00000691,0.00000692,6183729823.00,1631454599999,42750.28710603,71,2071402910.00,14334.10813720,0
1631454600000,0.00000691,0.00000692,0.00000691,0.00000692,7307667754.00,1631454659999,50505.88061061,72,2501738010.00,17296.90607957,0
1631454660000,0.00000691,0.00000692,0.00000691,0.00000691,3733447322.00,1631454719999,25824.35588610,61,2623489108.00,18154.54462736,0
1631454720000,0.00000692,0.00000692,0.00000689,0.00000689,8086204614.00,1631454779999,55844.13246506,119,3918895536.00,27074.06243153,0
1631454780000,0.00000689,0.00000690,0.00000688,0.00000689,9737716840.00,1631454839999,67097.00001744,139,3617581270.00,24931.42318387,0
1631454840000,0.00000689,0.00000690,0.00000689,0.00000689,2109726328.00,1631454899999,14543.66054562,52,764614570.00,5275.84053300,0
1631454900000,0.00000689,0.00000691,0.00000689,0.00000691,3616051937.00,1631454959999,24948.18038781,81,2246264047.00,15500.40027212,0
1631454960000,0.00000691,0.00000691,0.00000690,0.00000691,1466748687.00,1631455019999,10134.04216054,58,1347622024.00,9312.06818584,0
1631455020000,0.00000690,0.00000691,0.00000690,0.00000691,997498039.00,1631455079999,6886.83960279,35,410313369.00,2835.26537979,0
1631455080000,0.00000691,0.00000691,0.00000690,0.00000690,1838109228.00,1631455139999,12685.63654208,47,268286888.00,1853.86239608,0
1631455140000,0.00000690,0.00000691,0.00000690,0.00000690,2769817488.00,1631455199999,19132.33226355,65,2059159635.00,14228.79307785,0
1631455200000,0.00000690,0.00000691,0.00000690,0.00000690,2522871316.00,1631455259999,17416.82175046,65,900967006.00,6225.68201146,0
1631455260000,0.00000690,0.00000691,0.00000690,0.00000691,2508680614.00,1631455319999,17325.98202348,60,1608578688.00,11115.27873408,0
1631455320000,0.00000691,0.00000691,0.00000689,0.00000691,7191271820.00,1631455379999,49626.96368875,140,4788191037.00,33048.76540478,0
1631455380000,0.00000690,0.00000691,0.00000690,0.00000691,1697348025.00,1631455439999,11720.20886515,50,850749265.00,5878.67742115,0
1631455440000,0.00000690,0.00000691,0.00000690,0.00000691,917794409.00,1631455499999,6335.41388884,36,263246674.00,1819.03451734,0
1631455500000,0.00000691,0.00000691,0.00000690,0.00000691,1891297630.00,1631455559999,13066.48791104,60,1653426404.00,11425.17645164,0
1631455560000,0.00000690,0.00000691,0.00000690,0.00000691,1374125475.00,1631455619999,9488.41190003,52,694612253.00,4799.77066823,0
1631455620000,0.00000691,0.00000691,0.00000690,0.00000691,744152025.00,1631455679999,5137.36947300,41,272050050.00,1879.86584550,0
1631455680000,0.00000690,0.00000691,0.00000690,0.00000691,1799212500.00,1631455739999,12416.45932599,58,189307599.00,1308.11550909,0
1631455740000,0.00000690,0.00000691,0.00000690,0.00000691,1245474646.00,1631455799999,8597.06134998,50,328629258.00,2270.82817278,0
1631455800000,0.00000691,0.00000691,0.00000690,0.00000691,1665501040.00,1631455859999,11500.52812099,51,857094499.00,5922.52298809,0
1631455860000,0.00000691,0.00000691,0.00000690,0.00000691,1672572103.00,1631455919999,11551.71223142,54,1096472072.00,7576.62201752,0
1631455920000,0.00000690,0.00000691,0.00000690,0.00000691,991495508.00,1631455979999,6846.76510589,54,544610069.00,3763.25557679,0
1631455980000,0.00000691,0.00000691,0.00000690,0.00000690,3608778716.00,1631456039999,24903.42327222,90,285013182.00,1969.44108762,0
1631456040000,0.00000690,0.00000691,0.00000688,0.00000688,7467042311.00,1631456099999,51479.01918880,125,3030581264.00,20911.08042968,0
1631456100000,0.00000689,0.00000690,0.00000688,0.00000690,4575052706.00,1631456159999,31535.10929334,70,4221997670.00,29105.08002263,0
1631456160000,0.00000690,0.00000690,0.00000689,0.00000690,1288671877.00,1631456219999,8882.99159211,47,404235958.00,2789.22811020,0
1631456220000,0.00000689,0.00000690,0.00000688,0.00000689,3765824417.00,1631456279999,25949.01498921,86,1770354234.00,12200.69519410,0
1631456280000,0.00000689,0.00000689,0.00000688,0.00000688,1533800546.00,1631456339999,10552.99054035,58,44278387.00,305.07808643,0
1631456340000,0.00000688,0.00000689,0.00000688,0.00000688,2480583062.00,1631456399999,17068.79648591,57,238501935.00,1643.27833215,0
1631456400000,0.00000688,0.00000689,0.00000687,0.00000687,3913300474.00,1631456459999,26925.67707131,63,419181685.00,2888.05977239,0
1631456460000,0.00000688,0.00000688,0.00000687,0.00000687,2327304210.00,1631456519999,15989.69363159,47,111370889.00,766.23171632,0
1631456520000,0.00000687,0.00000689,0.00000687,0.00000688,7737809495.00,1631456579999,53210.59989191,104,4932795713.00,33937.87289751,0
1631456580000,0.00000688,0.00000689,0.00000688,0.00000688,1998867997.00,1631456639999,13755.14740206,50,293558270.00,2022.61648030,0
1631456640000,0.00000689,0.00000689,0.00000688,0.00000688,1125449908.00,1631456699999,7751.12047077,32,802510373.00,5529.29646997,0
1631456700000,0.00000688,0.00000689,0.00000688,0.00000688,1254519550.00,1631456759999,8638.43540096,45,734089696.00,5057.87800544,0
1631456760000,0.00000688,0.00000689,0.00000688,0.00000689,2380143100.00,1631456819999,16383.89409927,66,850957127.00,5863.09460503,0
1631456820000,0.00000688,0.00000689,0.00000688,0.00000688,2700173150.00,1631456879999,18597.90483594,56,2071356394.00,14271.64555466,0
1631456880000,0.00000688,0.00000689,0.00000688,0.00000688,2135847254.00,1631456939999,14706.63182788,61,1200272036.00,8269.87432804,0
1631456940000,0.00000688,0.00000689,0.00000688,0.00000688,2462806045.00,1631456999999,16963.11708520,72,1901149560.00,13098.92046840,0
1631457000000,0.00000689,0.00000689,0.00000688,0.00000688,3155201235.00,1631457059999,21708.74893529,37,96443849.00,664.49811961,0
1631457060000,0.00000688,0.00000689,0.00000685,0.00000688,40583158193.00,1631457119999,278779.82774950,377,3825609695.00,26343.37129311,0
1631457120000,0.00000687,0.00000688,0.00000687,0.00000687,4029579715.00,1631457179999,27707.87498095,69,2466233890.00,16967.68916320,0
1631457180000,0.00000687,0.00000687,0.00000686,0.00000686,3623842863.00,1631457239999,24876.63922445,78,350131904.00,2405.40618048,0
1631457240000,0.00000686,0.00000687,0.00000685,0.00000686,3739963296.00,1631457299999,25649.36450993,96,972879144.00,6678.44618814,0
1631457300000,0.00000686,0.00000686,0.00000685,0.00000686,6260374231.00,1631457359999,42907.01586942,104,2345238707.00,16088.33753002,0
1631457360000,0.00000686,0.00000687,0.00000685,0.00000687,6263630367.00,1631457419999,42968.81766214,123,3552871019.00,24373.15452026,0
1631457420000,0.00000686,0.00000687,0.00000686,0.00000687,1775414183.00,1631457479999,12188.76034304,60,941904766.00,6470.88574242,0
1631457480000,0.00000686,0.00000687,0.00000686,0.00000687,958873829.00,1631457539999,6580.65523457,36,278076763.00,1910.38736181,0
1631457540000,0.00000687,0.00000687,0.00000685,0.00000685,29426822558.00,1631457599999,201645.61116896,201,6774867269.00,46421.09770626,0
1631457600000,0.00000685,0.00000686,0.00000684,0.00000684,45773562518.00,1631457659999,313330.42244540,313,12514980507.00,85738.84966480,0
1631457660000,0.00000685,0.00000686,0.00000684,0.00000685,7328733335.00,1631457719999,50205.91878416,168,6534594943.00,44767.66989450,0
1631457720000,0.00000686,0.00000686,0.00000685,0.00000685,10989037502.00,1631457779999,75281.52321319,78,2493013116.00,17083.75616909,0
1631457780000,0.00000685,0.00000685,0.00000684,0.00000685,5201169645.00,1631457839999,35590.69028696,89,1468991516.00,10062.59188460,0
1631457840000,0.00000685,0.00000685,0.00000684,0.00000685,4026307291.00,1631457899999,27569.88912537,56,2994725493.00,20513.86962705,0
1631457900000,0.00000685,0.00000685,0.00000684,0.00000684,1263168214.00,1631457959999,8647.13889769,56,706831393.00,4841.79504205,0
1631457960000,0.00000685,0.00000685,0.00000684,0.00000684,1660344381.00,1631458019999,11367.34531983,45,1058975379.00,7253.98134615,0
1631458020000,0.00000684,0.00000685,0.00000684,0.00000684,2665578401.00,1631458079999,18240.71449057,64,815822773.00,5588.38599505,0
1631458080000,0.00000685,0.00000685,0.00000684,0.00000685,2201032832.00,1631458139999,15065.54778908,64,1048321820.00,7181.00446700,0
1631458140000,0.00000685,0.00000685,0.00000684,0.00000684,993093357.00,1631458199999,6796.46986082,47,371129894.00,2542.23977390,0
1631458200000,0.00000685,0.00000685,0.00000684,0.00000685,1566868869.00,1631458259999,10729.68770327,48,1230463931.00,8428.67792735,0
1631458260000,0.00000685,0.00000685,0.00000684,0.00000685,1735085888.00,1631458319999,11871.40848523,38,342101131.00,2343.39274735,0
1631458320000,0.00000685,0.00000685,0.00000684,0.00000684,1030845643.00,1631458379999,7059.33877890,59,835458078.00,5722.88783430,0
1631458380000,0.00000684,0.00000685,0.00000683,0.00000684,30692072430.00,1631458439999,209818.75933944,303,2078606428.00,14221.76411604,0
1631458440000,0.00000684,0.00000684,0.00000683,0.00000683,4200361549.00,1631458499999,28725.05288074,127,3658350107.00,25023.11473188,0
1631458500000,0.00000684,0.00000684,0.00000683,0.00000683,3294888648.00,1631458559999,22534.27279072,102,3018332488.00,20645.39421792,0
1631458560000,0.00000684,0.00000685,0.00000683,0.00000684,6212899005.00,1631458619999,42495.45096608,225,3518020555.00,24066.08350895,0
1631458620000,0.00000684,0.00000685,0.00000683,0.00000684,10843059358.00,1631458679999,74083.97809176,170,821098248.00,5616.42180394,0
1631458680000,0.00000684,0.00000684,0.00000682,0.00000683,5906939592.00,1631458739999,40348.42104906,169,3211742961.00,21941.52884254,0
1631458740000,0.00000683,0.00000683,0.00000682,0.00000683,1299215111.00,1631458799999,8864.50621769,102,385916067.00,2635.80673761,0
1631458800000,0.00000682,0.00000685,0.00000682,0.00000684,17354136722.00,1631458859999,118626.18634870,186,11069690372.00,75649.65023605,0
1631458860000,0.00000684,0.00000684,0.00000683,0.00000683,2338912065.00,1631458919999,15988.84154069,46,1407213674.00,9625.34153016,0
1631458920000,0.00000684,0.00000684,0.00000683,0.00000684,1525193113.00,1631458979999,10418.60463018,47,153566839.00,1050.39717876,0
1631458980000,0.00000683,0.00000684,0.00000683,0.00000684,3858400184.00,1631459039999,26379.25844122,54,2638518450.00,18047.46619800,0
1631459040000,0.00000683,0.00000684,0.00000683,0.00000684,831157071.00,1631459099999,5678.82447904,42,202168411.00,1382.83193124,0
1631459100000,0.00000683,0.00000684,0.00000683,0.00000683,1595406100.00,1631459159999,10907.62669606,39,1100303306.00,7526.07461304,0
1631459160000,0.00000684,0.00000684,0.00000683,0.00000684,1532478808.00,1631459219999,10474.37313776,48,754287912.00,5159.32931808,0
1631459220000,0.00000684,0.00000685,0.00000683,0.00000685,3397454966.00,1631459279999,23240.82672700,84,3260089103.00,22302.34586261,0
1631459280000,0.00000685,0.00000685,0.00000684,0.00000684,3405274473.00,1631459339999,23315.53445530,45,2345705998.00,16068.08608630,0
1631459340000,0.00000684,0.00000685,0.00000684,0.00000684,3670390880.00,1631459399999,25112.33711202,81,686349282.00,4701.49258170,0
1631459400000,0.00000684,0.00000686,0.00000684,0.00000686,5565191961.00,1631459459999,38131.36723804,146,5292645369.00,36265.64941487,0
1631459460000,0.00000686,0.00000686,0.00000685,0.00000686,1474009167.00,1631459519999,10103.20460067,40,624180672.00,4281.87940992,0
1631459520000,0.00000686,0.00000686,0.00000685,0.00000686,3096608955.00,1631459579999,21223.50502270,92,1173368095.00,8049.30513170,0
1631459580000,0.00000686,0.00000686,0.00000685,0.00000685,1430277268.00,1631459639999,9805.60697528,50,820768948.00,5630.47498328,0
1631459640000,0.00000685,0.00000685,0.00000684,0.00000684,6947685023.00,1631459699999,47588.54067360,64,3883880460.00,26604.58115100,0
1631459700000,0.00000685,0.00000687,0.00000685,0.00000687,11192270623.00,1631459759999,76753.57471149,120,5278603569.00,36200.90027840,0
1631459760000,0.00000686,0.00000687,0.00000686,0.00000687,2317624447.00,1631459819999,15901.13170143,41,222799501.00,1530.63257187,0
1631459820000,0.00000686,0.00000687,0.00000686,0.00000687,1125650069.00,1631459879999,7727.40170623,57,544223289.00,3738.81399543,0
1631459880000,0.00000686,0.00000687,0.00000686,0.00000686,2472890442.00,1631459939999,16985.83233696,52,2180390484.00,14979.28262508,0
1631459940000,0.00000686,0.00000687,0.00000686,0.00000687,4608293005.00,1631459999999,31623.50519326,74,1061517896.00,7292.62794552,0
1631460000000,0.00000687,0.00000687,0.00000686,0.00000686,4469453365.00,1631460059999,30701.66762032,79,4121753642.00,28316.44752054,0
1631460060000,0.00000687,0.00000687,0.00000686,0.00000686,1818899795.00,1631460119999,12483.48109928,52,582850558.00,4004.18333346,0
1631460120000,0.00000687,0.00000687,0.00000686,0.00000687,2733262520.00,1631460179999,18769.41946460,74,1923857740.00,13216.90267380,0
1631460180000,0.00000687,0.00000687,0.00000686,0.00000687,1186595195.00,1631460239999,8148.09417777,42,805114007.00,5531.13322809,0
1631460240000,0.00000686,0.00000687,0.00000686,0.00000686,2505647558.00,1631460299999,17199.53407213,53,1079182425.00,7413.98325975,0
1631460300000,0.00000686,0.00000688,0.00000686,0.00000687,5156981132.00,1631460359999,35432.89313237,97,4081858947.00,28049.51314990,0
1631460360000,0.00000687,0.00000689,0.00000687,0.00000689,5458529468.00,1631460419999,37557.73928975,96,4243252753.00,29207.38662045,0
1631460420000,0.00000689,0.00000689,0.00000688,0.00000689,2468149940.00,1631460479999,16995.08781054,44,1421622334.00,9794.97788126,0
1631460480000,0.00000688,0.00000689,0.00000688,0.00000689,1911523813.00,1631460539999,13157.70024538,50,641641194.00,4420.90782666,0
1631460540000,0.00000688,0.00000689,0.00000687,0.00000687,3869830108.00,1631460599999,26625.89460537,83,784827494.00,5407.46143366,0
1631460600000,0.00000688,0.00000688,0.00000687,0.00000688,859631277.00,1631460659999,5906.61299120,46,94611821.00,650.92932848,0
1631460660000,0.00000687,0.00000688,0.00000687,0.00000688,1993683906.00,1631460719999,13705.53741513,53,892898091.00,6143.13886608,0
1631460720000,0.00000688,0.00000688,0.00000687,0.00000688,7231842368.00,1631460779999,49697.19843650,84,1444136834.00,9935.66141792,0
1631460780000,0.00000687,0.00000688,0.00000686,0.00000687,12959108804.00,1631460839999,88990.19257399,134,4281123029.00,29421.21306912,0
1631460840000,0.00000687,0.00000687,0.00000684,0.00000685,8225712935.00,1631460899999,56375.52344190,152,1751520722.00,11999.48458281,0
1631460900000,0.00000685,0.00000686,0.00000685,0.00000686,2697930195.00,1631460959999,18483.47900370,90,2094986923.00,14353.31759050,0
1631460960000,0.00000686,0.00000686,0.00000685,0.00000686,2878492244.00,1631461019999,19730.85984531,48,1318797391.00,9046.95010226,0
1631461020000,0.00000685,0.00000686,0.00000685,0.00000685,4317381744.00,1631461079999,29581.72882295,83,766387655.00,5257.41931330,0
1631461080000,0.00000685,0.00000686,0.00000684,0.00000685,2089833763.00,1631461139999,14311.35581636,56,627448893.00,4298.20780264,0
1631461140000,0.00000685,0.00000685,0.00000684,0.00000685,2801776721.00,1631461199999,19170.63213530,69,647936366.00,4438.36410710,0
1631461200000,0.00000684,0.00000685,0.00000684,0.00000684,1155225681.00,1631461259999,7905.05717877,36,331352073.00,2269.76170005,0
1631461260000,0.00000684,0.00000685,0.00000683,0.00000685,19164642923.00,1631461319999,131035.89030681,232,7528846023.00,51520.78376190,0
1631461320000,0.00000684,0.00000685,0.00000684,0.00000685,1908412175.00,1631461379999,13059.23932607,42,570004907.00,3904.53361295,0
1631461380000,0.00000684,0.00000685,0.00000684,0.00000684,2696263482.00,1631461439999,18458.28463564,53,1584241876.00,10852.05685060,0
1631461440000,0.00000685,0.00000686,0.00000684,0.00000686,2408717905.00,1631461499999,16501.20144030,119,2217886380.00,15194.51790529,0
1631461500000,0.00000685,0.00000686,0.00000685,0.00000686,4186140519.00,1631461559999,28709.47281953,175,3441026438.00,23605.44136468,0
1631461560000,0.00000686,0.00000686,0.00000684,0.00000685,9229607460.00,1631461619999,63231.72682999,120,2478862533.00,16997.22063088,0
1631461620000,0.00000685,0.00000686,0.00000684,0.00000685,12722932454.00,1631461679999,87177.70555357,62,6557633561.00,44945.62150684,0
1631461680000,0.00000685,0.00000686,0.00000685,0.00000686,928927194.00,1631461739999,6368.50500136,62,535372246.00,3672.65360756,0
1631461740000,0.00000686,0.00000686,0.00000685,0.00000685,721519115.00,1631461799999,4944.17933187,40,177339412.00,1216.54836632,0
1631461800000,0.00000686,0.00000686,0.00000685,0.00000685,1100983875.00,1631461859999,7548.02166317,38,628211942.00,4309.53392212,0
1631461860000,0.00000685,0.00000686,0.00000684,0.00000684,3682912877.00,1631461919999,25228.12148065,97,672093946.00,4604.88391507,0
1631461920000,0.00000685,0.00000686,0.00000684,0.00000685,4347485704.00,1631461979999,29785.93465721,82,2522110517.00,17288.38405709,0
1631461980000,0.00000685,0.00000686,0.00000685,0.00000685,389864762.00,1631462039999,2671.83646427,30,126284457.00,866.31137502,0
1631462040000,0.00000686,0.00000686,0.00000685,0.00000685,1511800024.00,1631462099999,10359.70450321,56,387433881.00,2657.79642366,0
1631462100000,0.00000685,0.00000686,0.00000685,0.00000686,2245886753.00,1631462159999,15403.54785657,112,1922359852.00,13187.38858472,0
1631462160000,0.00000686,0.00000687,0.00000685,0.00000687,5418243601.00,1631462219999,37167.65458720,101,4292844264.00,29457.97323495,0
1631462220000,0.00000687,0.00000688,0.00000686,0.00000686,14543730062.00,1631462279999,99890.40578099,124,5760547337.00,39582.97734410,0
1631462280000,0.00000687,0.00000687,0.00000686,0.00000686,3845245577.00,1631462339999,26411.93174261,44,3354708439.00,23046.84697593,0
1631462340000,0.00000686,0.00000687,0.00000685,0.00000686,2603283290.00,1631462399999,17857.57820544,47,98640731.00,677.26351080,0
1631462400000,0.00000686,0.00000686,0.00000685,0.00000685,3183224779.00,1631462459999,21828.76373074,51,2367399459.00,16240.36028874,0
1631462460000,0.00000685,0.00000686,0.00000684,0.00000685,3705920732.00,1631462519999,25379.22057047,79,976596815.00,6689.82574447,0
1631462520000,0.00000685,0.00000686,0.00000684,0.00000686,8339913162.00,1631462579999,57167.70447108,156,4814987240.00,32999.09715654,0
1631462580000,0.00000686,0.00000687,0.00000685,0.00000687,4672076161.00,1631462639999,32063.90235639,131,4117610694.00,28262.68718320,0
1631462640000,0.00000686,0.00000687,0.00000686,0.00000686,1337090164.00,1631462699999,9173.81229603,44,137377099.00,943.78067013,0
1631462700000,0.00000687,0.00000687,0.00000686,0.00000686,1951776459.00,1631462759999,13393.18255407,77,399604533.00,2745.28314171,0
1631462760000,0.00000687,0.00000687,0.00000685,0.00000686,3811321011.00,1631462819999,26147.13012508,101,579179191.00,3977.89618969,0
1631462820000,0.00000686,0.00000686,0.00000685,0.00000685,5436689942.00,1631462879999,37288.55903484,105,4723293214.00,32401.79144804,0
1631462880000,0.00000685,0.00000686,0.00000685,0.00000686,3908262534.00,1631462939999,26778.03042702,85,643206912.00,4412.39941632,0
1631462940000,0.00000686,0.00000686,0.00000685,0.00000685,3043996752.00,1631462999999,20854.42022376,50,304247256.00,2087.13617616,0
1631463000000,0.00000686,0.00000686,0.00000685,0.00000685,3129547608.00,1631463059999,21440.51954150,57,311842670.00,2139.24071620,0
1631463060000,0.00000685,0.00000686,0.00000685,0.00000686,1019493845.00,1631463119999,6986.17245742,49,263961917.00,1810.77875062,0
1631463120000,0.00000685,0.00000686,0.00000685,0.00000686,1662954182.00,1631463179999,11399.73498890,51,849884220.00,5830.20574920,0
1631463180000,0.00000686,0.00000686,0.00000684,0.00000684,6965830156.00,1631463239999,47688.72921109,111,1092727135.00,7485.51873666,0
1631463240000,0.00000684,0.00000685,0.00000684,0.00000684,2805471503.00,1631463299999,19194.27580565,56,485072513.00,3322.74671405,0
1631463300000,0.00000685,0.00000685,0.00000684,0.00000684,2013359826.00,1631463359999,13773.02099901,41,163978917.00,1123.25558145,0
1631463360000,0.00000684,0.00000685,0.00000684,0.00000684,1283983257.00,1631463419999,8788.38737468,53,594189680.00,4070.19930800,0
1631463420000,0.00000685,0.00000686,0.00000684,0.00000685,5954106628.00,1631463479999,40785.27178690,96,4060474440.00,27820.34945056,0
1631463480000,0.00000686,0.00000686,0.00000685,0.00000686,3616799712.00,1631463539999,24781.73467848,57,665665128.00,4566.46277808,0
1631463540000,0.00000685,0.00000686,0.00000685,0.00000686,1007357839.00,1631463599999,6905.87233986,53,547114271.00,3753.20389906,0
1631463600000,0.00000685,0.00000686,0.00000685,0.00000686,1290513432.00,1631463659999,8846.98294540,59,696593620.00,4778.63223320,0
1631463660000,0.00000686,0.00000686,0.00000685,0.00000685,3130177104.00,1631463719999,21449.94456295,53,823140055.00,5646.74077730,0
1631463720000,0.00000685,0.00000686,0.00000685,0.00000686,1425437163.00,1631463779999,9774.97825584,59,1073368929.00,7363.31085294,0
1631463780000,0.00000685,0.00000686,0.00000685,0.00000685,1984996565.00,1631463839999,13603.43617882,49,620970857.00,4259.86007902,0
1631463840000,0.00000685,0.00000687,0.00000685,0.00000687,4520178289.00,1631463899999,31020.32721276,118,3540325969.00,24299.37818231,0
1631463900000,0.00000687,0.00000687,0.00000686,0.00000686,2861500763.00,1631463959999,19639.06564099,48,917040681.00,6300.06947847,0
1631463960000,0.00000686,0.00000687,0.00000686,0.00000686,4539471937.00,1631464019999,31156.48803338,54,1571054556.00,10793.14479972,0
1631464020000,0.00000687,0.00000687,0.00000685,0.00000686,4322188398.00,1631464079999,29651.22218126,110,245802006.00,1687.85722584,0
1631464080000,0.00000685,0.00000687,0.00000685,0.00000686,14436650788.00,1631464139999,99035.99131718,162,11963380287.00,82071.57742942,0
1631464140000,0.00000686,0.00000686,0.00000685,0.00000685,1069235621.00,1631464199999,7326.06963516,36,180563131.00,1238.66307866,0
1631464200000,0.00000686,0.00000687,0.00000686,0.00000686,8776040179.00,1631464259999,60213.35102545,110,3339911079.00,22921.50539945,0
1631464260000,0.00000686,0.00000687,0.00000685,0.00000685,5945359803.00,1631464319999,40768.04026994,100,1037533537.00,7118.24974512,0
1631464320000,0.00000686,0.00000686,0.00000685,0.00000686,3893559302.00,1631464379999,26686.38780135,76,1550658265.00,10637.51569790,0
1631464380000,0.00000686,0.00000686,0.00000684,0.00000685,7628731157.00,1631464439999,52253.90494979,126,3639016675.00,24928.38518734,0
1631464440000,0.00000685,0.00000685,0.00000684,0.00000685,7036879198.00,1631464499999,48198.16820783,87,5038043671.00,34510.59914635,0
1631464500000,0.00000685,0.00000685,0.00000684,0.00000684,1475080560.00,1631464559999,10094.25596512,47,470493472.00,3222.88028320,0
1631464560000,0.00000684,0.00000685,0.00000684,0.00000685,1357672505.00,1631464619999,9291.73649148,45,525655728.00,3600.74173680,0
1631464620000,0.00000685,0.00000686,0.00000684,0.00000686,3452604532.00,1631464679999,23657.95007763,92,3009237136.00,20622.02953700,0
1631464680000,0.00000685,0.00000686,0.00000685,0.00000685,2036230875.00,1631464739999,13967.16201130,41,1898051755.00,13020.63503930,0
1631464740000,0.00000686,0.00000686,0.00000685,0.00000686,1005479386.00,1631464799999,6890.89171288,51,335791878.00,2303.53228308,0
1631464800000,0.00000685,0.00000686,0.00000685,0.00000685,2147085843.00,1631464859999,14716.13030199,57,859227744.00,5894.30232384,0
1631464860000,0.00000685,0.00000686,0.00000685,0.00000686,902095183.00,1631464919999,6186.12687797,58,677487442.00,4647.56385212,0
1631464920000,0.00000686,0.00000686,0.00000685,0.00000685,829330925.00,1631464979999,5683.69102951,51,277419326.00,1903.09657636,0
1631464980000,0.00000685,0.00000686,0.00000684,0.00000684,4521880440.00,1631465039999,30976.10354641,86,421595070.00,2890.17058340,0
1631465040000,0.00000685,0.00000685,0.00000684,0.00000685,1620398091.00,1631465099999,11090.40794516,53,688500272.00,4716.22686320,0
1631465100000,0.00000684,0.00000685,0.00000683,0.00000683,8440550843.00,1631465159999,57741.00874857,103,1478559730.00,10123.99217535,0
1631465160000,0.00000683,0.00000684,0.00000682,0.00000683,6319652541.00,1631465219999,43167.55422728,114,766710603.00,5244.30052452,0
1631465220000,0.00000684,0.00000684,0.00000682,0.00000683,6093768449.00,1631465279999,41628.03822260,154,2839292978.00,19408.51161520,0
1631465280000,0.00000683,0.00000683,0.00000682,0.00000683,1701911546.00,1631465339999,11612.43812610,52,540138238.00,3689.14416554,0
1631465340000,0.00000683,0.00000683,0.00000682,0.00000683,2097512284.00,1631465399999,14309.40655636,70,437277948.00,2986.60838484,0
1631465400000,0.00000682,0.00000683,0.00000682,0.00000683,2512347493.00,1631465459999,17139.58126799,71,537136573.00,3668.64279359,0
1631465460000,0.00000682,0.00000683,0.00000682,0.00000683,1801976755.00,1631465519999,12295.88510721,59,640363811.00,4373.68482913,0
1631465520000,0.00000683,0.00000683,0.00000682,0.00000683,1042955485.00,1631465579999,7118.42806860,36,547166090.00,3737.14439470,0
1631465580000,0.00000683,0.00000683,0.00000682,0.00000683,1293409653.00,1631465639999,8826.42839689,46,537456343.00,3670.82682269,0
1631465640000,0.00000683,0.00000683,0.00000682,0.00000683,1456221710.00,1631465699999,9935.37823758,38,394617538.00,2695.23778454,0
1631465700000,0.00000683,0.00000683,0.00000681,0.00000681,15655216540.00,1631465759999,106768.04112968,173,6004546084.00,40954.61725264,0
1631465760000,0.00000682,0.00000682,0.00000681,0.00000681,2807690333.00,1631465819999,19130.71875215,92,1034758442.00,7057.05257444,0
1631465820000,0.00000681,0.00000682,0.00000681,0.00000682,1539889948.00,1631465879999,10494.43485894,39,778431306.00,5308.90150692,0
1631465880000,0.00000681,0.00000682,0.00000681,0.00000681,1937966848.00,1631465939999,13201.08769123,54,353345635.00,2409.81723070,0
1631465940000,0.00000682,0.00000682,0.00000681,0.00000682,913967342.00,1631465999999,6228.73881085,51,462121183.00,3151.66646806,0
1631466000000,0.00000682,0.00000683,0.00000682,0.00000682,1123995985.00,1631466059999,7667.35207131,53,812148857.00,5540.55465835,0
1631466060000,0.00000683,0.00000683,0.00000682,0.00000682,3789012407.00,1631466119999,25877.47213813,47,3640752239.00,24866.33779237,0
1631466120000,0.00000682,0.00000683,0.00000682,0.00000682,1287488853.00,1631466179999,8782.56102662,33,188704916.00,1288.85457628,0
1631466180000,0.00000683,0.00000683,0.00000682,0.00000682,3068842967.00,1631466239999,20934.19430053,70,468526559.00,3200.03639797,0
1631466240000,0.00000682,0.00000683,0.00000682,0.00000682,1819535177.00,1631466299999,12424.60139870,45,1537149156.00,10498.72873548,0
1631466300000,0.00000682,0.00000683,0.00000682,0.00000682,797738920.00,1631466359999,5441.99487636,34,141544196.00,966.74685868,0
1631466360000,0.00000682,0.00000683,0.00000682,0.00000683,646063215.00,1631466419999,4411.52117961,50,537005331.00,3667.74641073,0
1631466420000,0.00000683,0.00000683,0.00000682,0.00000683,3713327557.00,1631466479999,25354.44468726,56,2955074852.00,20183.16123916,0
1631466480000,0.00000682,0.00000683,0.00000682,0.00000683,938415324.00,1631466539999,6403.66331119,38,367080151.00,2507.15743133,0
1631466540000,0.00000683,0.00000683,0.00000682,0.00000683,1049752642.00,1631466599999,7166.31807634,58,700505790.00,4784.45454570,0
1631466600000,0.00000683,0.00000683,0.00000682,0.00000683,1618075786.00,1631466659999,11047.17856833,58,1190170781.00,8128.86643423,0
1631466660000,0.00000683,0.00000683,0.00000682,0.00000683,2271806496.00,1631466719999,15496.39321786,63,267291514.00,1825.60104062,0
1631466720000,0.00000683,0.00000683,0.00000682,0.00000683,1455792083.00,1631466779999,9934.51018340,41,600817734.00,4103.58512322,0
1631466780000,0.00000683,0.00000683,0.00000682,0.00000682,1835032327.00,1631466839999,12522.00137138,58,708090124.00,4836.25554692,0
1631466840000,0.00000682,0.00000683,0.00000682,0.00000682,2406324465.00,1631466899999,16413.73121971,54,259836841.00,1774.68562403,0
1631466900000,0.00000682,0.00000683,0.00000682,0.00000683,2522703442.00,1631466959999,17219.87192960,58,1503445516.00,10268.53287428,0
1631466960000,0.00000682,0.00000683,0.00000682,0.00000682,1335940957.00,1631467019999,9119.53244012,56,841511338.00,5747.52243854,0
1631467020000,0.00000682,0.00000683,0.00000682,0.00000683,3285090555.00,1631467079999,22427.67034707,78,2193694300.00,14982.93206900,0
1631467080000,0.00000682,0.00000684,0.00000682,0.00000684,2972866592.00,1631467139999,20311.02219876,71,2595654032.00,17736.87218904,0
1631467140000,0.00000684,0.00000684,0.00000683,0.00000684,533778724.00,1631467199999,3649.49400420,40,378531928.00,2589.15838752,0
1631467200000,0.00000683,0.00000685,0.00000683,0.00000685,7971075909.00,1631467259999,54500.98481401,166,4698032962.00,32139.75245256,0
1631467260000,0.00000684,0.00000685,0.00000684,0.00000684,1912756989.00,1631467319999,13095.72767025,53,1246986549.00,8541.85786065,0
1631467320000,0.00000684,0.00000685,0.00000682,0.00000683,14768486966.00,1631467379999,100924.46858291,260,7126191351.00,48699.78240879,0
1631467380000,0.00000683,0.00000683,0.00000682,0.00000682,7136938027.00,1631467439999,48686.97796163,88,1306061749.00,8920.40174567,0
1631467440000,0.00000683,0.00000684,0.00000682,0.00000684,2588735687.00,1631467499999,17677.85881094,129,2264015155.00,15463.26478270,0
1631467500000,0.00000683,0.00000684,0.00000683,0.00000683,1158021819.00,1631467559999,7915.84030947,47,655128570.00,4481.07941880,0
1631467560000,0.00000683,0.00000684,0.00000683,0.00000684,883360103.00,1631467619999,6037.26266891,52,391316542.00,2676.60514728,0
1631467620000,0.00000683,0.00000684,0.00000682,0.00000682,1687533326.00,1631467679999,11521.65594061,58,894592778.00,6110.23604673,0
1631467680000,0.00000682,0.00000683,0.00000682,0.00000682,1174622287.00,1631467739999,8016.10554228,49,518154494.00,3538.99519402,0
1631467740000,0.00000683,0.00000683,0.00000682,0.00000683,977073029.00,1631467799999,6671.63521853,30,799716075.00,5462.06079225,0
1631467800000,0.00000683,0.00000684,0.00000682,0.00000682,5901837050.00,1631467859999,40306.86136430,57,5201273756.00,35529.01969922,0
1631467860000,0.00000682,0.00000683,0.00000682,0.00000682,741882991.00,1631467919999,5062.51553547,32,287353685.00,1962.62566855,0
1631467920000,0.00000683,0.00000683,0.00000682,0.00000682,7813406136.00,1631467979999,53291.71532273,111,428547521.00,2926.97956843,0
1631467980000,0.00000683,0.00000683,0.00000682,0.00000682,3482484507.00,1631468039999,23751.56589829,66,102156055.00,697.72585565,0
1631468040000,0.00000682,0.00000683,0.00000682,0.00000683,2140506724.00,1631468099999,14599.61149122,48,135563354.00,925.89770782,0
1631468100000,0.00000682,0.00000683,0.00000682,0.00000683,3315600995.00,1631468159999,22630.55231796,67,1815353206.00,12398.86239698,0
1631468160000,0.00000682,0.00000683,0.00000682,0.00000683,2873992488.00,1631468219999,19618.04150872,54,1741274056.00,11892.90180248,0
1631468220000,0.00000682,0.00000683,0.00000682,0.00000683,4682421962.00,1631468279999,31951.41083888,107,1729305804.00,11811.15864132,0
1631468280000,0.00000683,0.00000683,0.00000682,0.00000683,2895233524.00,1631468339999,19755.15324018,67,966060650.00,6598.19423950,0
1631468340000,0.00000683,0.00000683,0.00000682,0.00000682,2519785059.00,1631468399999,17195.98102996,54,1104692758.00,7545.05153714,0
1631468400000,0.00000682,0.00000683,0.00000682,0.00000683,1379983595.00,1631468459999,9420.65013991,47,916202201.00,6257.66103283,0
1631468460000,0.00000682,0.00000683,0.00000682,0.00000683,887774314.00,1631468519999,6059.58454062,41,496371914.00,3390.22017262,0
1631468520000,0.00000683,0.00000683,0.00000682,0.00000682,837208464.00,1631468579999,5712.62872354,54,286699906.00,1958.16035798,0
1631468580000,0.00000682,0.00000683,0.00000682,0.00000682,2106535066.00,1631468639999,14375.58543530,56,901628518.00,6158.12277794,0
1631468640000,0.00000682,0.00000683,0.00000682,0.00000683,3070674777.00,1631468699999,20956.25783978,59,1425586064.00,9736.75281712,0
1631468700000,0.00000682,0.00000683,0.00000682,0.00000683,1455056152.00,1631468759999,9927.81358522,40,433062858.00,2957.81932014,0
1631468760000,0.00000683,0.00000683,0.00000682,0.00000683,3486601443.00,1631468819999,23783.67131477,73,504947351.00,3448.79040733,0
1631468820000,0.00000682,0.00000683,0.00000682,0.00000682,1037012682.00,1631468879999,7076.69928044,36,427278920.00,2918.31502360,0
1631468880000,0.00000683,0.00000683,0.00000682,0.00000682,3885903853.00,1631468939999,26515.78905095,78,1392477349.00,9510.62029367,0
1631468940000,0.00000683,0.00000683,0.00000682,0.00000683,1121179016.00,1631468999999,7653.73448869,39,729359957.00,4981.52850631,0
1631469000000,0.00000682,0.00000683,0.00000682,0.00000683,1476065625.00,1631469059999,10067.99553635,48,122797385.00,838.70613955,0
1631469060000,0.00000683,0.00000683,0.00000682,0.00000683,1288931370.00,1631469119999,8797.49416233,59,698221893.00,4768.85552919,0
1631469120000,0.00000683,0.00000683,0.00000682,0.00000683,1102733730.00,1631469179999,7525.11731466,48,447327606.00,3055.24754898,0
1631469180000,0.00000683,0.00000683,0.00000682,0.00000682,2571980169.00,1631469239999,17550.18256319,68,927781061.00,6336.74464663,0
1631469240000,0.00000683,0.00000683,0.00000682,0.00000683,8808811677.00,1631469299999,60086.50893353,67,1041329639.00,7112.28143437,0
1631469300000,0.00000682,0.00000683,0.00000682,0.00000683,876808719.00,1631469359999,5983.92037241,42,408490883.00,2789.99273089,0
1631469360000,0.00000683,0.00000683,0.00000682,0.00000682,1956225745.00,1631469419999,13356.36864449,51,1490906359.00,10182.89043197,0
1631469420000,0.00000683,0.00000683,0.00000682,0.00000683,1471611119.00,1631469479999,10040.99931551,57,461148393.00,3149.64352419,0
1631469480000,0.00000683,0.00000683,0.00000682,0.00000682,1031555652.00,1631469539999,7040.65195463,43,544240799.00,3717.16465717,0
1631469540000,0.00000683,0.00000683,0.00000682,0.00000683,232427265.00,1631469599999,1585.65723575,44,50328845.00,343.74601135,0
1631469600000,0.00000683,0.00000684,0.00000682,0.00000684,15214834196.00,1631469659999,103916.97338324,110,14801940174.00,101099.41546575,0
1631469660000,0.00000683,0.00000684,0.00000683,0.00000684,6050376847.00,1631469719999,41361.71931023,85,3764544522.00,25749.48453048,0
1631469720000,0.00000684,0.00000685,0.00000683,0.00000684,4956912541.00,1631469779999,33908.23180519,93,4365348245.00,29862.32078911,0
1631469780000,0.00000685,0.00000685,0.00000684,0.00000684,1587934634.00,1631469839999,10868.44398529,45,697108873.00,4775.19578005,0
1631469840000,0.00000684,0.00000685,0.00000684,0.00000684,3485972824.00,1631469899999,23850.45692118,91,640280502.00,4385.92143870,0
1631469900000,0.00000684,0.00000684,0.00000683,0.00000683,3481921006.00,1631469959999,23802.60848166,101,528044411.00,3611.82377124,0
1631469960000,0.00000684,0.00000684,0.00000683,0.00000684,655225306.00,1631470019999,4480.13234418,37,494350420.00,3381.35687280,0
1631470020000,0.00000683,0.00000684,0.00000683,0.00000684,4400173680.00,1631470079999,30075.71603848,73,2252980408.00,15410.38599072,0
1631470080000,0.00000684,0.00000684,0.00000683,0.00000684,1693115918.00,1631470139999,11578.21606353,43,1423434359.00,9736.29101556,0
1631470140000,0.00000683,0.00000684,0.00000682,0.00000683,5935567802.00,1631470199999,40526.70873833,117,1661181326.00,11352.16098915,0
1631470200000,0.00000683,0.00000683,0.00000682,0.00000683,1232914734.00,1631470259999,8413.80664137,30,532815549.00,3639.13019967,0
1631470260000,0.00000683,0.00000684,0.00000682,0.00000683,9460023476.00,1631470319999,64610.95393131,74,4064430444.00,27760.97375004,0
1631470320000,0.00000683,0.00000684,0.00000683,0.00000683,1840337225.00,1631470379999,12580.74224576,54,1123899901.00,7687.47532284,0
1631470380000,0.00000684,0.00000684,0.00000683,0.00000683,3024849464.00,1631470439999,20666.60374100,63,688190188.00,4707.22088592,0
1631470440000,0.00000684,0.00000684,0.00000682,0.00000682,1959314689.00,1631470499999,13376.08699278,75,172605201.00,1180.07641131,0
1631470500000,0.00000682,0.00000683,0.00000682,0.00000682,2000245587.00,1631470559999,13650.04966543,41,837476209.00,5719.96250747,0
1631470560000,0.00000683,0.00000683,0.00000682,0.00000682,2341249240.00,1631470619999,15984.09888919,44,1677907239.00,11460.10644237,0
1631470620000,0.00000683,0.00000683,0.00000682,0.00000682,4010812154.00,1631470679999,27367.53470672,67,1379581644.00,9422.54262852,0
1631470680000,0.00000682,0.00000683,0.00000682,0.00000682,1406511612.00,1631470739999,9594.32453176,47,191533792.00,1308.17579936,0
1631470740000,0.00000682,0.00000683,0.00000681,0.00000682,14108130049.00,1631470799999,96176.24278387,153,2226622568.00,15195.85549908,0
1631470800000,0.00000681,0.00000683,0.00000681,0.00000682,6186226367.00,1631470859999,42177.26874647,87,3128745673.00,21338.33168240,0
1631470860000,0.00000683,0.00000683,0.00000682,0.00000682,2719500253.00,1631470919999,18548.34422181,48,135249635.00,923.75500705,0
1631470920000,0.00000682,0.00000683,0.00000682,0.00000683,901046091.00,1631470979999,6149.55966498,40,442532436.00,3022.49653788,0
1631470980000,0.00000683,0.00000683,0.00000682,0.00000682,1446805620.00,1631471039999,9877.73348273,51,1051915433.00,7184.58240739,0
1631471040000,0.00000683,0.00000683,0.00000682,0.00000683,3839322984.00,1631471099999,26212.24248937,72,2805973849.00,19164.80138867,0
1631471100000,0.00000682,0.00000684,0.00000682,0.00000682,10166310976.00,1631471159999,69432.56496202,151,5915867980.00,40405.62043923,0
1631471160000,0.00000683,0.00000683,0.00000682,0.00000682,2748035262.00,1631471219999,18743.20105715,70,160057031.00,1093.18952173,0
1631471220000,0.00000682,0.00000683,0.00000682,0.00000682,3344581766.00,1631471279999,22812.35079068,52,230314656.00,1573.04910048,0
1631471280000,0.00000683,0.00000683,0.00000682,0.00000683,4466399412.00,1631471339999,30483.18327538,65,2233928554.00,15257.73202382,0
1631471340000,0.00000683,0.00000683,0.00000682,0.00000682,1175723337.00,1631471399999,8027.22186424,34,878870590.00,6002.68612970,0
1631471400000,0.00000683,0.00000683,0.00000682,0.00000683,701255890.00,1631471459999,4784.13062726,40,156545746.00,1069.20744518,0
1631471460000,0.00000682,0.00000683,0.00000682,0.00000683,1058640398.00,1631471519999,7222.27276732,43,234525296.00,1601.80777168,0
1631471520000,0.00000683,0.00000683,0.00000681,0.00000682,6477861433.00,1631471579999,44159.11710974,160,3904256794.00,26627.25928764,0
1631471580000,0.00000681,0.00000682,0.00000681,0.00000681,989416278.00,1631471639999,6743.47603558,53,555118240.00,3785.90639680,0
1631471640000,0.00000682,0.00000682,0.00000681,0.00000682,1149486198.00,1631471699999,7830.98690026,33,298589188.00,2036.37826216,0
1631471700000,0.00000681,0.00000682,0.00000681,0.00000681,565684685.00,1631471759999,3855.57802944,27,326532459.00,2226.95137038,0
1631471760000,0.00000681,0.00000682,0.00000681,0.00000681,1557811941.00,1631471819999,10611.71592554,50,301660733.00,2057.32619906,0
1631471820000,0.00000681,0.00000682,0.00000681,0.00000682,651310250.00,1631471879999,4437.61999903,35,219719653.00,1498.48803346,0
1631471880000,0.00000682,0.00000682,0.00000681,0.00000681,3372243126.00,1631471939999,22986.74327655,87,2176758849.00,14845.49535018,0
1631471940000,0.00000681,0.00000682,0.00000681,0.00000681,3890182126.00,1631471999999,26498.71857379,72,657829573.00,4486.39768786,0
1631472000000,0.00000682,0.00000682,0.00000681,0.00000682,556918645.00,1631472059999,3795.50662700,34,289065455.00,1971.42640310,0
1631472060000,0.00000681,0.00000682,0.00000681,0.00000682,1167636555.00,1631472119999,7957.13584718,43,553090763.00,3772.07900366,0
1631472120000,0.00000682,0.00000682,0.00000681,0.00000682,3540965072.00,1631472179999,24136.15469661,57,2218255629.00,15128.50338978,0
1631472180000,0.00000681,0.00000682,0.00000681,0.00000682,5005553598.00,1631472239999,34126.81570423,49,3899570185.00,26595.06866170,0
1631472240000,0.00000682,0.00000682,0.00000681,0.00000681,2454786259.00,1631472299999,16731.13230147,45,1403787768.00,9573.83257776,0
1631472300000,0.00000681,0.00000682,0.00000681,0.00000681,758605496.00,1631472359999,5167.79748030,26,169405254.00,1155.34383228,0
1631472360000,0.00000681,0.00000683,0.00000681,0.00000683,3205339186.00,1631472419999,21862.24655681,62,2350154379.00,16030.52413872,0
1631472420000,0.00000683,0.00000683,0.00000682,0.00000682,4670510007.00,1631472479999,31861.13326046,47,825501272.00,5638.17368776,0
1631472480000,0.00000682,0.00000683,0.00000682,0.00000682,1208608635.00,1631472539999,8244.78408970,40,207319900.00,1415.99491700,0
1631472540000,0.00000683,0.00000683,0.00000682,0.00000683,314740594.00,1631472599999,2147.78752311,34,125667203.00,858.30699649,0
1631472600000,0.00000683,0.00000683,0.00000682,0.00000682,1397481473.00,1631472659999,9539.00156696,44,817792110.00,5585.52011130,0
1631472660000,0.00000682,0.00000683,0.00000682,0.00000682,655336023.00,1631472719999,4470.36283021,41,97115335.00,663.29773805,0
1631472720000,0.00000682,0.00000683,0.00000682,0.00000682,1110319096.00,1631472779999,7576.36561956,61,398938484.00,2724.74984572,0
1631472780000,0.00000683,0.00000683,0.00000682,0.00000683,853465707.00,1631472839999,5823.24175535,36,260563361.00,1779.64775563,0
1631472840000,0.00000682,0.00000683,0.00000682,0.00000682,672938805.00,1631472899999,4590.99400906,31,155135896.00,1059.57816968,0
1631472900000,0.00000682,0.00000683,0.00000682,0.00000682,1836766676.00,1631472959999,12529.85943007,48,311069975.00,2124.60792925,0
1631472960000,0.00000682,0.00000683,0.00000682,0.00000683,1169213753.00,1631473019999,7978.53313447,45,449533901.00,3070.31654383,0
1631473020000,0.00000682,0.00000683,0.00000681,0.00000681,7083187840.00,1631473079999,48305.34874705,112,3692544009.00,25190.70523101,0
1631473080000,0.00000682,0.00000682,0.00000681,0.00000681,3432429756.00,1631473139999,23395.72254575,54,2087590739.00,14237.36883998,0
1631473140000,0.00000682,0.00000682,0.00000681,0.00000682,901748264.00,1631473199999,6148.21373590,23,730805806.00,4984.09559692,0
1631473200000,0.00000682,0.00000682,0.00000681,0.00000682,1473125489.00,1631473259999,10043.22047785,72,1123589776.00,7662.88227232,0
1631473260000,0.00000682,0.00000683,0.00000682,0.00000682,1959755938.00,1631473319999,13367.76705411,81,1056918348.00,7210.41469031,0
1631473320000,0.00000682,0.00000683,0.00000682,0.00000683,2508511828.00,1631473379999,17130.58634392,38,2253567696.00,15391.86736368,0
1631473380000,0.00000683,0.00000683,0.00000682,0.00000683,2179901057.00,1631473439999,14881.15226897,63,1422706023.00,9717.08213709,0
1631473440000,0.00000683,0.00000683,0.00000682,0.00000683,955697991.00,1631473499999,6523.81087066,36,595057204.00,4064.24070332,0
1631473500000,0.00000682,0.00000683,0.00000682,0.00000683,791269366.00,1631473559999,5402.66473968,41,620766356.00,4239.83421148,0
1631473560000,0.00000683,0.00000683,0.00000682,0.00000682,981483942.00,1631473619999,6700.79813090,43,707764646.00,4834.03253218,0
1631473620000,0.00000682,0.00000683,0.00000682,0.00000683,1996425645.00,1631473679999,13628.31819851,77,1269529961.00,8670.88963363,0
1631473680000,0.00000683,0.00000683,0.00000682,0.00000683,909521226.00,1631473739999,6210.74791095,50,781314963.00,5336.38119729,0
1631473740000,0.00000683,0.00000683,0.00000682,0.00000683,1840796309.00,1631473799999,12570.93606247,48,1670523509.00,11409.67556647,0
1631473800000,0.00000683,0.00000684,0.00000682,0.00000683,6476942855.00,1631473859999,44238.82418037,71,4677091409.00,31946.26384561,0
1631473860000,0.00000683,0.00000684,0.00000682,0.00000683,9081111819.00,1631473919999,62016.97214554,203,3020854978.00,20632.55704580,0
1631473920000,0.00000683,0.00000683,0.00000682,0.00000682,4835391773.00,1631473979999,33022.11054895,39,4473865709.00,30556.50279247,0
1631473980000,0.00000683,0.00000683,0.00000682,0.00000682,751338512.00,1631474039999,5126.70107483,41,257242299.00,1756.96490217,0
1631474040000,0.00000682,0.00000683,0.00000682,0.00000683,437882560.00,1631474099999,2987.14141208,31,78235288.00,534.34701704,0
1631474100000,0.00000682,0.00000683,0.00000682,0.00000682,721912371.00,1631474159999,4925.70374497,32,226137475.00,1544.51895425,0
1631474160000,0.00000682,0.00000683,0.00000682,0.00000683,843823945.00,1631474219999,5756.91313117,26,203382627.00,1389.10334241,0
1631474220000,0.00000683,0.00000683,0.00000682,0.00000682,2422441273.00,1631474279999,16542.07596863,57,2102648677.00,14361.09046391,0
1631474280000,0.00000683,0.00000683,0.00000682,0.00000682,12521932370.00,1631474339999,85475.79398403,123,7621522063.00,52054.99569029,0
1631474340000,0.00000681,0.00000682,0.00000677,0.00000680,54312830831.00,1631474399999,369142.40395345,1132,17661940008.00,119917.33991119,0
1631474400000,0.00000679,0.00000680,0.00000679,0.00000679,4964053441.00,1631474459999,33749.44543319,73,4352256880.00,29595.34678400,0
1631474460000,0.00000679,0.00000680,0.00000679,0.00000680,902387731.00,1631474519999,6130.21046991,52,299777642.00,2038.48796560,0
1631474520000,0.00000679,0.00000680,0.00000679,0.00000679,6592086837.00,1631474579999,44764.50480764,54,423518441.00,2879.92539880,0
1631474580000,0.00000679,0.00000682,0.00000679,0.00000681,4356944696.00,1631474639999,29649.85685694,180,3344954481.00,22763.06970631,0
1631474640000,0.00000682,0.00000682,0.00000681,0.00000681,3710549250.00,1631474699999,25287.46733208,48,1862693958.00,12703.57279356,0
1631474700000,0.00000682,0.00000683,0.00000681,0.00000682,4203686552.00,1631474759999,28684.53989543,85,3727315251.00,25436.88313667,0
1631474760000,0.00000682,0.00000683,0.00000682,0.00000683,641983343.00,1631474819999,4380.57647646,29,225007720.00,1536.80272760,0
1631474820000,0.00000683,0.00000683,0.00000682,0.00000683,1865600617.00,1631474879999,12730.12977401,40,673356607.00,4599.02562581,0
1631474880000,0.00000682,0.00000683,0.00000682,0.00000682,323627409.00,1631474939999,2207.80202151,18,66309213.00,452.89192479,0
1631474940000,0.00000682,0.00000683,0.00000682,0.00000683,939148664.00,1631474999999,6406.35463822,38,136074974.00,929.39207242,0
1631475000000,0.00000682,0.00000683,0.00000682,0.00000682,3971755417.00,1631475059999,27115.03489923,49,2766295529.00,18893.79846307,0
1631475060000,0.00000683,0.00000683,0.00000682,0.00000682,3289905033.00,1631475119999,22447.74328139,57,1059095633.00,7233.62317339,0
1631475120000,0.00000683,0.00000683,0.00000682,0.00000682,3093437741.00,1631475179999,21117.09244278,68,1984704916.00,13555.53457628,0
1631475180000,0.00000683,0.00000684,0.00000682,0.00000684,4757811814.00,1631475239999,32497.77041747,67,3177184555.00,21702.45546667,0
1631475240000,0.00000683,0.00000684,0.00000683,0.00000684,1848679620.00,1631475299999,12638.95622168,82,1247441708.00,8532.50128272,0
1631475300000,0.00000684,0.00000684,0.00000683,0.00000684,2279251457.00,1631475359999,15586.95960466,60,1967215335.00,13455.75289140,0
1631475360000,0.00000683,0.00000684,0.00000683,0.00000684,3367632134.00,1631475419999,23025.54413980,62,2461666458.00,16837.79857272,0
1631475420000,0.00000684,0.00000684,0.00000683,0.00000683,1407968555.00,1631475479999,9617.88317291,43,145794226.00,997.23250584,0
1631475480000,0.00000683,0.00000684,0.00000683,0.00000684,1714939957.00,1631475539999,11716.51081294,58,347090663.00,2374.10013492,0
1631475540000,0.00000684,0.00000684,0.00000683,0.00000683,1610023964.00,1631475599999,11006.07483734,54,961116322.00,6574.03564248,0
1631475600000,0.00000684,0.00000684,0.00000683,0.00000683,2119609336.00,1631475659999,14490.04216725,60,1311040237.00,8967.51522108,0
1631475660000,0.00000683,0.00000684,0.00000683,0.00000684,3616303469.00,1631475719999,24725.04599232,50,2569329905.00,17574.21655020,0
1631475720000,0.00000683,0.00000684,0.00000682,0.00000683,7234281757.00,1631475779999,49392.16998276,130,1818256572.00,12418.91393879,0
1631475780000,0.00000682,0.00000683,0.00000681,0.00000682,7199469863.00,1631475839999,49105.09220341,64,2448832665.00,16707.28616035,0
1631475840000,0.00000681,0.00000682,0.00000681,0.00000681,1332335431.00,1631475899999,9081.46590817,32,826162306.00,5634.42692692,0
1631475900000,0.00000681,0.00000683,0.00000679,0.00000682,36845060459.00,1631475959999,250748.72980114,291,13874748085.00,94485.17662219,0
1631475960000,0.00000682,0.00000682,0.00000679,0.00000681,19461491805.00,1631476019999,132444.39353901,232,8602505838.00,58533.62708419,0
1631476020000,0.00000681,0.00000682,0.00000680,0.00000682,6436845144.00,1631476079999,43842.73041296,74,5304819465.00,36136.10781198,0
1631476080000,0.00000681,0.00000682,0.00000681,0.00000682,2571645184.00,1631476139999,17515.16342739,37,225972435.00,1541.13200670,0
1631476140000,0.00000682,0.00000683,0.00000681,0.00000682,7189762262.00,1631476199999,49028.61394770,86,5451983298.00,37182.68881676,0
1631476200000,0.00000682,0.00000683,0.00000682,0.00000682,3302763198.00,1631476259999,22554.20733080,67,2936232044.00,20054.46486052,0
1631476260000,0.00000682,0.00000683,0.00000681,0.00000682,3719428736.00,1631476319999,25366.77346220,55,538725429.00,3674.67854683,0
1631476320000,0.00000681,0.00000682,0.00000681,0.00000681,1133451489.00,1631476379999,7728.57762611,35,977298602.00,6665.17646564,0
1631476380000,0.00000681,0.00000682,0.00000681,0.00000681,1748881960.00,1631476439999,11923.26049799,45,1337435039.00,9121.30696598,0
1631476440000,0.00000681,0.00000682,0.00000681,0.00000681,1991129444.00,1631476499999,13561.28443830,75,169292466.00,1154.57461812,0
1631476500000,0.00000682,0.00000682,0.00000681,0.00000682,697892965.00,1631476559999,4758.09306562,38,544197397.00,3711.42624754,0
1631476560000,0.00000681,0.00000682,0.00000681,0.00000682,1385624316.00,1631476619999,9438.25325215,38,215166019.00,1467.43224958,0
1631476620000,0.00000682,0.00000682,0.00000681,0.00000681,1869676018.00,1631476679999,12742.35607418,44,986239160.00,6726.15107120,0
1631476680000,0.00000682,0.00000682,0.00000681,0.00000681,951442131.00,1631476739999,6483.99351413,50,467260202.00,3186.71457764,0
1631476740000,0.00000681,0.00000682,0.00000681,0.00000681,904339879.00,1631476799999,6161.89021328,44,333563729.00,2274.90463178,0
1631476800000,0.00000681,0.00000682,0.00000681,0.00000681,2068510166.00,1631476859999,14089.11936136,63,256513090.00,1749.41927380,0
1631476860000,0.00000682,0.00000682,0.00000681,0.00000681,1495574852.00,1631476919999,10192.64539862,38,778065650.00,5306.40773300,0
1631476920000,0.00000681,0.00000682,0.00000681,0.00000681,955223281.00,1631476979999,6511.33595053,39,626540692.00,4273.00751944,0
1631476980000,0.00000681,0.00000682,0.00000681,0.00000682,2256681838.00,1631477039999,15374.93290253,62,692958575.00,4725.97748150,0
1631477040000,0.00000681,0.00000683,0.00000681,0.00000682,4093839385.00,1631477099999,27925.06558444,95,3513148617.00,23966.39284748,0
1631477100000,0.00000682,0.00000683,0.00000682,0.00000683,964613739.00,1631477159999,6586.72795737,39,806225739.00,5506.52179737,0
1631477160000,0.00000683,0.00000684,0.00000682,0.00000684,3838108950.00,1631477219999,26220.51694954,119,3712199705.00,25360.82377859,0
1631477220000,0.00000684,0.00000684,0.00000683,0.00000683,906248918.00,1631477279999,6195.47652537,38,579641543.00,3964.74815412,0
1631477280000,0.00000683,0.00000685,0.00000683,0.00000684,10325417311.00,1631477339999,70604.18356899,149,6192662750.00,42351.61866741,0
1631477340000,0.00000684,0.00000684,0.00000683,0.00000684,2903093258.00,1631477399999,19854.65769025,53,2653073811.00,18147.02486724,0
1631477400000,0.00000684,0.00000685,0.00000683,0.00000685,2554163762.00,1631477459999,17475.62346979,103,1624682744.00,11122.06274472,0
1631477460000,0.00000684,0.00000685,0.00000684,0.00000685,9151020874.00,1631477519999,62678.51788185,97,8553510369.00,58591.54602765,0
1631477520000,0.00000685,0.00000685,0.00000684,0.00000685,2141910083.00,1631477579999,14670.74455206,48,2007958434.00,13754.51527290,0
1631477580000,0.00000684,0.00000685,0.00000684,0.00000684,1641226085.00,1631477639999,11236.16724240,46,1018082100.00,6973.86238500,0
1631477640000,0.00000685,0.00000685,0.00000684,0.00000685,2776922200.00,1631477699999,19021.33118569,61,2718333769.00,18620.58631765,0
1631477700000,0.00000684,0.00000686,0.00000684,0.00000685,5166848733.00,1631477759999,35429.43266107,123,4454690196.00,30551.67015983,0
1631477760000,0.00000686,0.00000686,0.00000685,0.00000685,1315207335.00,1631477819999,9017.39805882,41,822781407.00,5644.28045202,0
1631477820000,0.00000686,0.00000686,0.00000685,0.00000686,2053372702.00,1631477879999,14077.54272885,58,1193972015.00,8190.64802290,0
1631477880000,0.00000685,0.00000686,0.00000685,0.00000686,1132551810.00,1631477939999,7766.91195244,48,893205394.00,6127.38900284,0
1631477940000,0.00000686,0.00000686,0.00000685,0.00000685,3928410921.00,1631477999999,26946.35197463,47,3673716578.00,25201.69572508,0
1631478000000,0.00000685,0.00000686,0.00000685,0.00000685,2379183492.00,1631478059999,16317.63282641,51,2022590621.00,13874.97166006,0
1631478060000,0.00000686,0.00000686,0.00000685,0.00000686,9323265277.00,1631478119999,63884.92713681,114,2055998936.00,14104.15270096,0
1631478120000,0.00000686,0.00000686,0.00000685,0.00000685,2020862179.00,1631478179999,13861.40773959,51,1850181344.00,12692.24401984,0
1631478180000,0.00000686,0.00000686,0.00000684,0.00000685,5744098318.00,1631478239999,39351.66696999,69,726615097.00,4982.11830222,0
1631478240000,0.00000684,0.00000685,0.00000684,0.00000684,1765639934.00,1631478299999,12078.54016853,45,156301997.00,1070.66867945,0
1631478300000,0.00000684,0.00000685,0.00000684,0.00000685,3093582290.00,1631478359999,21172.44457950,56,1234171590.00,8454.07539150,0
1631478360000,0.00000684,0.00000685,0.00000684,0.00000684,2454978514.00,1631478419999,16803.95568708,52,1190265132.00,8153.31615420,0
1631478420000,0.00000685,0.00000685,0.00000683,0.00000683,3989569847.00,1631478479999,27286.07360610,49,1270222458.00,8688.59033371,0
1631478480000,0.00000684,0.00000684,0.00000682,0.00000682,4081133415.00,1631478539999,27865.48470191,95,916094014.00,6260.53414406,0
1631478540000,0.00000682,0.00000683,0.00000682,0.00000682,3311323212.00,1631478599999,22591.45471225,45,823040641.00,5621.36757803,0
1631478600000,0.00000682,0.00000683,0.00000681,0.00000682,2909377575.00,1631478659999,19841.80751700,54,1701986914.00,11608.38850275,0
1631478660000,0.00000682,0.00000682,0.00000681,0.00000682,2202049844.00,1631478719999,14998.11139340,55,215195576.00,1467.63382832,0
1631478720000,0.00000682,0.00000682,0.00000679,0.00000679,17375118436.00,1631478779999,118176.79895244,280,4238724213.00,28837.82573355,0
1631478780000,0.00000679,0.00000680,0.00000676,0.00000677,18571795806.00,1631478839999,125813.47591440,410,4349491462.00,29464.69896927,0
1631478840000,0.00000677,0.00000678,0.00000674,0.00000675,36086591759.00,1631478899999,243799.13520449,636,6437253961.00,43521.05679191,0
1631478900000,0.00000675,0.00000676,0.00000674,0.00000676,9166090866.00,1631478959999,61818.60160862,160,3398135947.00,22942.12987788,0
1631478960000,0.00000676,0.00000678,0.00000673,0.00000674,73003548765.00,1631479019999,492910.83404811,530,38740557412.00,261593.41700742,0
1631479020000,0.00000675,0.00000675,0.00000672,0.00000673,13684408455.00,1631479079999,92151.37845812,266,6061150231.00,40816.97405759,0
1631479080000,0.00000672,0.00000673,0.00000670,0.00000671,30337519715.00,1631479139999,203624.37507056,495,8717603232.00,58509.88016306,0
1631479140000,0.00000670,0.00000671,0.00000669,0.00000670,19984555015.00,1631479199999,133920.11135095,369,6033665530.00,40460.57266440,0
1631479200000,0.00000670,0.00000670,0.00000669,0.00000669,7546428776.00,1631479259999,50509.60797134,150,2399945990.00,16079.63813300,0
1631479260000,0.00000669,0.00000672,0.00000669,0.00000672,15786329674.00,1631479319999,105915.98748268,252,13674800183.00,91755.47275144,0
1631479320000,0.00000672,0.00000672,0.00000669,0.00000669,10044896905.00,1631479379999,67361.74862428,219,1434402034.00,9636.45868812,0
1631479380000,0.00000669,0.00000671,0.00000669,0.00000670,19293341365.00,1631479439999,129217.21057046,210,9979981430.00,66889.73364747,0
1631479440000,0.00000670,0.00000670,0.00000668,0.00000670,12374525131.00,1631479499999,82805.75643090,243,4991465203.00,33442.81686010,0
1631479500000,0.00000670,0.00000670,0.00000669,0.00000670,8322231965.00,1631479559999,55727.20541729,115,5147357144.00,34487.29286480,0
1631479560000,0.00000670,0.00000673,0.00000670,0.00000672,27316160357.00,1631479619999,183453.95437065,540,17440093405.00,117170.53425959,0
1631479620000,0.00000673,0.00000674,0.00000672,0.00000674,5344568094.00,1631479679999,35980.74070473,103,4180027135.00,28145.56908329,0
1631479680000,0.00000674,0.00000675,0.00000673,0.00000675,7204178767.00,1631479739999,48573.93647783,140,3837567761.00,25884.60260493,0
1631479740000,0.00000675,0.00000675,0.00000674,0.00000675,3320253117.00,1631479799999,22400.76146489,74,2225545631.00,15022.43300925,0
1631479800000,0.00000675,0.00000675,0.00000674,0.00000674,3253127928.00,1631479859999,21947.19126840,51,2110903368.00,14248.59773400,0
1631479860000,0.00000674,0.00000675,0.00000672,0.00000673,6854861166.00,1631479919999,46182.35653016,127,1428078972.00,9624.18728912,0
1631479920000,0.00000672,0.00000673,0.00000671,0.00000671,6730833483.00,1631479979999,45218.16230305,129,2068760092.00,13908.40699324,0
1631479980000,0.00000671,0.00000671,0.00000669,0.00000671,15319504840.00,1631480039999,102621.52472698,194,7060054547.00,47309.50538521,0
1631480040000,0.00000670,0.00000673,0.00000670,0.00000672,10893174699.00,1631480099999,73153.31693469,130,5833228142.00,39187.27606266,0
1631480100000,0.00000672,0.00000673,0.00000670,0.00000671,5274489444.00,1631480159999,35413.56937616,116,726160235.00,4878.23887536,0
1631480160000,0.00000671,0.00000671,0.00000667,0.00000667,14763948804.00,1631480219999,98670.77951847,232,2765572678.00,18509.68652338,0
1631480220000,0.00000668,0.00000668,0.00000666,0.00000667,8675239508.00,1631480279999,57861.74293947,232,744111129.00,4967.75882922,0
1631480280000,0.00000667,0.00000667,0.00000666,0.00000667,10988087307.00,1631480339999,73190.29863744,218,963717282.00,6427.99427094,0
1631480340000,0.00000666,0.00000668,0.00000665,0.00000668,17084563820.00,1631480399999,113836.41595672,525,9242245739.00,61628.86955518,0
1631480400000,0.00000668,0.00000668,0.00000665,0.00000665,10721293901.00,1631480459999,71375.31858017,258,3602987682.00,24009.58906481,0
1631480460000,0.00000666,0.00000668,0.00000665,0.00000668,8584624796.00,1631480519999,57181.03602010,167,4754459616.00,31683.12410988,0
1631480520000,0.00000667,0.00000669,0.00000667,0.00000669,10845228484.00,1631480579999,72470.25935924,219,4670502988.00,31224.82213530,0
1631480580000,0.00000668,0.00000670,0.00000668,0.00000670,5100392501.00,1631480639999,34151.21416274,94,4542763441.00,30420.99302035,0
1631480640000,0.00000670,0.00000670,0.00000667,0.00000670,17622615622.00,1631480699999,117843.58919727,219,8281005920.00,55378.27074391,0
1631480700000,0.00000669,0.00000669,0.00000667,0.00000668,15383762940.00,1631480759999,102771.98022413,159,6146884169.00,41073.92926258,0
1631480760000,0.00000668,0.00000670,0.00000668,0.00000668,7978933730.00,1631480819999,53383.52075917,128,2753077184.00,18423.50221915,0
1631480820000,0.00000668,0.00000669,0.00000668,0.00000668,3851160399.00,1631480879999,25730.10717063,81,1612864284.00,10778.28912243,0
1631480880000,0.00000668,0.00000669,0.00000668,0.00000668,3353787909.00,1631480939999,22423.00117091,78,1969793879.00,13177.92105051,0
1631480940000,0.00000669,0.00000672,0.00000668,0.00000671,11492244333.00,1631480999999,77031.57424833,174,9446729555.00,63321.55730597,0
1631481000000,0.00000671,0.00000672,0.00000669,0.00000671,11837340898.00,1631481059999,79404.85057432,166,8104490696.00,54375.41172325,0
1631481060000,0.00000671,0.00000672,0.00000671,0.00000671,3192981687.00,1631481119999,21440.58543164,80,1567831187.00,10535.82557664,0
1631481120000,0.00000672,0.00000673,0.00000671,0.00000673,2852609933.00,1631481179999,19169.11104629,115,1771766153.00,11910.34652966,0
1631481180000,0.00000672,0.00000673,0.00000672,0.00000673,4443913565.00,1631481239999,29876.00503189,76,1290587509.00,8685.65393557,0
1631481240000,0.00000672,0.00000672,0.00000671,0.00000672,5952761797.00,1631481299999,39988.64346741,109,2734140771.00,18373.42598112,0
1631481300000,0.00000672,0.00000672,0.00000671,0.00000671,1808518065.00,1631481359999,12145.41967778,53,1026346163.00,6897.04621536,0
1631481360000,0.00000672,0.00000672,0.00000671,0.00000671,2365612812.00,1631481419999,15880.30465288,78,704268436.00,4732.68388992,0
1631481420000,0.00000672,0.00000672,0.00000671,0.00000672,2195094859.00,1631481479999,14746.75352221,50,1766701832.00,11872.23631104,0
1631481480000,0.00000672,0.00000672,0.00000671,0.00000671,3937933826.00,1631481539999,26458.17984358,66,3464387112.00,23280.68139264,0
1631481540000,0.00000672,0.00000672,0.00000671,0.00000672,680703099.00,1631481599999,4569.70484312,46,218704883.00,1469.69681376,0
1631481600000,0.00000672,0.00000672,0.00000671,0.00000671,3164671137.00,1631481659999,21249.27381784,63,1433048857.00,9630.08831904,0
1631481660000,0.00000671,0.00000672,0.00000669,0.00000669,18855339344.00,1631481719999,126423.17487092,156,3962313271.00,26602.62989815,0
1631481720000,0.00000670,0.00000670,0.00000669,0.00000670,3811313519.00,1631481779999,25501.34893431,69,366149220.00,2453.19977400,0
1631481780000,0.00000669,0.00000670,0.00000669,0.00000669,2071687577.00,1631481839999,13868.52997547,38,894008534.00,5989.85717780,0
1631481840000,0.00000670,0.00000670,0.00000669,0.00000670,1541066546.00,1631481899999,10312.41137219,53,267617945.00,1793.04023150,0
1631481900000,0.00000670,0.00000670,0.00000669,0.00000669,3831410405.00,1631481959999,25653.48017729,97,2134456784.00,14300.86045280,0
1631481960000,0.00000670,0.00000670,0.00000669,0.00000670,3028200504.00,1631482019999,20269.94577813,64,1128440637.00,7560.55226790,0
1631482020000,0.00000670,0.00000670,0.00000669,0.00000670,2226477699.00,1631482079999,14899.65584251,51,452003620.00,3028.42425400,0
1631482080000,0.00000670,0.00000670,0.00000669,0.00000669,967750847.00,1631482139999,6474.79027794,36,53711151.00,359.86471170,0
1631482140000,0.00000670,0.00000670,0.00000669,0.00000670,1488757361.00,1631482199999,9966.77901713,44,699227204.00,4684.82226680,0
1631482200000,0.00000669,0.00000670,0.00000669,0.00000670,1672325847.00,1631482259999,11200.51229967,47,1265238324.00,8477.09677080,0
1631482260000,0.00000669,0.00000670,0.00000669,0.00000670,1672507102.00,1631482319999,11203.82088047,60,1474836809.00,9881.40662030,0
1631482320000,0.00000670,0.00000670,0.00000669,0.00000670,5952971668.00,1631482379999,39855.50592246,84,3012546354.00,20184.06057180,0
1631482380000,0.00000670,0.00000672,0.00000669,0.00000672,11709184416.00,1631482439999,78521.75150268,208,8950316273.00,60037.16241644,0
1631482440000,0.00000672,0.00000673,0.00000671,0.00000672,3722302664.00,1631482499999,25013.38722965,56,3264587715.00,21938.16336113,0
1631482500000,0.00000673,0.00000673,0.00000672,0.00000672,929844695.00,1631482559999,6253.68504984,38,512869944.00,3451.61472312,0
1631482560000,0.00000672,0.00000673,0.00000671,0.00000671,5216642316.00,1631482619999,35055.23590933,83,196597409.00,1321.24679818,0
1631482620000,0.00000672,0.00000672,0.00000671,0.00000671,681629350.00,1631482679999,4577.44396521,28,371102671.00,2493.80994912,0
1631482680000,0.00000672,0.00000672,0.00000671,0.00000672,2409772863.00,1631482739999,16179.12389391,44,954798318.00,6416.24469696,0
1631482740000,0.00000671,0.00000672,0.00000671,0.00000672,1406473690.00,1631482799999,9447.70874302,52,1027028312.00,6901.63025664,0
1631482800000,0.00000672,0.00000672,0.00000671,0.00000671,2735273155.00,1631482859999,18368.84908366,42,1516621361.00,10191.69554592,0
1631482860000,0.00000672,0.00000672,0.00000671,0.00000672,726693009.00,1631482919999,4877.95698783,25,184689744.00,1241.11507968,0
1631482920000,0.00000672,0.00000672,0.00000671,0.00000671,999620681.00,1631482979999,6711.36767135,31,391290184.00,2629.47003648,0
1631482980000,0.00000672,0.00000672,0.00000671,0.00000672,2065690502.00,1631483039999,13876.34858147,45,1556531305.00,10459.89036960,0
1631483040000,0.00000672,0.00000672,0.00000667,0.00000667,22690328652.00,1631483099999,151960.41765231,278,2029786545.00,13578.63961082,0
1631483100000,0.00000668,0.00000671,0.00000667,0.00000671,8922050560.00,1631483159999,59702.67485081,165,6413799226.00,42931.03684133,0
1631483160000,0.00000671,0.00000671,0.00000670,0.00000671,885721517.00,1631483219999,5939.77979696,29,544563306.00,3654.01978326,0
1631483220000,0.00000671,0.00000671,0.00000670,0.00000671,1310307641.00,1631483279999,8790.94575021,58,1188455551.00,7974.53674721,0
1631483280000,0.00000671,0.00000671,0.00000670,0.00000670,4132484511.00,1631483339999,27725.65076912,47,3800454542.00,25501.04997682,0
1631483340000,0.00000670,0.00000673,0.00000670,0.00000673,13021205583.00,1631483399999,87555.50313708,160,11403812424.00,76688.46752204,0
1631483400000,0.00000673,0.00000673,0.00000672,0.00000673,3994692978.00,1631483459999,26882.17800445,65,3784119229.00,25467.12241117,0
1631483460000,0.00000672,0.00000673,0.00000672,0.00000672,2506103513.00,1631483519999,16860.62816334,50,1961255598.00,13199.25017454,0
1631483520000,0.00000673,0.00000673,0.00000672,0.00000673,758281545.00,1631483579999,5101.90189106,29,624990866.00,4206.18852818,0
1631483580000,0.00000673,0.00000673,0.00000671,0.00000671,5874965190.00,1631483639999,39473.86669157,79,783473830.00,5265.04672323,0
1631483640000,0.00000672,0.00000672,0.00000671,0.00000672,650184453.00,1631483699999,4367.64625672,27,490857709.00,3298.56380448,0
1631483700000,0.00000672,0.00000672,0.00000671,0.00000672,1133012981.00,1631483759999,7605.98414319,34,346704068.00,2329.85133696,0
1631483760000,0.00000672,0.00000672,0.00000671,0.00000672,1859965764.00,1631483819999,12495.88910004,59,1551882360.00,10428.64945920,0
1631483820000,0.00000671,0.00000672,0.00000671,0.00000672,3788610041.00,1631483879999,25432.37658587,60,1080321076.00,7259.75763072,0
1631483880000,0.00000672,0.00000672,0.00000671,0.00000672,3589509187.00,1631483939999,24089.53586375,41,392921898.00,2640.43515456,0
1631483940000,0.00000671,0.00000672,0.00000671,0.00000672,1037988753.00,1631483999999,6972.48433747,27,757980484.00,5093.62885248,0
1631484000000,0.00000671,0.00000672,0.00000671,0.00000671,870899029.00,1631484059999,5847.89554902,32,416306443.00,2797.57929696,0
1631484060000,0.00000672,0.00000672,0.00000671,0.00000671,2041460075.00,1631484119999,13716.85296140,41,1865585815.00,12536.73667680,0
1631484120000,0.00000672,0.00000672,0.00000671,0.00000672,1148875769.00,1631484179999,7718.77615578,32,981974579.00,6598.86917088,0
1631484180000,0.00000671,0.00000672,0.00000671,0.00000672,3718322669.00,1631484239999,24969.74241373,54,1979730474.00,13303.78878528,0
1631484240000,0.00000671,0.00000673,0.00000671,0.00000673,1501541494.00,1631484299999,10089.74575706,42,550113826.00,3698.19295900,0
1631484300000,0.00000673,0.00000673,0.00000669,0.00000671,38405841881.00,1631484359999,257657.82733570,294,5615933961.00,37704.72717606,0
1631484360000,0.00000671,0.00000672,0.00000671,0.00000671,2285945003.00,1631484419999,15339.73409920,40,104312907.00,700.98273504,0
1631484420000,0.00000672,0.00000672,0.00000671,0.00000671,2097255835.00,1631484479999,14083.95252167,46,1136586882.00,7637.86384704,0
1631484480000,0.00000672,0.00000672,0.00000671,0.00000672,1635783609.00,1631484539999,10989.45460986,58,1334659347.00,8968.91081184,0
1631484540000,0.00000672,0.00000672,0.00000671,0.00000671,4272879314.00,1631484599999,28673.33134503,110,231114809.00,1553.09151648,0
1631484600000,0.00000671,0.00000672,0.00000671,0.00000671,1008932124.00,1631484659999,6778.44180776,36,850725572.00,5716.87584384,0
1631484660000,0.00000671,0.00000672,0.00000671,0.00000671,862210685.00,1631484719999,5791.11357889,27,567988254.00,3816.88106688,0
1631484720000,0.00000672,0.00000672,0.00000671,0.00000671,4740386833.00,1631484779999,31812.35958278,76,746396256.00,5012.68281111,0
1631484780000,0.00000672,0.00000672,0.00000671,0.00000672,511223357.00,1631484839999,3433.44036384,22,313163837.00,2104.46098464,0
1631484840000,0.00000672,0.00000675,0.00000672,0.00000674,14303822830.00,1631484899999,96250.54405527,220,11746003892.00,79049.45417013,0
1631484900000,0.00000675,0.00000675,0.00000674,0.00000674,6337053936.00,1631484959999,42774.45565829,96,4592434883.00,30998.93546025,0
1631484960000,0.00000674,0.00000675,0.00000673,0.00000674,4490979954.00,1631485019999,30276.81091622,67,803869626.00,5426.11997550,0
1631485020000,0.00000673,0.00000674,0.00000673,0.00000673,1483905482.00,1631485079999,9990.98122865,34,429733479.00,2896.40364846,0
1631485080000,0.00000673,0.00000674,0.00000673,0.00000674,462551364.00,1631485139999,3115.26736203,23,229668231.00,1547.96387694,0
1631485140000,0.00000674,0.00000675,0.00000673,0.00000674,8548375759.00,1631485199999,57612.66159410,60,6849354053.00,46166.65316350,0
1631485200000,0.00000674,0.00000675,0.00000674,0.00000675,968246454.00,1631485259999,6526.83794606,21,85684610.00,578.37111750,0
1631485260000,0.00000675,0.00000675,0.00000674,0.00000675,679041522.00,1631485319999,4579.41052674,22,267066846.00,1802.70121050,0
1631485320000,0.00000675,0.00000682,0.00000674,0.00000681,31422872394.00,1631485379999,213088.73443461,599,25056238635.00,169986.31275564,0
1631485380000,0.00000681,0.00000693,0.00000679,0.00000693,210083562648.00,1631485439999,1443422.70599309,4219,120190948461.00,825858.44831426,0
1631485440000,0.00000692,0.00000699,0.00000687,0.00000696,216714533934.00,1631485499999,1503325.29657686,3854,143322876718.00,995008.74783140,0
1631485500000,0.00000696,0.00000700,0.00000686,0.00000689,201180720750.00,1631485559999,1400850.66493950,2700,71343783323.00,497758.13894217,0
1631485560000,0.00000688,0.00000693,0.00000686,0.00000691,82958536252.00,1631485619999,572379.42602725,907,46584928092.00,321561.64095028,0
1631485620000,0.00000691,0.00000692,0.00000687,0.00000689,37602313182.00,1631485679999,259303.92343737,466,18626249883.00,128534.39981413,0
1631485680000,0.00000689,0.00000691,0.00000687,0.00000687,26066807445.00,1631485739999,179667.94026352,314,16077859729.00,110898.37701775,0
1631485740000,0.00000687,0.00000688,0.00000680,0.00000682,77195523403.00,1631485799999,527426.39469570,1214,24734214717.00,168920.74398144,0
1631485800000,0.00000682,0.00000690,0.00000681,0.00000689,55904917455.00,1631485859999,384108.43316072,575,33104066407.00,227355.75895982,0
1631485860000,0.00000690,0.00000690,0.00000687,0.00000690,23265094785.00,1631485919999,160176.16689881,192,11799372557.00,81231.99546796,0
1631485920000,0.00000690,0.00000691,0.00000689,0.00000691,18017005649.00,1631485979999,124300.10006608,227,10644225328.00,73460.87854983,0
1631485980000,0.00000690,0.00000691,0.00000690,0.00000691,11099300161.00,1631486039999,76622.66687367,132,3749576277.00,25909.57207407,0
1631486040000,0.00000691,0.00000692,0.00000687,0.00000688,46952839311.00,1631486099999,323678.05836540,449,22114807968.00,152442.30239673,0
1631486100000,0.00000688,0.00000690,0.00000685,0.00000687,32310396815.00,1631486159999,222087.35721588,370,17708227801.00,121779.01178415,0
1631486160000,0.00000687,0.00000688,0.00000687,0.00000688,4525888980.00,1631486219999,31116.30694727,85,2344965467.00,16133.36241296,0
1631486220000,0.00000687,0.00000691,0.00000687,0.00000691,7429752313.00,1631486279999,51204.73291304,146,4820160591.00,33222.65708884,0
1631486280000,0.00000690,0.00000691,0.00000690,0.00000690,6703531207.00,1631486339999,46294.43373037,110,4006840207.00,27687.26583037,0
1631486340000,0.00000691,0.00000691,0.00000685,0.00000686,33590590831.00,1631486399999,231050.47967837,301,9626928400.00,66201.73121701,0
1631486400000,0.00000686,0.00000686,0.00000685,0.00000686,5518617957.00,1631486459999,37824.43465187,97,2190164642.00,15024.52944412,0
1631486460000,0.00000685,0.00000687,0.00000685,0.00000686,8832549550.00,1631486519999,60574.56228449,80,7108253231.00,48762.79185803,0
1631486520000,0.00000686,0.00000688,0.00000686,0.00000686,10537042120.00,1631486579999,72389.68736465,94,2701014845.00,18558.95134552,0
1631486580000,0.00000687,0.00000690,0.00000686,0.00000689,17354798172.00,1631486639999,119416.70094334,206,9649227907.00,66400.78632188,0
1631486640000,0.00000689,0.00000689,0.00000687,0.00000687,8145687563.00,1631486699999,56041.23502344,124,5707515523.00,39273.46978702,0
1631486700000,0.00000688,0.00000688,0.00000686,0.00000687,7522469898.00,1631486759999,51685.12090875,118,1474058862.00,10137.92497056,0
1631486760000,0.00000686,0.00000687,0.00000686,0.00000686,3540735516.00,1631486819999,24303.87119366,67,1442555390.00,9910.35552930,0
1631486820000,0.00000686,0.00000687,0.00000686,0.00000687,10669147194.00,1631486879999,73246.91769047,131,3667187138.00,25193.57563806,0
1631486880000,0.00000686,0.00000687,0.00000685,0.00000686,4248420286.00,1631486939999,29143.50349794,79,1590393511.00,10911.66252144,0
1631486940000,0.00000686,0.00000686,0.00000685,0.00000685,1804743434.00,1631486999999,12373.42757692,55,1093505402.00,7501.44705772,0
1631487000000,0.00000685,0.00000686,0.00000685,0.00000685,9323810189.00,1631487059999,63917.33255288,124,4923275823.00,33773.67214578,0
1631487060000,0.00000685,0.00000688,0.00000685,0.00000688,12075349811.00,1631487119999,82878.25274791,158,7958205065.00,54624.33736564,0
1631487120000,0.00000687,0.00000688,0.00000687,0.00000688,2972513586.00,1631487179999,20446.31050568,58,2514216986.00,17297.81286368,0
1631487180000,0.00000688,0.00000688,0.00000686,0.00000687,4302705555.00,1631487239999,29555.45517699,69,1577462363.00,10840.20649955,0
1631487240000,0.00000687,0.00000687,0.00000686,0.00000687,7050386224.00,1631487299999,48428.43872647,94,6278922983.00,43136.20089321,0
1631487300000,0.00000687,0.00000690,0.00000686,0.00000689,12857696717.00,1631487359999,88539.56329843,160,10154638290.00,69937.60930075,0
1631487360000,0.00000689,0.00000690,0.00000686,0.00000688,20382674934.00,1631487419999,140209.67518374,198,5941023535.00,40837.46085769,0
1631487420000,0.00000687,0.00000688,0.00000687,0.00000688,5208955356.00,1631487479999,35831.92828121,55,4640498549.00,31926.63001712,0
1631487480000,0.00000688,0.00000689,0.00000687,0.00000688,4890147655.00,1631487539999,33639.92312802,67,4042603712.00,27815.30291093,0
1631487540000,0.00000687,0.00000689,0.00000687,0.00000689,9598750314.00,1631487599999,66044.94248492,69,1250936132.00,8613.88125415,0
1631487600000,0.00000688,0.00000691,0.00000688,0.00000690,28803052864.00,1631487659999,198673.40453863,351,16617097091.00,114631.31766800,0
1631487660000,0.00000691,0.00000691,0.00000688,0.00000689,9663323035.00,1631487719999,66636.70398143,120,2994042912.00,20662.46840722,0
1631487720000,0.00000689,0.00000689,0.00000686,0.00000689,15405656712.00,1631487779999,105963.63303080,137,9012768390.00,62015.18153659,0
1631487780000,0.00000689,0.00000690,0.00000686,0.00000687,18296373741.00,1631487839999,125805.39322076,168,8252608107.00,56739.75910591,0
1631487840000,0.00000688,0.00000688,0.00000687,0.00000688,4672162256.00,1631487899999,32124.93312770,54,2717842898.00,18698.75913824,0
1631487900000,0.00000687,0.00000690,0.00000687,0.00000688,10163558377.00,1631487959999,69988.99570116,141,5117037546.00,35243.83877592,0
1631487960000,0.00000688,0.00000691,0.00000688,0.00000690,36703777884.00,1631488019999,253142.89907830,303,24213670575.00,167008.57941689,0
1631488020000,0.00000690,0.00000693,0.00000690,0.00000692,27013188134.00,1631488079999,186779.79579930,283,17632235136.00,121963.98502713,0
1631488080000,0.00000691,0.00000692,0.00000690,0.00000691,16571897069.00,1631488139999,114532.41995906,190,6762344054.00,46732.03448565,0
1631488140000,0.00000690,0.00000691,0.00000688,0.00000688,25520350473.00,1631488199999,176053.84168558,185,3484083752.00,24068.08463943,0
1631488200000,0.00000689,0.00000691,0.00000688,0.00000688,17397684221.00,1631488259999,119966.28863595,129,7498355356.00,51689.34208874,0
1631488260000,0.00000689,0.00000690,0.00000688,0.00000690,6321610411.00,1631488319999,43553.47052457,84,4820853506.00,33222.10021510,0
1631488320000,0.00000689,0.00000690,0.00000689,0.00000689,4417624617.00,1631488379999,30476.90356507,48,3946995394.00,27234.26821860,0
1631488380000,0.00000689,0.00000691,0.00000689,0.00000690,2029299296.00,1631488439999,14002.68968094,44,530961036.00,3665.92899108,0
1631488440000,0.00000690,0.00000692,0.00000689,0.00000690,23713738332.00,1631488499999,163732.83096044,153,16538076791.00,114208.18010442,0
1631488500000,0.00000690,0.00000693,0.00000689,0.00000690,30581959100.00,1631488559999,211331.14930707,298,15761260183.00,108900.98147144,0
1631488560000,0.00000691,0.00000691,0.00000689,0.00000689,6585715200.00,1631488619999,45412.24622748,110,1692445762.00,11677.91098165,0
1631488620000,0.00000690,0.00000690,0.00000689,0.00000689,1753612851.00,1631488679999,12088.23878775,46,584624436.00,4033.90860840,0
1631488680000,0.00000689,0.00000690,0.00000689,0.00000689,9324014542.00,1631488739999,64244.96897999,81,4259031697.00,29347.23717794,0
1631488740000,0.00000690,0.00000690,0.00000689,0.00000689,898365268.00,1631488799999,6190.12948145,25,39278493.00,271.02160170,0
1631488800000,0.00000689,0.00000690,0.00000688,0.00000688,3674408181.00,1631488859999,25321.02498038,54,1001823457.00,6907.97999509,0
1631488860000,0.00000689,0.00000689,0.00000688,0.00000688,2453033888.00,1631488919999,16883.49892429,46,662577485.00,4565.15887165,0
1631488920000,0.00000689,0.00000690,0.00000688,0.00000689,7243780005.00,1631488979999,49913.02490980,71,6006979305.00,41394.34346961,0
1631488980000,0.00000689,0.00000690,0.00000689,0.00000690,5014208552.00,1631489039999,34577.92050938,63,3002358610.00,20716.27440900,0
1631489040000,0.00000689,0.00000692,0.00000689,0.00000691,5748807340.00,1631489099999,39701.02962461,90,4044858809.00,27929.08672632,0
1631489100000,0.00000691,0.00000692,0.00000690,0.00000691,7825372657.00,1631489159999,54097.47204300,106,3311037476.00,22904.65976985,0
1631489160000,0.00000691,0.00000691,0.00000690,0.00000690,8836344057.00,1631489219999,61045.29078932,81,5864333944.00,40522.54755304,0
1631489220000,0.00000691,0.00000691,0.00000690,0.00000690,1159967014.00,1631489279999,8011.92301028,27,815061368.00,5632.07405288,0
1631489280000,0.00000690,0.00000691,0.00000690,0.00000691,868209257.00,1631489339999,5995.53836762,28,489449432.00,3382.09557512,0
1631489340000,0.00000690,0.00000692,0.00000690,0.00000692,9624258366.00,1631489399999,66524.61673450,92,9420036504.00,65114.00110918,0
1631489400000,0.00000692,0.00000694,0.00000691,0.00000693,15764569726.00,1631489459999,109234.63851344,292,7668371673.00,53146.62061733,0
1631489460000,0.00000693,0.00000693,0.00000692,0.00000692,973308292.00,1631489519999,6742.84005750,30,754667686.00,5229.84706398,0
1631489520000,0.00000693,0.00000693,0.00000692,0.00000692,5479649294.00,1631489579999,37953.19660139,109,3402348691.00,23578.27642863,0
1631489580000,0.00000692,0.00000692,0.00000691,0.00000691,4811061900.00,1631489639999,33265.44310991,104,853759764.00,5908.01756688,0
1631489640000,0.00000691,0.00000692,0.00000691,0.00000691,882711856.00,1631489699999,6100.64592758,30,110700262.00,766.04581304,0
1631489700000,0.00000692,0.00000692,0.00000689,0.00000689,12174845160.00,1631489759999,84114.38272007,175,6135310496.00,42415.90110074,0
1631489760000,0.00000690,0.00000690,0.00000689,0.00000690,7721237251.00,1631489819999,53267.72490795,60,6840024856.00,47196.17150640,0
1631489820000,0.00000690,0.00000690,0.00000689,0.00000690,1252110873.00,1631489879999,8631.06823179,39,402431682.00,2776.77860580,0
1631489880000,0.00000689,0.00000690,0.00000689,0.00000689,2109079322.00,1631489939999,14535.67799124,36,412146266.00,2843.80923540,0
1631489940000,0.00000690,0.00000690,0.00000689,0.00000689,2588879769.00,1631489999999,17848.40824072,36,1102663231.00,7608.37629390,0
1631490000000,0.00000690,0.00000690,0.00000688,0.00000689,8557251563.00,1631490059999,58923.56484643,108,1473249969.00,10154.07252754,0
1631490060000,0.00000688,0.00000689,0.00000688,0.00000688,937166393.00,1631490119999,6450.03327046,35,232848662.00,1604.32728118,0
1631490120000,0.00000688,0.00000689,0.00000688,0.00000689,977688532.00,1631490179999,6729.49332523,40,299622507.00,2064.39907323,0
1631490180000,0.00000689,0.00000689,0.00000688,0.00000688,3004596717.00,1631490239999,20692.81292791,56,2118751495.00,14598.19780055,0
1631490240000,0.00000688,0.00000689,0.00000687,0.00000688,4505652648.00,1631490299999,30984.54100250,120,330063691.00,2273.16304563,0
1631490300000,0.00000687,0.00000688,0.00000687,0.00000687,1486213245.00,1631490359999,10214.73181628,44,444682313.00,3059.41431344,0
1631490360000,0.00000687,0.00000687,0.00000685,0.00000686,9520514596.00,1631490419999,65336.30608465,161,1793782021.00,12320.18580865,0
1631490420000,0.00000686,0.00000686,0.00000685,0.00000686,11103158165.00,1631490479999,76071.38696700,89,1475353675.00,10120.92621050,0
1631490480000,0.00000686,0.00000686,0.00000685,0.00000685,2379830527.00,1631490539999,16314.84651617,71,1300740622.00,8923.08066692,0
1631490540000,0.00000686,0.00000687,0.00000685,0.00000686,3331679178.00,1631490599999,22858.75044537,74,2796718531.00,19190.97348691,0
1631490600000,0.00000686,0.00000687,0.00000686,0.00000686,786136060.00,1631490659999,5395.10107519,30,220770359.00,1516.69236633,0
1631490660000,0.00000687,0.00000687,0.00000686,0.00000686,664203916.00,1631490719999,4559.62248552,22,318362176.00,2187.14814912,0
1631490720000,0.00000687,0.00000687,0.00000686,0.00000687,1382696180.00,1631490779999,9496.02159976,28,1072580496.00,7368.62800752,0
1631490780000,0.00000687,0.00000687,0.00000686,0.00000686,544680133.00,1631490839999,3739.30410689,18,279839451.00,1922.49702837,0
1631490840000,0.00000687,0.00000687,0.00000686,0.00000687,1261184103.00,1631490899999,8661.70604959,32,998310301.00,6858.39176787,0
1631490900000,0.00000687,0.00000687,0.00000686,0.00000686,348198650.00,1631490959999,2389.11078946,25,46805046.00,321.55066602,0
1631490960000,0.00000687,0.00000691,0.00000686,0.00000691,20296828130.00,1631491019999,139750.51980296,296,18636131160.00,128307.80225781,0
1631491020000,0.00000690,0.00000692,0.00000690,0.00000692,4763302895.00,1631491079999,32916.60576903,76,4131200285.00,28551.95741388,0
1631491080000,0.00000691,0.00000692,0.00000688,0.00000691,19600992336.00,1631491139999,135258.67450488,205,7602392874.00,52447.31733457,0
1631491140000,0.00000691,0.00000691,0.00000689,0.00000689,5704403031.00,1631491199999,39371.09385973,55,1620047221.00,11191.07741068,0
