1630800000000,398.00000000,398.30000000,397.80000000,398.10000000,30.01900000,1630800059999,11947.06290000,29,16.19500000,6446.15840000,0
1630800060000,398.00000000,398.20000000,397.70000000,397.90000000,44.74800000,1630800119999,17809.69240000,26,12.97700000,5165.33490000,0
1630800120000,397.90000000,399.20000000,397.80000000,399.20000000,33.20800000,1630800179999,13241.92270000,51,12.82100000,5111.88020000,0
1630800180000,399.20000000,399.30000000,398.80000000,399.10000000,92.99900000,1630800239999,37111.53560000,47,34.45600000,13753.08340000,0
1630800240000,399.10000000,399.10000000,398.60000000,398.60000000,50.51100000,1630800299999,20143.44810000,55,21.82700000,8706.07710000,0
1630800300000,398.80000000,398.80000000,397.70000000,397.70000000,30.19000000,1630800359999,12025.45560000,40,7.02200000,2797.39100000,0
1630800360000,397.70000000,398.00000000,397.60000000,397.80000000,23.16900000,1630800419999,9216.49220000,19,3.15000000,1253.70000000,0
1630800420000,398.00000000,398.00000000,397.50000000,397.60000000,11.04700000,1630800479999,4394.02750000,10,7.74900000,3082.51080000,0
1630800480000,397.70000000,397.70000000,396.90000000,397.00000000,35.12600000,1630800539999,13953.54290000,40,12.34700000,4903.38750000,0
1630800540000,397.10000000,397.60000000,397.00000000,397.10000000,57.26500000,1630800599999,22748.26930000,26,34.72200000,13794.14900000,0
1630800600000,397.10000000,397.10000000,396.20000000,396.20000000,83.21500000,1630800659999,33007.15290000,111,6.88800000,2733.19410000,0
1630800660000,396.20000000,396.40000000,395.60000000,396.20000000,79.89500000,1630800719999,31635.60450000,138,39.02000000,15448.39230000,0
1630800720000,396.00000000,396.50000000,395.90000000,396.30000000,16.74500000,1630800779999,6633.50030000,59,5.19600000,2059.14810000,0
1630800780000,396.40000000,396.40000000,395.50000000,396.00000000,23.94500000,1630800839999,9475.87850000,59,10.93700000,4328.77300000,0
1630800840000,395.80000000,395.80000000,395.40000000,395.60000000,82.36300000,1630800899999,32578.74430000,87,23.51500000,9303.11480000,0
1630800900000,395.70000000,395.90000000,394.60000000,395.80000000,170.85000000,1630800959999,67500.13940000,266,104.86500000,41430.74760000,0
1630800960000,395.80000000,395.90000000,395.10000000,395.10000000,79.59400000,1630801019999,31474.27630000,102,6.38400000,2524.01600000,0
1630801020000,395.20000000,395.90000000,395.20000000,395.90000000,43.93700000,1630801079999,17387.57200000,56,25.20200000,9973.35490000,0
1630801080000,395.90000000,395.90000000,395.60000000,395.70000000,21.66400000,1630801139999,8574.30520000,24,2.12300000,840.20870000,0
1630801140000,395.70000000,396.30000000,395.70000000,396.00000000,47.82700000,1630801199999,18940.61560000,50,23.94800000,9482.79180000,0
1630801200000,396.10000000,397.00000000,396.10000000,396.90000000,51.13500000,1630801259999,20275.73230000,69,40.87000000,16202.35890000,0
1630801260000,396.80000000,397.50000000,396.60000000,397.50000000,32.50900000,1630801319999,12909.55810000,36,19.21900000,7633.99820000,0
1630801320000,397.40000000,398.10000000,397.40000000,398.10000000,53.27000000,1630801379999,21183.85680000,61,30.80000000,12249.62390000,0
1630801380000,397.90000000,398.20000000,397.70000000,398.10000000,42.18800000,1630801439999,16790.68280000,37,15.07800000,6003.61340000,0
1630801440000,398.10000000,399.30000000,398.10000000,399.20000000,58.43200000,1630801499999,23288.11560000,81,43.57200000,17365.56520000,0
1630801500000,399.20000000,400.30000000,399.00000000,400.00000000,79.52600000,1630801559999,31795.42860000,122,52.38000000,20945.97690000,0
1630801560000,400.00000000,400.20000000,399.60000000,400.10000000,17.42800000,1630801619999,6968.68850000,43,1.82400000,729.37520000,0
1630801620000,400.00000000,400.30000000,399.90000000,400.20000000,24.70300000,1630801679999,9886.04070000,70,13.37100000,5351.81010000,0
1630801680000,400.20000000,400.40000000,400.10000000,400.10000000,143.01800000,1630801739999,57252.43830000,58,103.97900000,41630.88470000,0
1630801740000,400.10000000,401.70000000,400.10000000,401.10000000,423.48500000,1630801799999,169778.25580000,495,230.06000000,92214.29240000,0
1630801800000,401.20000000,402.00000000,400.80000000,400.80000000,263.77900000,1630801859999,105917.56950000,382,214.08700000,85973.94830000,0
1630801860000,400.70000000,401.20000000,400.50000000,401.00000000,37.51000000,1630801919999,15034.67450000,119,25.45800000,10204.52610000,0
1630801920000,401.00000000,401.00000000,400.20000000,400.70000000,63.93000000,1630801979999,25609.69450000,65,28.65600000,11480.40120000,0
1630801980000,400.70000000,401.20000000,400.40000000,400.40000000,57.27200000,1630802039999,22955.20700000,62,30.72600000,12315.41030000,0
1630802040000,400.40000000,400.80000000,400.20000000,400.20000000,21.65600000,1630802099999,8675.20310000,35,6.78000000,2715.99000000,0
1630802100000,400.40000000,401.60000000,399.80000000,401.50000000,81.71600000,1630802159999,32743.05420000,105,46.75100000,18745.06070000,0
1630802160000,401.50000000,402.00000000,401.20000000,401.50000000,87.64100000,1630802219999,35189.78940000,123,50.99900000,20482.13470000,0
1630802220000,401.70000000,401.70000000,401.20000000,401.60000000,85.37500000,1630802279999,34269.82630000,41,26.73400000,10731.32700000,0
1630802280000,401.60000000,401.80000000,401.60000000,401.60000000,18.94500000,1630802339999,7609.85570000,42,12.98300000,5215.29350000,0
1630802340000,401.70000000,401.80000000,401.60000000,401.70000000,26.84600000,1630802399999,10784.29720000,56,13.93500000,5598.17130000,0
1630802400000,401.70000000,401.90000000,401.60000000,401.80000000,88.05600000,1630802459999,35373.25330000,137,39.17100000,15739.65490000,0
1630802460000,401.80000000,402.00000000,401.80000000,402.00000000,109.89300000,1630802519999,44172.32640000,161,97.68300000,39265.60810000,0
1630802520000,401.90000000,402.50000000,401.90000000,402.40000000,137.82800000,1630802579999,55418.47630000,248,126.41400000,50828.99430000,0
1630802580000,402.40000000,403.20000000,402.30000000,402.30000000,187.09700000,1630802639999,75345.51150000,588,74.59500000,30039.84790000,0
1630802640000,402.30000000,402.50000000,402.20000000,402.40000000,30.32500000,1630802699999,12200.40240000,164,18.90100000,7604.94780000,0
1630802700000,402.40000000,403.00000000,402.40000000,402.80000000,62.24000000,1630802759999,25061.82390000,101,43.70300000,17595.07190000,0
1630802760000,402.70000000,402.70000000,402.30000000,402.50000000,82.23300000,1630802819999,33097.82920000,77,26.49300000,10662.27230000,0
1630802820000,402.50000000,403.50000000,402.50000000,403.10000000,107.46600000,1630802879999,43313.92540000,295,73.49200000,29617.40690000,0
1630802880000,403.10000000,403.40000000,403.00000000,403.10000000,102.18500000,1630802939999,41194.23200000,189,19.05400000,7682.22030000,0
1630802940000,403.20000000,403.30000000,402.30000000,402.50000000,510.36500000,1630802999999,205667.04000000,188,21.25100000,8565.18320000,0
1630803000000,402.40000000,403.00000000,401.80000000,402.00000000,186.09800000,1630803059999,74863.71370000,302,57.82900000,23278.34710000,0
1630803060000,401.90000000,402.90000000,401.90000000,402.80000000,61.02300000,1630803119999,24555.15920000,68,39.99400000,16088.09430000,0
1630803120000,402.80000000,402.90000000,402.50000000,402.50000000,28.70600000,1630803179999,11558.80850000,26,10.90100000,4390.30530000,0
1630803180000,402.60000000,402.80000000,402.30000000,402.70000000,53.30800000,1630803239999,21451.17990000,43,7.94000000,3195.22680000,0
1630803240000,402.40000000,402.50000000,402.40000000,402.50000000,15.20500000,1630803299999,6118.84970000,30,4.59800000,1850.59290000,0
1630803300000,402.50000000,402.50000000,402.00000000,402.00000000,21.93600000,1630803359999,8822.40660000,57,10.25400000,4125.15390000,0
1630803360000,402.00000000,402.60000000,401.70000000,402.40000000,35.59500000,1630803419999,14309.10460000,69,21.85200000,8786.79580000,0
1630803420000,402.60000000,402.60000000,402.00000000,402.40000000,16.51800000,1630803479999,6643.01340000,25,9.31100000,3744.33610000,0
1630803480000,402.40000000,402.50000000,402.20000000,402.30000000,4.94400000,1630803539999,1988.98540000,11,1.68700000,678.76900000,0
1630803540000,402.20000000,402.50000000,402.20000000,402.20000000,10.62700000,1630803599999,4276.29980000,15,6.42700000,2586.86750000,0
1630803600000,402.60000000,403.30000000,402.50000000,402.50000000,90.59600000,1630803659999,36495.29030000,118,21.61100000,8706.28040000,0
1630803660000,402.70000000,402.80000000,402.40000000,402.60000000,17.39700000,1630803719999,7004.90200000,20,8.78400000,3537.69660000,0
1630803720000,402.80000000,403.20000000,402.70000000,402.90000000,17.38500000,1630803779999,7005.36490000,22,11.05200000,4454.19330000,0
1630803780000,402.70000000,403.00000000,402.50000000,402.60000000,17.61900000,1630803839999,7095.45710000,24,2.54300000,1024.25700000,0
1630803840000,402.60000000,403.00000000,402.50000000,402.90000000,21.49300000,1630803899999,8658.54170000,30,18.15600000,7314.85550000,0
1630803900000,402.80000000,402.90000000,402.50000000,402.50000000,7.92900000,1630803959999,3192.62220000,22,0.75200000,302.91500000,0
1630803960000,402.60000000,402.60000000,401.90000000,402.10000000,50.48300000,1630804019999,20300.39900000,38,1.38500000,556.99670000,0
1630804020000,402.10000000,402.40000000,402.10000000,402.40000000,51.00900000,1630804079999,20520.71300000,30,23.49400000,9451.81790000,0
1630804080000,402.30000000,402.50000000,402.30000000,402.30000000,15.29400000,1630804139999,6153.65860000,20,1.24900000,502.71980000,0
1630804140000,402.30000000,402.40000000,402.00000000,402.10000000,25.46800000,1630804199999,10245.19280000,30,6.19900000,2493.82840000,0
1630804200000,402.00000000,402.10000000,401.70000000,401.80000000,20.72000000,1630804259999,8328.24210000,28,4.70500000,1890.55770000,0
1630804260000,401.80000000,401.90000000,401.70000000,401.70000000,20.42800000,1630804319999,8208.26870000,25,18.30700000,7356.09280000,0
1630804320000,401.60000000,401.70000000,401.50000000,401.50000000,8.64300000,1630804379999,3470.44610000,24,5.87300000,2358.18720000,0
1630804380000,401.60000000,402.10000000,401.10000000,401.10000000,43.98300000,1630804439999,17660.53680000,76,17.37600000,6977.00940000,0
1630804440000,401.10000000,401.10000000,400.90000000,401.00000000,11.31000000,1630804499999,4535.38570000,39,8.05800000,3231.38240000,0
1630804500000,401.00000000,401.20000000,400.80000000,400.80000000,36.92000000,1630804559999,14803.40440000,68,10.63700000,4266.15080000,0
1630804560000,400.90000000,401.10000000,400.80000000,400.90000000,22.22700000,1630804619999,8911.39890000,34,21.78300000,8733.41220000,0
1630804620000,400.90000000,401.00000000,400.90000000,400.90000000,12.54400000,1630804679999,5028.92430000,12,0.34700000,139.14700000,0
1630804680000,400.90000000,401.00000000,400.60000000,400.70000000,22.15400000,1630804739999,8880.60840000,40,8.97900000,3599.86700000,0
1630804740000,400.70000000,400.80000000,400.50000000,400.50000000,7.01200000,1630804799999,2809.07340000,29,4.87700000,1953.97200000,0
1630804800000,400.50000000,400.50000000,400.30000000,400.50000000,6.14600000,1630804859999,2460.93250000,34,5.27100000,2110.63320000,0
1630804860000,400.50000000,400.50000000,400.30000000,400.30000000,22.10000000,1630804919999,8848.60230000,24,3.58800000,1436.49950000,0
1630804920000,400.40000000,400.60000000,400.30000000,400.40000000,20.05200000,1630804979999,8029.01340000,45,17.64700000,7066.01140000,0
1630804980000,400.40000000,400.50000000,400.10000000,400.20000000,20.66500000,1630805039999,8271.21180000,49,13.32100000,5331.96620000,0
1630805040000,400.20000000,400.30000000,400.00000000,400.00000000,19.41100000,1630805099999,7767.28720000,41,14.59600000,5841.22480000,0
1630805100000,400.10000000,400.10000000,400.00000000,400.00000000,31.56100000,1630805159999,12624.51930000,19,1.19300000,477.31930000,0
1630805160000,400.10000000,400.30000000,400.10000000,400.10000000,32.22800000,1630805219999,12896.32740000,23,11.88100000,4754.52510000,0
1630805220000,400.30000000,400.90000000,400.30000000,400.80000000,21.79300000,1630805279999,8732.10820000,40,15.83200000,6343.00390000,0
1630805280000,400.90000000,401.40000000,400.70000000,400.90000000,32.78900000,1630805339999,13150.78380000,43,13.36900000,5361.89260000,0
1630805340000,400.90000000,400.90000000,400.40000000,400.40000000,114.27500000,1630805399999,45800.30200000,31,1.72000000,689.16550000,0
1630805400000,400.50000000,400.60000000,400.40000000,400.40000000,40.85400000,1630805459999,16358.46490000,28,1.56100000,625.20540000,0
1630805460000,400.40000000,400.50000000,400.00000000,400.00000000,85.33000000,1630805519999,34162.55560000,47,3.75200000,1501.63680000,0
1630805520000,400.00000000,400.00000000,398.30000000,399.10000000,312.43700000,1630805579999,124789.44190000,286,23.96500000,9565.88610000,0
1630805580000,399.10000000,399.10000000,398.40000000,398.40000000,24.35500000,1630805639999,9708.74730000,54,12.97700000,5173.22400000,0
1630805640000,398.50000000,398.50000000,398.10000000,398.20000000,26.55800000,1630805699999,10576.09080000,81,7.62300000,3036.58690000,0
1630805700000,398.20000000,398.40000000,398.10000000,398.30000000,23.25900000,1630805759999,9263.03180000,60,15.32100000,6102.37650000,0
1630805760000,398.20000000,398.50000000,398.00000000,398.40000000,221.86700000,1630805819999,88329.41030000,71,135.43500000,53917.32330000,0
1630805820000,398.70000000,398.70000000,398.00000000,398.30000000,15.83000000,1630805879999,6305.94350000,31,4.02600000,1604.03480000,0
1630805880000,398.20000000,398.40000000,397.60000000,398.40000000,144.44200000,1630805939999,57487.19010000,136,28.82400000,11472.35390000,0
1630805940000,398.50000000,398.60000000,398.10000000,398.50000000,48.53500000,1630805999999,19339.14210000,56,9.82100000,3913.66400000,0
1630806000000,398.60000000,398.70000000,397.60000000,397.70000000,62.56700000,1630806059999,24913.80440000,77,7.51400000,2990.52510000,0
1630806060000,397.80000000,397.80000000,397.50000000,397.50000000,42.91500000,1630806119999,17064.50280000,111,15.67000000,6231.21790000,0
1630806120000,397.40000000,397.60000000,397.30000000,397.50000000,29.20900000,1630806179999,11607.68030000,62,8.97900000,3568.44830000,0
1630806180000,397.50000000,397.70000000,397.30000000,397.60000000,115.48600000,1630806239999,45888.06900000,54,19.46000000,7732.38130000,0
1630806240000,397.70000000,398.30000000,397.60000000,398.10000000,227.01800000,1630806299999,90298.52100000,86,200.25700000,79647.25810000,0
1630806300000,398.00000000,398.80000000,397.90000000,398.70000000,34.55200000,1630806359999,13763.68930000,63,21.04200000,8381.34980000,0
1630806360000,398.80000000,399.00000000,398.70000000,398.80000000,19.16400000,1630806419999,7642.78750000,52,2.81700000,1123.57440000,0
1630806420000,398.70000000,398.70000000,398.00000000,398.00000000,14.26100000,1630806479999,5678.55020000,40,0.24600000,97.96750000,0
1630806480000,398.20000000,398.90000000,398.20000000,398.70000000,15.78300000,1630806539999,6292.75510000,28,4.87100000,1941.29580000,0
1630806540000,398.80000000,399.20000000,398.50000000,399.20000000,34.10300000,1630806599999,13604.68160000,42,16.43800000,6556.92840000,0
1630806600000,399.20000000,399.20000000,398.90000000,399.00000000,14.41100000,1630806659999,5750.44020000,22,0.05400000,21.55410000,0
1630806660000,398.90000000,399.10000000,398.50000000,398.50000000,19.69500000,1630806719999,7854.69240000,28,3.32500000,1326.78590000,0
1630806720000,398.60000000,399.10000000,398.40000000,398.40000000,31.81800000,1630806779999,12681.99740000,23,0.31400000,125.27930000,0
1630806780000,398.50000000,398.50000000,398.00000000,398.30000000,17.36900000,1630806839999,6917.14530000,31,2.55400000,1017.39780000,0
1630806840000,398.40000000,398.80000000,398.30000000,398.30000000,14.18600000,1630806899999,5653.30390000,24,1.64600000,656.19070000,0
1630806900000,398.50000000,398.80000000,398.40000000,398.70000000,17.82800000,1630806959999,7106.01040000,32,7.87300000,3138.53900000,0
1630806960000,398.70000000,399.20000000,398.70000000,398.90000000,74.90000000,1630807019999,29885.11640000,51,68.48200000,27325.09410000,0
1630807020000,399.10000000,399.40000000,399.00000000,399.40000000,38.08400000,1630807079999,15202.35930000,108,19.38800000,7740.01280000,0
1630807080000,399.40000000,400.00000000,399.40000000,399.80000000,37.67700000,1630807139999,15059.04390000,41,6.45800000,2582.10130000,0
1630807140000,399.90000000,399.90000000,399.00000000,399.00000000,49.57600000,1630807199999,19810.98670000,22,1.53800000,614.28510000,0
1630807200000,399.20000000,399.20000000,398.90000000,399.00000000,4.24200000,1630807259999,1692.72230000,23,2.01000000,802.30950000,0
1630807260000,399.00000000,399.50000000,398.90000000,399.20000000,37.39200000,1630807319999,14925.55950000,28,34.52100000,13779.66770000,0
1630807320000,399.40000000,399.40000000,399.10000000,399.20000000,3.19200000,1630807379999,1274.44680000,6,1.68900000,674.57440000,0
1630807380000,399.50000000,400.20000000,399.50000000,400.20000000,24.24200000,1630807439999,9691.56230000,31,17.20700000,6878.23650000,0
1630807440000,400.30000000,400.80000000,400.30000000,400.80000000,21.74900000,1630807499999,8709.84730000,42,6.04800000,2422.06730000,0
1630807500000,400.70000000,401.10000000,400.50000000,401.00000000,68.45400000,1630807559999,27445.62050000,46,27.53800000,11041.28670000,0
1630807560000,401.00000000,401.30000000,400.90000000,401.00000000,93.41600000,1630807619999,37473.69000000,43,61.87900000,24824.48090000,0
1630807620000,400.90000000,401.10000000,400.60000000,400.90000000,145.65600000,1630807679999,58393.54070000,26,21.30200000,8540.07760000,0
1630807680000,400.90000000,401.20000000,400.80000000,401.10000000,29.91300000,1630807739999,11993.58830000,13,21.84800000,8760.29770000,0
1630807740000,401.10000000,401.10000000,400.30000000,400.30000000,89.67900000,1630807799999,35947.90840000,30,1.06600000,427.35270000,0
1630807800000,400.40000000,401.10000000,400.40000000,401.10000000,43.54900000,1630807859999,17450.03520000,42,37.74500000,15123.91790000,0
1630807860000,401.20000000,401.50000000,401.20000000,401.50000000,39.67900000,1630807919999,15926.19920000,37,32.55700000,13067.34690000,0
1630807920000,401.60000000,402.00000000,401.40000000,401.50000000,39.98400000,1630807979999,16065.18980000,57,29.06800000,11679.08060000,0
1630807980000,401.50000000,401.60000000,401.30000000,401.30000000,17.51500000,1630808039999,7031.54130000,14,15.40500000,6184.18720000,0
1630808040000,401.30000000,401.40000000,401.00000000,401.40000000,36.74800000,1630808099999,14740.73140000,22,25.48400000,10222.25480000,0
1630808100000,401.30000000,401.60000000,401.20000000,401.60000000,111.57100000,1630808159999,44783.34210000,56,40.45400000,16240.55850000,0
1630808160000,401.70000000,402.50000000,401.70000000,402.40000000,111.35600000,1630808219999,44777.34950000,127,99.91400000,40177.01490000,0
1630808220000,402.30000000,402.60000000,401.90000000,401.90000000,76.87600000,1630808279999,30932.59090000,81,9.48600000,3817.88700000,0
1630808280000,401.90000000,402.00000000,401.50000000,401.60000000,16.09700000,1630808339999,6468.54540000,45,9.77400000,3927.70100000,0
1630808340000,401.50000000,401.60000000,401.10000000,401.30000000,58.88700000,1630808399999,23631.13720000,62,26.67600000,10703.78790000,0
1630808400000,401.30000000,401.30000000,400.50000000,401.00000000,42.83300000,1630808459999,17168.38530000,57,37.20600000,14912.78770000,0
1630808460000,400.90000000,401.10000000,400.60000000,400.90000000,15.95600000,1630808519999,6396.49960000,41,12.78100000,5123.81360000,0
1630808520000,400.90000000,401.30000000,400.90000000,401.10000000,12.69700000,1630808579999,5093.01660000,43,10.13700000,4066.38380000,0
1630808580000,401.20000000,401.80000000,401.10000000,401.40000000,109.38900000,1630808639999,43903.89040000,31,2.86600000,1150.75800000,0
1630808640000,401.50000000,401.80000000,401.30000000,401.70000000,13.76900000,1630808699999,5529.60610000,22,10.49100000,4213.06290000,0
1630808700000,401.80000000,402.60000000,401.80000000,402.50000000,32.16600000,1630808759999,12935.99170000,57,21.58700000,8681.37930000,0
1630808760000,402.60000000,402.70000000,402.20000000,402.20000000,16.32000000,1630808819999,6567.58200000,35,2.52300000,1015.70320000,0
1630808820000,402.30000000,402.50000000,402.20000000,402.30000000,2.90800000,1630808879999,1170.01820000,10,0.51000000,205.23500000,0
1630808880000,402.30000000,402.40000000,402.30000000,402.30000000,2.12100000,1630808939999,853.38340000,10,1.05100000,422.92240000,0
1630808940000,402.30000000,402.30000000,401.90000000,402.10000000,7.87200000,1630808999999,3165.96240000,18,3.74100000,1504.48280000,0
1630809000000,401.90000000,401.90000000,401.90000000,401.90000000,0.07300000,1630809059999,29.33870000,2,0.00000000,0.00000000,0
1630809060000,402.10000000,402.30000000,402.00000000,402.00000000,2.93200000,1630809119999,1179.03450000,8,0.80200000,322.63580000,0
1630809120000,401.90000000,402.00000000,401.80000000,401.80000000,22.55600000,1630809179999,9065.82820000,18,16.41800000,6599.41390000,0
1630809180000,402.00000000,402.30000000,402.00000000,402.30000000,2.32300000,1630809239999,934.26520000,7,1.97800000,795.51510000,0
1630809240000,402.30000000,402.50000000,402.30000000,402.30000000,15.23200000,1630809299999,6128.11600000,13,15.07900000,6066.56410000,0
1630809300000,402.40000000,403.10000000,402.30000000,402.50000000,60.91300000,1630809359999,24531.10730000,80,37.62600000,15151.30010000,0
1630809360000,402.70000000,402.90000000,402.50000000,402.60000000,80.18200000,1630809419999,32289.33280000,39,72.59100000,29233.34920000,0
1630809420000,402.50000000,402.60000000,402.40000000,402.60000000,15.69600000,1630809479999,6317.46080000,21,14.18200000,5708.15840000,0
1630809480000,402.60000000,402.60000000,402.00000000,402.10000000,104.50100000,1630809539999,42043.15010000,48,32.12400000,12922.50240000,0
1630809540000,402.10000000,402.20000000,401.70000000,401.70000000,61.06200000,1630809599999,24545.02810000,37,25.09000000,10087.98600000,0
1630809600000,401.90000000,401.90000000,401.50000000,401.60000000,5.53400000,1630809659999,2222.60780000,16,3.04500000,1222.93310000,0
1630809660000,401.60000000,401.90000000,401.50000000,401.80000000,29.17500000,1630809719999,11717.46020000,18,6.76000000,2715.05290000,0
1630809720000,401.80000000,401.80000000,401.40000000,401.70000000,9.68000000,1630809779999,3887.43930000,13,9.00200000,3615.14550000,0
1630809780000,401.80000000,401.80000000,401.40000000,401.40000000,39.75000000,1630809839999,15968.72420000,26,2.11200000,848.15020000,0
1630809840000,401.50000000,402.40000000,401.50000000,402.40000000,33.11100000,1630809899999,13319.93170000,27,9.46700000,3806.00840000,0
1630809900000,402.50000000,402.50000000,402.20000000,402.30000000,23.85400000,1630809959999,9598.94040000,19,1.82900000,736.12250000,0
1630809960000,402.50000000,402.70000000,402.40000000,402.70000000,6.72800000,1630810019999,2708.39380000,16,4.89900000,1972.12910000,0
1630810020000,402.70000000,402.90000000,402.70000000,402.80000000,14.48100000,1630810079999,5833.48480000,26,6.29400000,2535.76780000,0
1630810080000,402.90000000,403.10000000,402.90000000,402.90000000,31.05500000,1630810139999,12515.17460000,42,2.25000000,906.84600000,0
1630810140000,402.90000000,403.70000000,402.90000000,403.50000000,34.97500000,1630810199999,14109.82980000,161,18.01700000,7269.42380000,0
1630810200000,403.50000000,403.70000000,402.70000000,402.80000000,70.83300000,1630810259999,28563.86990000,254,17.08500000,6888.19260000,0
1630810260000,402.60000000,402.70000000,402.10000000,402.50000000,84.92700000,1630810319999,34173.36020000,79,81.20200000,32674.54420000,0
1630810320000,402.50000000,402.50000000,401.90000000,401.90000000,76.13000000,1630810379999,30622.80750000,41,69.93200000,28130.72860000,0
1630810380000,402.00000000,402.30000000,402.00000000,402.30000000,37.34700000,1630810439999,15017.05470000,25,35.90900000,14438.94530000,0
1630810440000,402.40000000,402.50000000,402.00000000,402.00000000,29.23600000,1630810499999,11756.47090000,26,20.00200000,8042.84450000,0
1630810500000,402.00000000,402.10000000,401.90000000,401.90000000,16.96500000,1630810559999,6819.80700000,21,7.03100000,2826.47600000,0
1630810560000,401.90000000,401.90000000,401.50000000,401.70000000,20.61200000,1630810619999,8277.79220000,36,17.91300000,7193.97480000,0
1630810620000,401.60000000,401.60000000,401.40000000,401.50000000,53.39100000,1630810679999,21438.08170000,36,35.05800000,14077.11000000,0
1630810680000,401.70000000,401.70000000,401.60000000,401.60000000,2.82500000,1630810739999,1134.61000000,8,2.82500000,1134.61000000,0
1630810740000,401.60000000,401.80000000,401.50000000,401.60000000,7.01400000,1630810799999,2816.90450000,23,5.57800000,2240.26480000,0
1630810800000,401.50000000,402.20000000,401.50000000,402.20000000,22.80900000,1630810859999,9165.35430000,27,22.09900000,8880.28930000,0
1630810860000,402.20000000,402.20000000,401.90000000,401.90000000,4.20000000,1630810919999,1688.41700000,10,1.55800000,626.59720000,0
1630810920000,401.70000000,402.10000000,401.70000000,401.90000000,3.49200000,1630810979999,1403.60410000,13,2.26800000,911.55950000,0
1630810980000,401.90000000,401.90000000,401.30000000,401.40000000,44.81800000,1630811039999,17998.46090000,51,4.43800000,1782.16480000,0
1630811040000,401.60000000,402.00000000,401.40000000,401.60000000,2.99300000,1630811099999,1202.33310000,11,2.53600000,1018.83150000,0
1630811100000,401.80000000,402.00000000,401.60000000,401.70000000,2.12700000,1630811159999,854.43220000,9,0.68200000,273.97570000,0
1630811160000,401.50000000,401.60000000,401.30000000,401.50000000,5.38900000,1630811219999,2163.28940000,15,3.54400000,1422.74400000,0
1630811220000,401.30000000,401.80000000,401.30000000,401.80000000,129.92200000,1630811279999,52184.23880000,38,114.08900000,45829.75040000,0
1630811280000,401.60000000,401.70000000,401.20000000,401.40000000,17.10600000,1630811339999,6865.02510000,22,1.00500000,403.65390000,0
1630811340000,401.20000000,401.30000000,400.80000000,400.80000000,31.30000000,1630811399999,12552.05900000,51,8.17500000,3279.21860000,0
1630811400000,400.80000000,400.80000000,400.30000000,400.50000000,16.73300000,1630811459999,6701.04690000,38,7.06700000,2830.55620000,0
1630811460000,400.40000000,400.70000000,400.30000000,400.50000000,28.03100000,1630811519999,11226.64700000,19,27.70800000,11097.32390000,0
1630811520000,400.30000000,400.40000000,400.00000000,400.00000000,52.00500000,1630811579999,20814.55920000,40,25.26100000,10111.40860000,0
1630811580000,400.10000000,400.30000000,400.00000000,400.20000000,26.01700000,1630811639999,10408.02390000,28,5.26000000,2104.72690000,0
1630811640000,400.30000000,400.30000000,399.80000000,399.90000000,156.66700000,1630811699999,62668.83780000,35,2.89400000,1157.38310000,0
1630811700000,399.80000000,399.80000000,399.50000000,399.50000000,10.47900000,1630811759999,4187.68580000,30,3.81900000,1526.15000000,0
1630811760000,399.70000000,400.00000000,398.90000000,399.00000000,158.61500000,1630811819999,63310.34250000,102,8.64400000,3453.36350000,0
1630811820000,399.10000000,399.10000000,398.60000000,398.70000000,54.41000000,1630811879999,21694.67660000,61,10.68800000,4262.15410000,0
1630811880000,398.70000000,398.90000000,397.80000000,397.90000000,58.92900000,1630811939999,23452.11400000,102,39.50000000,15716.90910000,0
1630811940000,397.90000000,398.60000000,397.70000000,397.90000000,59.46100000,1630811999999,23678.20870000,103,55.42900000,22073.18880000,0
1630812000000,398.10000000,398.30000000,398.00000000,398.20000000,13.28800000,1630812059999,5290.57960000,27,12.11800000,4824.81830000,0
1630812060000,398.20000000,398.90000000,398.10000000,398.90000000,33.86300000,1630812119999,13488.40460000,48,25.40700000,10120.42860000,0
1630812120000,398.90000000,398.90000000,398.40000000,398.40000000,7.60400000,1630812179999,3030.90180000,20,2.85500000,1138.50940000,0
1630812180000,398.30000000,398.40000000,397.20000000,397.80000000,127.31600000,1630812239999,50647.09680000,145,22.12700000,8797.69910000,0
1630812240000,397.80000000,397.90000000,397.30000000,397.90000000,45.94800000,1630812299999,18271.32170000,53,21.88200000,8703.10840000,0
1630812300000,397.90000000,398.30000000,397.40000000,397.60000000,20.75000000,1630812359999,8256.31370000,27,17.27500000,6874.02590000,0
1630812360000,397.50000000,397.50000000,397.10000000,397.30000000,44.89400000,1630812419999,17832.46710000,61,11.79200000,4685.92490000,0
1630812420000,397.30000000,398.10000000,397.30000000,397.90000000,28.69600000,1630812479999,11407.99920000,38,28.25900000,11234.13360000,0
1630812480000,397.80000000,398.10000000,397.50000000,397.50000000,13.26100000,1630812539999,5273.73940000,19,3.64900000,1452.41200000,0
1630812540000,397.60000000,397.70000000,397.50000000,397.60000000,3.38200000,1630812599999,1344.71010000,15,2.16500000,860.84780000,0
1630812600000,397.60000000,397.60000000,396.80000000,397.00000000,37.24200000,1630812659999,14786.60790000,141,18.95400000,7525.66230000,0
1630812660000,397.10000000,397.10000000,396.50000000,396.60000000,35.17800000,1630812719999,13957.46030000,125,18.70400000,7422.10940000,0
1630812720000,396.50000000,397.10000000,396.50000000,397.00000000,52.70000000,1630812779999,20906.87680000,52,48.54700000,19259.23370000,0
1630812780000,397.00000000,397.70000000,396.80000000,397.60000000,30.15700000,1630812839999,11979.01920000,63,24.18700000,9608.32440000,0
1630812840000,397.50000000,397.70000000,397.30000000,397.50000000,20.49800000,1630812899999,8147.40420000,27,7.16100000,2846.02720000,0
1630812900000,397.30000000,397.30000000,396.60000000,396.70000000,48.35500000,1630812959999,19191.60580000,46,28.33800000,11244.47340000,0
1630812960000,396.60000000,397.10000000,396.50000000,397.00000000,22.80000000,1630813019999,9045.06010000,23,22.66700000,8992.32560000,0
1630813020000,396.70000000,396.90000000,396.40000000,396.90000000,52.61500000,1630813079999,20864.81480000,60,47.58100000,18869.03380000,0
1630813080000,396.60000000,396.90000000,396.30000000,396.90000000,50.06400000,1630813139999,19850.79960000,65,18.43800000,7313.41930000,0
1630813140000,396.80000000,397.70000000,396.80000000,397.70000000,75.93500000,1630813199999,30178.89310000,83,70.65000000,28080.18170000,0
1630813200000,397.70000000,397.70000000,397.00000000,397.00000000,23.84800000,1630813259999,9473.97640000,23,14.22600000,5654.04240000,0
1630813260000,397.00000000,397.20000000,396.90000000,397.00000000,16.95300000,1630813319999,6731.37760000,17,12.01300000,4770.44000000,0
1630813320000,396.80000000,396.90000000,396.60000000,396.70000000,25.30600000,1630813379999,10039.95880000,27,17.29800000,6863.10220000,0
1630813380000,396.70000000,397.30000000,396.70000000,397.30000000,44.90500000,1630813439999,17837.56890000,25,7.21300000,2863.86130000,0
1630813440000,397.20000000,397.80000000,397.00000000,397.50000000,27.18200000,1630813499999,10808.74340000,23,23.98500000,9538.01850000,0
1630813500000,397.50000000,397.50000000,396.60000000,396.60000000,28.91200000,1630813559999,11479.98540000,18,2.86000000,1135.44490000,0
1630813560000,396.50000000,397.00000000,396.40000000,397.00000000,31.26000000,1630813619999,12402.77210000,17,27.95800000,11093.33220000,0
1630813620000,396.80000000,397.00000000,396.40000000,396.50000000,34.37100000,1630813679999,13635.10360000,18,33.99200000,13484.74350000,0
1630813680000,396.60000000,397.00000000,396.50000000,396.80000000,35.50400000,1630813739999,14085.48990000,33,27.19300000,10787.76490000,0
1630813740000,397.00000000,397.40000000,396.80000000,397.40000000,36.10900000,1630813799999,14341.50910000,28,20.72200000,8232.81720000,0
1630813800000,397.60000000,397.60000000,397.00000000,397.10000000,33.58500000,1630813859999,13345.24580000,20,27.03300000,10742.80860000,0
1630813860000,397.00000000,397.30000000,396.80000000,396.90000000,35.14900000,1630813919999,13956.87100000,21,22.01700000,8744.86640000,0
1630813920000,396.80000000,396.90000000,396.60000000,396.70000000,33.80300000,1630813979999,13415.61340000,21,33.32000000,13224.05560000,0
1630813980000,396.60000000,396.90000000,396.60000000,396.90000000,24.13400000,1630814039999,9575.05610000,22,20.52500000,8143.72670000,0
1630814040000,397.20000000,397.50000000,397.20000000,397.50000000,11.84500000,1630814099999,4706.53180000,14,8.29300000,3295.48320000,0
1630814100000,397.50000000,397.50000000,396.90000000,396.90000000,27.31500000,1630814159999,10846.85000000,7,1.25100000,497.07250000,0
1630814160000,396.90000000,397.10000000,396.90000000,397.00000000,6.70000000,1630814219999,2659.39780000,7,1.58800000,630.44210000,0
1630814220000,397.00000000,397.30000000,396.80000000,397.30000000,67.03200000,1630814279999,26611.09690000,25,42.14000000,16730.60460000,0
1630814280000,397.20000000,397.40000000,396.90000000,396.90000000,15.26800000,1630814339999,6064.34570000,24,1.31300000,521.23560000,0
1630814340000,396.90000000,397.10000000,396.70000000,397.10000000,25.23500000,1630814399999,10016.25370000,23,17.43900000,6922.22040000,0
1630814400000,397.00000000,397.30000000,396.60000000,397.30000000,42.81700000,1630814459999,16992.64380000,29,37.15300000,14745.33040000,0
1630814460000,397.20000000,397.30000000,396.70000000,397.30000000,80.28900000,1630814519999,31876.84220000,29,53.07800000,21071.89540000,0
1630814520000,397.40000000,398.10000000,397.40000000,398.00000000,31.51400000,1630814579999,12535.90500000,54,29.69500000,11812.22920000,0
1630814580000,398.00000000,398.50000000,397.90000000,398.20000000,19.71400000,1630814639999,7852.35030000,61,5.65200000,2251.14970000,0
1630814640000,398.20000000,398.30000000,398.10000000,398.20000000,21.24400000,1630814699999,8458.74590000,11,0.38100000,151.74930000,0
1630814700000,398.40000000,398.40000000,397.80000000,397.80000000,7.93600000,1630814759999,3160.35190000,7,6.39200000,2546.07180000,0
1630814760000,397.90000000,398.30000000,397.90000000,398.30000000,7.27900000,1630814819999,2896.58100000,5,0.03900000,15.53370000,0
1630814820000,398.20000000,398.20000000,398.00000000,398.20000000,19.42700000,1630814879999,7733.42420000,19,8.56400000,3409.95020000,0
1630814880000,398.10000000,399.20000000,398.10000000,399.20000000,85.74300000,1630814939999,34173.38490000,48,69.78100000,27804.97300000,0
1630814940000,399.10000000,399.20000000,398.50000000,398.60000000,48.04700000,1630814999999,19164.67120000,26,0.41000000,163.54930000,0
1630815000000,398.80000000,398.90000000,398.70000000,398.90000000,22.00200000,1630815059999,8773.54470000,11,21.91400000,8738.45910000,0
1630815060000,398.70000000,399.10000000,398.70000000,398.80000000,31.78200000,1630815119999,12677.91880000,18,23.15100000,9236.62990000,0
1630815120000,398.80000000,398.90000000,398.70000000,398.70000000,2.16900000,1630815179999,864.81500000,5,0.02700000,10.77030000,0
1630815180000,398.90000000,398.90000000,397.90000000,398.00000000,50.42900000,1630815239999,20085.17940000,48,7.60300000,3030.16500000,0
1630815240000,398.10000000,398.30000000,397.90000000,398.30000000,10.76300000,1630815299999,4284.00220000,8,4.92600000,1961.45990000,0
1630815300000,398.10000000,398.20000000,397.90000000,398.20000000,8.53700000,1630815359999,3398.48200000,6,7.48300000,2979.08060000,0
1630815360000,398.20000000,399.30000000,398.10000000,399.30000000,32.57800000,1630815419999,12993.41640000,38,29.26800000,11673.13880000,0
1630815420000,399.20000000,399.40000000,398.90000000,398.90000000,73.55500000,1630815479999,29366.74070000,39,27.40600000,10943.58340000,0
1630815480000,398.90000000,399.10000000,398.60000000,398.80000000,15.53000000,1630815539999,6193.87120000,13,1.26200000,503.40530000,0
1630815540000,398.60000000,398.80000000,398.60000000,398.80000000,5.85700000,1630815599999,2334.71840000,11,4.28000000,1706.01340000,0
1630815600000,398.90000000,399.10000000,398.70000000,399.00000000,8.93300000,1630815659999,3562.51820000,10,2.41100000,962.18320000,0
1630815660000,398.80000000,399.10000000,398.70000000,399.10000000,22.70700000,1630815719999,9061.00480000,16,20.92600000,8350.91220000,0
1630815720000,399.00000000,399.30000000,398.90000000,399.10000000,31.22900000,1630815779999,12462.38950000,26,18.88400000,7535.79400000,0
1630815780000,398.90000000,398.90000000,398.60000000,398.80000000,11.86600000,1630815839999,4732.10320000,16,4.99600000,1992.40170000,0
1630815840000,398.90000000,399.40000000,398.60000000,399.40000000,21.54500000,1630815899999,8594.18310000,25,13.96700000,5573.54430000,0
1630815900000,399.40000000,399.40000000,399.10000000,399.10000000,18.23700000,1630815959999,7280.77320000,9,9.91200000,3956.62270000,0
1630815960000,399.20000000,399.80000000,399.20000000,399.70000000,71.94400000,1630816019999,28750.69080000,45,19.47600000,7780.05000000,0
1630816020000,399.70000000,400.30000000,399.70000000,400.30000000,164.47000000,1630816079999,65800.61010000,78,136.50300000,54614.30290000,0
1630816080000,400.30000000,400.40000000,400.20000000,400.30000000,18.38400000,1630816139999,7358.96840000,26,16.36600000,6551.33980000,0
1630816140000,400.30000000,400.50000000,399.60000000,399.60000000,32.36500000,1630816199999,12950.07970000,32,25.85300000,10343.39510000,0
1630816200000,399.70000000,400.10000000,399.70000000,400.00000000,36.65300000,1630816259999,14656.03350000,27,36.65300000,14656.03350000,0
1630816260000,399.90000000,399.90000000,399.40000000,399.60000000,97.21300000,1630816319999,38844.82520000,49,21.05000000,8410.65280000,0
1630816320000,399.60000000,399.90000000,399.50000000,399.80000000,23.18000000,1630816379999,9266.31280000,25,23.09000000,9230.35780000,0
1630816380000,399.80000000,400.20000000,399.70000000,400.20000000,81.50200000,1630816439999,32601.64530000,33,80.99200000,32397.76000000,0
1630816440000,400.20000000,400.20000000,399.60000000,399.90000000,32.55500000,1630816499999,13014.42990000,29,18.66700000,7462.68620000,0
1630816500000,399.90000000,400.00000000,399.60000000,400.00000000,37.99400000,1630816559999,15190.37740000,25,37.51300000,14998.16980000,0
1630816560000,399.90000000,399.90000000,399.60000000,399.60000000,4.64900000,1630816619999,1858.33130000,19,1.48500000,593.72070000,0
1630816620000,399.70000000,399.70000000,399.40000000,399.40000000,15.05500000,1630816679999,6014.53170000,19,10.81700000,4321.52860000,0
1630816680000,399.40000000,399.40000000,398.90000000,399.10000000,56.40800000,1630816739999,22514.68080000,47,39.91700000,15932.38720000,0
1630816740000,399.20000000,399.50000000,399.20000000,399.20000000,38.16900000,1630816799999,15239.51300000,29,36.57300000,14602.38980000,0
1630816800000,399.20000000,399.20000000,399.00000000,399.10000000,10.07800000,1630816859999,4021.95710000,16,10.02800000,4002.00210000,0
1630816860000,399.10000000,399.20000000,398.70000000,398.80000000,10.34100000,1630816919999,4124.78410000,21,3.57400000,1426.22640000,0
1630816920000,398.80000000,398.80000000,398.50000000,398.70000000,17.51000000,1630816979999,6980.36620000,29,4.00700000,1597.24790000,0
1630816980000,398.70000000,398.90000000,398.60000000,398.70000000,2.81000000,1630817039999,1120.43800000,8,2.78400000,1110.07440000,0
1630817040000,398.70000000,398.70000000,398.10000000,398.60000000,30.01600000,1630817099999,11964.36440000,30,27.83800000,11096.61540000,0
1630817100000,398.40000000,398.50000000,398.20000000,398.30000000,22.94000000,1630817159999,9137.37460000,23,14.50000000,5775.78600000,0
1630817160000,398.40000000,398.40000000,398.20000000,398.30000000,4.54500000,1630817219999,1810.43920000,10,4.11500000,1639.17020000,0
1630817220000,398.30000000,398.30000000,397.70000000,397.80000000,106.87400000,1630817279999,42540.05160000,63,22.48400000,8948.29220000,0
1630817280000,397.80000000,398.80000000,397.80000000,398.70000000,476.80400000,1630817339999,189783.55870000,148,476.03700000,189477.94850000,0
1630817340000,398.70000000,398.70000000,398.50000000,398.60000000,15.19800000,1630817399999,6057.38890000,19,1.17600000,468.69890000,0
1630817400000,398.50000000,398.90000000,398.50000000,398.90000000,6.64700000,1630817459999,2650.04090000,15,6.52200000,2600.20340000,0
1630817460000,399.00000000,400.30000000,399.00000000,400.20000000,49.15400000,1630817519999,19635.50130000,46,29.44500000,11758.37240000,0
1630817520000,400.10000000,400.10000000,399.50000000,400.00000000,28.05600000,1630817579999,11220.04270000,25,7.69700000,3076.37880000,0
1630817580000,400.00000000,400.00000000,399.50000000,399.60000000,11.96600000,1630817639999,4784.09770000,16,4.49500000,1797.93120000,0
1630817640000,399.70000000,399.70000000,399.20000000,399.20000000,42.75700000,1630817699999,17085.21200000,19,40.74500000,16281.68780000,0
1630817700000,399.30000000,399.30000000,398.90000000,399.10000000,11.59200000,1630817759999,4625.84870000,22,7.98200000,3185.38140000,0
1630817760000,399.00000000,399.00000000,398.70000000,398.80000000,44.18300000,1630817819999,17627.25720000,30,2.00400000,799.26310000,0
1630817820000,398.80000000,399.60000000,398.70000000,399.60000000,44.80300000,1630817879999,17874.32150000,28,39.47700000,15749.26160000,0
1630817880000,399.80000000,399.80000000,399.40000000,399.80000000,31.39900000,1630817939999,12548.18980000,16,6.48100000,2591.10380000,0
1630817940000,399.80000000,400.20000000,399.80000000,400.00000000,14.47800000,1630817999999,5791.01980000,18,7.85700000,3142.71130000,0
1630818000000,400.20000000,400.40000000,399.90000000,400.30000000,36.80600000,1630818059999,14724.21240000,24,7.43200000,2973.57920000,0
1630818060000,400.40000000,400.50000000,400.40000000,400.50000000,5.22400000,1630818119999,2092.13990000,17,4.44600000,1780.55090000,0
1630818120000,400.50000000,400.60000000,400.20000000,400.40000000,16.97400000,1630818179999,6799.17040000,18,14.70000000,5888.73220000,0
1630818180000,400.20000000,400.40000000,400.10000000,400.20000000,13.45900000,1630818239999,5386.12140000,12,7.92400000,3171.51420000,0
1630818240000,400.20000000,400.20000000,399.90000000,400.10000000,24.05100000,1630818299999,9621.84980000,31,19.38200000,7754.47980000,0
1630818300000,400.10000000,400.10000000,399.70000000,399.80000000,23.33900000,1630818359999,9334.47650000,25,9.09600000,3638.91650000,0
1630818360000,399.50000000,399.60000000,399.30000000,399.30000000,5.49000000,1630818419999,2193.05230000,15,1.78900000,714.86790000,0
1630818420000,399.30000000,399.30000000,398.80000000,398.80000000,40.40700000,1630818479999,16117.87610000,29,10.31900000,4116.54420000,0
1630818480000,398.90000000,399.40000000,398.60000000,399.00000000,22.57300000,1630818539999,9004.19950000,23,21.34400000,8514.24310000,0
1630818540000,399.30000000,399.40000000,399.10000000,399.40000000,1.73500000,1630818599999,692.64760000,9,0.97000000,387.33610000,0
1630818600000,399.30000000,399.30000000,398.70000000,398.70000000,13.82600000,1630818659999,5515.70770000,6,3.07900000,1228.38880000,0
1630818660000,398.90000000,399.30000000,398.90000000,399.10000000,24.52300000,1630818719999,9787.64550000,21,23.51100000,9383.95270000,0
1630818720000,399.20000000,400.20000000,399.20000000,400.20000000,47.24000000,1630818779999,18872.11910000,40,37.85600000,15122.01160000,0
1630818780000,400.10000000,400.10000000,399.80000000,400.10000000,11.80300000,1630818839999,4720.69360000,26,8.39500000,3358.09570000,0
1630818840000,400.20000000,400.20000000,399.90000000,400.10000000,11.22000000,1630818899999,4488.02450000,14,11.22000000,4488.02450000,0
1630818900000,400.00000000,400.00000000,399.70000000,399.70000000,10.28200000,1630818959999,4111.50430000,11,5.56500000,2224.95430000,0
1630818960000,399.70000000,399.70000000,399.20000000,399.20000000,52.82700000,1630819019999,21098.13030000,45,33.68200000,13453.00670000,0
1630819020000,399.20000000,399.40000000,398.60000000,398.70000000,50.81400000,1630819079999,20268.94650000,47,43.95000000,17530.99560000,0
1630819080000,398.60000000,398.90000000,398.40000000,398.80000000,51.49900000,1630819139999,20526.41860000,43,39.94500000,15921.97610000,0
1630819140000,398.70000000,399.30000000,398.70000000,399.00000000,37.39800000,1630819199999,14917.22570000,54,32.84400000,13101.50570000,0
1630819200000,398.90000000,399.20000000,398.90000000,398.90000000,6.32000000,1630819259999,2522.12040000,21,6.14700000,2453.09830000,0
1630819260000,398.90000000,399.10000000,398.80000000,398.90000000,4.95200000,1630819319999,1975.46020000,18,4.38800000,1750.51000000,0
1630819320000,398.70000000,399.00000000,398.60000000,399.00000000,19.11000000,1630819379999,7619.16630000,28,11.08400000,4419.22950000,0
1630819380000,398.90000000,399.60000000,398.90000000,399.50000000,27.90600000,1630819439999,11143.91650000,23,10.46300000,4177.26480000,0
1630819440000,399.40000000,399.70000000,399.30000000,399.60000000,16.73300000,1630819499999,6687.57110000,17,2.99700000,1197.34810000,0
1630819500000,399.40000000,399.40000000,399.30000000,399.30000000,5.26100000,1630819559999,2101.11870000,4,0.62800000,250.82320000,0
1630819560000,399.40000000,399.40000000,398.90000000,399.10000000,37.83800000,1630819619999,15107.56410000,11,14.04700000,5610.05780000,0
1630819620000,399.00000000,399.00000000,398.70000000,398.90000000,11.41600000,1630819679999,4553.15200000,26,7.28200000,2904.25160000,0
1630819680000,398.80000000,398.80000000,398.50000000,398.60000000,14.73500000,1630819739999,5873.33520000,25,4.56900000,1820.98570000,0
1630819740000,398.60000000,399.20000000,398.50000000,399.10000000,57.97700000,1630819799999,23126.24280000,40,48.93100000,19517.52740000,0
1630819800000,399.20000000,399.20000000,399.00000000,399.10000000,2.62800000,1630819859999,1048.64510000,16,2.53600000,1011.92790000,0
1630819860000,399.00000000,399.10000000,399.00000000,399.10000000,0.77500000,1630819919999,309.27750000,5,0.52500000,209.52750000,0
1630819920000,398.90000000,398.90000000,398.70000000,398.70000000,2.94100000,1630819979999,1172.78740000,8,0.89000000,354.84860000,0
1630819980000,398.70000000,399.00000000,398.50000000,398.80000000,10.22300000,1630820039999,4076.60870000,26,7.21400000,2877.02060000,0
1630820040000,398.80000000,399.00000000,398.80000000,398.80000000,7.05100000,1630820099999,2811.94380000,6,1.76200000,702.69060000,0
1630820100000,398.90000000,398.90000000,398.50000000,398.60000000,69.27000000,1630820159999,27621.57050000,25,44.77300000,17854.55650000,0
1630820160000,398.60000000,398.90000000,398.30000000,398.50000000,15.31800000,1630820219999,6105.93390000,16,7.70400000,3071.93170000,0
1630820220000,398.50000000,398.50000000,398.40000000,398.50000000,12.11600000,1630820279999,4827.92600000,16,9.11600000,3632.72600000,0
1630820280000,398.30000000,398.50000000,398.10000000,398.10000000,17.87000000,1630820339999,7115.45490000,21,3.83800000,1528.37700000,0
1630820340000,398.20000000,398.50000000,398.20000000,398.30000000,4.00400000,1630820399999,1594.68350000,13,3.12200000,1243.46430000,0
1630820400000,398.20000000,398.20000000,398.10000000,398.10000000,3.55600000,1630820459999,1415.64930000,5,0.05700000,22.69740000,0
1630820460000,398.20000000,398.50000000,398.20000000,398.40000000,0.81800000,1630820519999,325.74110000,3,0.05400000,21.51630000,0
1630820520000,398.20000000,398.40000000,398.10000000,398.40000000,11.00400000,1630820579999,4382.81490000,18,6.96900000,2776.44590000,0
1630820580000,398.50000000,399.10000000,398.50000000,399.10000000,10.88400000,1630820639999,4341.03780000,23,5.66900000,2261.84050000,0
1630820640000,399.20000000,399.30000000,399.00000000,399.00000000,30.54000000,1630820699999,12186.34980000,14,0.81200000,324.15370000,0
1630820700000,399.20000000,399.80000000,399.20000000,399.70000000,29.23300000,1630820759999,11683.01620000,34,7.57400000,3026.06750000,0
1630820760000,399.80000000,400.00000000,399.50000000,399.60000000,29.56100000,1630820819999,11815.79160000,37,8.83400000,3532.22180000,0
1630820820000,399.60000000,399.70000000,399.10000000,399.30000000,19.96200000,1630820879999,7971.94760000,22,3.22300000,1287.62020000,0
1630820880000,399.00000000,399.00000000,398.50000000,398.50000000,17.93900000,1630820939999,7152.24630000,22,1.47000000,586.17400000,0
1630820940000,398.30000000,398.40000000,397.70000000,398.10000000,33.81000000,1630820999999,13455.10760000,50,14.93600000,5945.48330000,0
1630821000000,398.10000000,398.10000000,397.60000000,398.00000000,35.46000000,1630821059999,14108.61940000,37,20.29600000,8075.71310000,0
1630821060000,398.10000000,398.60000000,398.00000000,398.50000000,7.02000000,1630821119999,2795.52560000,17,5.18100000,2063.08230000,0
1630821120000,398.50000000,399.20000000,398.50000000,399.10000000,21.52900000,1630821179999,8586.63820000,24,16.08400000,6416.07140000,0
1630821180000,399.00000000,399.40000000,399.00000000,399.00000000,11.40800000,1630821239999,4553.70500000,14,8.05000000,3213.03270000,0
1630821240000,399.10000000,399.90000000,399.10000000,399.90000000,42.51600000,1630821299999,16975.82820000,34,38.16500000,15238.51160000,0
1630821300000,399.80000000,400.30000000,399.70000000,400.30000000,125.59000000,1630821359999,50224.56440000,48,10.95300000,4381.24970000,0
1630821360000,400.10000000,400.10000000,399.50000000,399.60000000,69.88900000,1630821419999,27941.70720000,28,12.68300000,5073.59550000,0
1630821420000,399.60000000,399.70000000,399.30000000,399.30000000,11.61800000,1630821479999,4641.22660000,17,8.90100000,3556.11140000,0
1630821480000,399.30000000,399.40000000,398.90000000,399.00000000,50.54900000,1630821539999,20171.77010000,24,5.41800000,2162.37740000,0
1630821540000,398.80000000,399.00000000,398.80000000,398.80000000,15.08900000,1630821599999,6017.60420000,7,0.55500000,221.44500000,0
1630821600000,398.90000000,398.90000000,398.20000000,398.40000000,27.33200000,1630821659999,10890.28240000,58,4.50400000,1794.32460000,0
1630821660000,398.50000000,398.50000000,398.40000000,398.50000000,8.96000000,1630821719999,3570.52400000,14,8.60000000,3427.10000000,0
1630821720000,398.50000000,399.30000000,398.20000000,399.30000000,29.71900000,1630821779999,11846.04800000,32,15.16400000,6047.27250000,0
1630821780000,399.30000000,399.80000000,399.30000000,399.80000000,7.84000000,1630821839999,3133.14820000,22,3.46900000,1386.20910000,0
1630821840000,400.00000000,400.60000000,400.00000000,400.10000000,17.44700000,1630821899999,6983.04170000,33,6.17000000,2470.14940000,0
1630821900000,400.10000000,400.60000000,399.60000000,399.70000000,36.18900000,1630821959999,14476.45120000,33,8.96900000,3588.98220000,0
1630821960000,399.70000000,399.70000000,399.40000000,399.60000000,11.34100000,1630822019999,4531.68050000,14,7.01000000,2801.45660000,0
1630822020000,399.60000000,399.70000000,399.50000000,399.70000000,4.26400000,1630822079999,1704.09860000,8,0.05300000,21.18410000,0
1630822080000,399.80000000,399.80000000,399.60000000,399.60000000,3.28200000,1630822139999,1311.56840000,9,0.40600000,162.31880000,0
1630822140000,399.70000000,399.70000000,398.70000000,398.70000000,36.65000000,1630822199999,14627.84820000,32,17.53500000,6996.53010000,0
1630822200000,399.00000000,399.00000000,397.70000000,397.90000000,33.00500000,1630822259999,13141.51560000,47,16.93600000,6742.08900000,0
1630822260000,398.00000000,398.40000000,397.60000000,397.60000000,8.15600000,1630822319999,3247.16980000,20,5.94900000,2368.70040000,0
1630822320000,397.70000000,397.70000000,397.50000000,397.70000000,5.01000000,1630822379999,1991.94370000,24,2.25100000,895.09940000,0
1630822380000,398.10000000,398.30000000,397.50000000,397.80000000,63.29700000,1630822439999,25175.35500000,26,51.14200000,20340.92370000,0
1630822440000,397.80000000,397.80000000,397.10000000,397.30000000,85.70000000,1630822499999,34057.62850000,85,66.63900000,26478.02820000,0
1630822500000,397.40000000,398.00000000,397.00000000,398.00000000,57.63000000,1630822559999,22905.58270000,53,49.05800000,19499.63840000,0
1630822560000,397.80000000,398.00000000,397.60000000,397.90000000,50.40000000,1630822619999,20051.94470000,30,12.65800000,5035.55000000,0
1630822620000,398.10000000,398.20000000,397.30000000,397.50000000,37.81700000,1630822679999,15035.58680000,19,11.46800000,4557.87150000,0
1630822680000,397.60000000,397.70000000,397.40000000,397.70000000,5.04300000,1630822739999,2005.31020000,19,2.64700000,1052.47370000,0
1630822740000,398.00000000,398.10000000,397.50000000,397.60000000,6.78500000,1630822799999,2699.49300000,15,3.36500000,1338.60930000,0
1630822800000,397.60000000,397.80000000,396.80000000,396.80000000,23.80400000,1630822859999,9450.70300000,38,3.78500000,1503.05760000,0
1630822860000,396.80000000,396.90000000,396.10000000,396.30000000,61.38700000,1630822919999,24346.17220000,152,43.57800000,17285.43650000,0
1630822920000,396.30000000,396.30000000,395.70000000,395.80000000,106.54200000,1630822979999,42179.10210000,210,55.36100000,21916.34450000,0
1630822980000,395.70000000,396.80000000,395.50000000,396.30000000,78.63000000,1630823039999,31129.01190000,197,46.26500000,18320.42710000,0
1630823040000,396.20000000,396.70000000,395.90000000,396.70000000,45.77700000,1630823099999,18145.77130000,48,32.69100000,12959.67560000,0
1630823100000,396.50000000,397.40000000,396.50000000,397.30000000,93.98800000,1630823159999,37299.52640000,63,15.43300000,6128.27470000,0
1630823160000,397.30000000,399.00000000,397.30000000,398.80000000,173.73700000,1630823219999,69155.39210000,175,112.34600000,44691.92630000,0
1630823220000,398.80000000,399.80000000,398.60000000,399.50000000,50.36300000,1630823279999,20094.87660000,52,17.39600000,6946.91480000,0
1630823280000,399.30000000,399.80000000,399.20000000,399.70000000,18.41700000,1630823339999,7357.67980000,23,4.01300000,1603.27410000,0
1630823340000,399.50000000,399.70000000,399.40000000,399.70000000,9.40200000,1630823399999,3756.23020000,16,0.50100000,200.24430000,0
1630823400000,399.80000000,399.90000000,399.20000000,399.70000000,13.22900000,1630823459999,5285.65590000,29,6.46000000,2581.65030000,0
1630823460000,399.90000000,400.90000000,399.90000000,400.60000000,44.30000000,1630823519999,17736.68120000,91,29.48300000,11804.74390000,0
1630823520000,400.60000000,401.00000000,400.10000000,400.40000000,53.32100000,1630823579999,21350.66470000,77,42.18800000,16892.71550000,0
1630823580000,400.40000000,400.40000000,399.40000000,399.90000000,154.78400000,1630823639999,61920.96200000,72,138.67200000,55475.39320000,0
1630823640000,400.00000000,400.70000000,399.90000000,400.70000000,51.73000000,1630823699999,20708.61870000,42,45.68500000,18288.03170000,0
1630823700000,400.80000000,401.10000000,400.70000000,401.00000000,136.66800000,1630823759999,54789.55780000,85,77.78300000,31180.98160000,0
1630823760000,400.90000000,401.40000000,400.90000000,401.20000000,76.93100000,1630823819999,30867.90600000,142,37.14400000,14904.12080000,0
1630823820000,401.30000000,401.40000000,400.30000000,401.00000000,80.16400000,1630823879999,32125.25540000,69,47.96200000,19217.88040000,0
1630823880000,400.90000000,401.20000000,400.80000000,401.10000000,60.06900000,1630823939999,24085.88590000,49,55.38000000,22205.86770000,0
1630823940000,401.10000000,401.10000000,400.30000000,400.50000000,22.97000000,1630823999999,9204.69450000,29,10.26100000,4110.20700000,0
1630824000000,400.60000000,401.00000000,400.40000000,400.50000000,39.85700000,1630824059999,15964.86490000,29,27.95800000,11199.50920000,0
1630824060000,400.40000000,401.10000000,400.40000000,401.10000000,29.45700000,1630824119999,11800.66630000,23,14.99000000,6006.53240000,0
1630824120000,401.10000000,401.70000000,401.00000000,401.70000000,46.78400000,1630824179999,18778.78510000,88,21.03200000,8439.64790000,0
1630824180000,401.50000000,401.60000000,401.30000000,401.60000000,26.13000000,1630824239999,10489.33660000,32,8.32200000,3340.68310000,0
1630824240000,401.60000000,401.70000000,401.30000000,401.60000000,39.29100000,1630824299999,15778.79030000,40,8.00200000,3213.63360000,0
1630824300000,401.60000000,402.20000000,401.60000000,402.10000000,75.75400000,1630824359999,30439.25240000,147,46.80200000,18805.71460000,0
1630824360000,402.00000000,402.70000000,401.90000000,402.50000000,68.81400000,1630824419999,27682.89420000,132,39.29900000,15811.34360000,0
1630824420000,402.40000000,402.80000000,402.40000000,402.70000000,33.56000000,1630824479999,13511.22000000,92,13.66200000,5500.88530000,0
1630824480000,402.70000000,402.70000000,401.90000000,401.90000000,71.13000000,1630824539999,28613.81270000,159,38.10900000,15325.94200000,0
1630824540000,402.00000000,402.10000000,401.60000000,401.80000000,92.16100000,1630824599999,37026.50940000,75,29.31200000,11778.89200000,0
1630824600000,401.80000000,401.80000000,401.00000000,401.40000000,239.63500000,1630824659999,96179.41230000,188,125.70000000,50461.64790000,0
1630824660000,401.30000000,402.60000000,401.30000000,402.30000000,244.10200000,1630824719999,98191.85360000,119,201.63300000,81106.00990000,0
1630824720000,402.20000000,403.10000000,402.00000000,402.90000000,151.54500000,1630824779999,61029.80820000,140,119.03400000,47936.33490000,0
1630824780000,403.00000000,403.00000000,402.30000000,402.90000000,115.39500000,1630824839999,46483.16740000,89,64.80900000,26105.95260000,0
1630824840000,403.00000000,403.30000000,402.80000000,403.10000000,134.87100000,1630824899999,54361.72870000,137,88.09400000,35506.71520000,0
1630824900000,403.00000000,403.70000000,402.90000000,403.40000000,240.31600000,1630824959999,96948.51580000,147,221.25500000,89262.69010000,0
1630824960000,403.40000000,403.70000000,403.00000000,403.20000000,189.80100000,1630825019999,76567.04600000,134,135.60200000,54700.78250000,0
1630825020000,403.20000000,404.20000000,403.20000000,404.10000000,126.91300000,1630825079999,51259.42350000,399,64.06000000,25874.30820000,0
1630825080000,404.10000000,404.20000000,403.30000000,403.80000000,166.99600000,1630825139999,67411.05460000,499,49.77500000,20093.00350000,0
1630825140000,403.80000000,404.10000000,403.50000000,403.90000000,98.93600000,1630825199999,39954.09690000,109,82.22200000,33204.63760000,0
1630825200000,403.90000000,404.30000000,403.80000000,403.80000000,49.83600000,1630825259999,20131.99320000,195,15.67500000,6333.24580000,0
1630825260000,403.90000000,404.40000000,403.70000000,404.30000000,222.05700000,1630825319999,89708.65500000,104,168.07800000,67905.99560000,0
1630825320000,404.30000000,405.50000000,403.80000000,405.40000000,444.43900000,1630825379999,179905.31520000,856,287.54300000,116385.49450000,0
1630825380000,405.50000000,405.90000000,405.00000000,405.30000000,813.50600000,1630825439999,329801.47510000,1471,267.36000000,108402.35630000,0
1630825440000,405.40000000,407.40000000,405.00000000,407.00000000,565.87800000,1630825499999,229726.35540000,803,302.49200000,122894.45320000,0
1630825500000,407.00000000,407.20000000,405.70000000,406.60000000,770.36000000,1630825559999,313013.12330000,3169,340.61200000,138417.41360000,0
1630825560000,406.60000000,406.80000000,405.90000000,406.60000000,350.95400000,1630825619999,142639.22110000,518,196.50100000,79872.36150000,0
1630825620000,406.50000000,407.00000000,406.40000000,406.80000000,250.37500000,1630825679999,101851.95820000,473,145.05700000,59012.42460000,0
1630825680000,406.80000000,407.50000000,406.70000000,407.20000000,297.29400000,1630825739999,121039.86050000,654,187.03400000,76142.67540000,0
1630825740000,407.20000000,407.30000000,406.80000000,406.90000000,109.62500000,1630825799999,44622.56560000,252,76.57000000,31167.44090000,0
1630825800000,406.90000000,407.30000000,406.90000000,407.10000000,115.43000000,1630825859999,46994.14940000,174,76.45500000,31128.61240000,0
1630825860000,407.10000000,407.70000000,406.90000000,407.40000000,163.26100000,1630825919999,66491.79830000,282,67.00700000,27298.79590000,0
1630825920000,407.40000000,407.80000000,407.20000000,407.50000000,131.59000000,1630825979999,53628.75360000,272,91.85500000,37439.84990000,0
1630825980000,407.50000000,409.50000000,407.40000000,407.80000000,1736.00100000,1630826039999,708924.75950000,5349,991.49700000,404958.83080000,0
1630826040000,407.80000000,408.70000000,407.60000000,408.20000000,349.10000000,1630826099999,142449.33020000,536,218.18000000,89029.64530000,0
1630826100000,408.30000000,409.00000000,408.20000000,408.80000000,430.82300000,1630826159999,176059.07430000,483,350.46100000,143227.46590000,0
1630826160000,408.70000000,409.10000000,408.50000000,409.00000000,320.78200000,1630826219999,131162.51230000,713,189.80700000,77618.34020000,0
1630826220000,409.00000000,409.50000000,408.60000000,409.00000000,475.30200000,1630826279999,194409.30270000,806,214.22500000,87632.03010000,0
1630826280000,409.10000000,410.20000000,409.10000000,409.30000000,1540.38200000,1630826339999,631108.24790000,2279,701.74700000,287598.68210000,0
1630826340000,409.30000000,410.10000000,409.10000000,409.40000000,326.87400000,1630826399999,133877.84280000,720,189.43500000,77589.55550000,0
1630826400000,409.40000000,410.10000000,409.40000000,409.80000000,372.82700000,1630826459999,152786.86580000,450,262.25700000,107479.25030000,0
1630826460000,409.90000000,411.00000000,409.80000000,410.90000000,474.89400000,1630826519999,194923.36050000,1082,247.65000000,101625.04820000,0
1630826520000,410.80000000,411.20000000,410.30000000,411.00000000,680.15500000,1630826579999,279421.19290000,1780,303.03400000,124513.12880000,0
1630826580000,411.10000000,412.10000000,411.00000000,411.40000000,1253.00100000,1630826639999,515821.46600000,2748,568.26700000,233916.74270000,0
1630826640000,411.40000000,413.00000000,411.20000000,412.50000000,1815.14800000,1630826699999,747950.20260000,5743,962.47400000,396617.95020000,0
1630826700000,412.50000000,413.20000000,411.90000000,412.70000000,1423.65900000,1630826759999,587436.34940000,2500,659.12900000,272067.71580000,0
1630826760000,412.80000000,413.30000000,412.10000000,413.00000000,646.46100000,1630826819999,266862.13420000,689,436.42500000,180173.30210000,0
1630826820000,413.00000000,413.50000000,412.20000000,412.90000000,761.45900000,1630826879999,314426.31990000,967,208.35400000,86034.06530000,0
1630826880000,413.00000000,413.80000000,413.00000000,413.40000000,538.71100000,1630826939999,222711.54750000,658,396.24500000,163829.97540000,0
1630826940000,413.40000000,414.00000000,413.30000000,413.70000000,291.31200000,1630826999999,120514.84290000,549,152.53800000,63112.23160000,0
1630827000000,413.80000000,414.10000000,413.50000000,413.80000000,657.62200000,1630827059999,272120.32420000,799,394.36000000,163187.40940000,0
1630827060000,413.80000000,414.20000000,413.60000000,413.90000000,420.66100000,1630827119999,174134.44750000,450,296.96300000,122930.53960000,0
1630827120000,414.00000000,414.30000000,413.80000000,414.10000000,268.26600000,1630827179999,111079.09440000,330,141.51500000,58596.37640000,0
1630827180000,414.10000000,414.40000000,413.80000000,414.00000000,418.87300000,1630827239999,173412.49050000,387,152.93400000,63317.42890000,0
1630827240000,413.90000000,414.20000000,413.20000000,413.30000000,217.92100000,1630827299999,90142.84190000,517,132.37100000,54761.39170000,0
1630827300000,413.20000000,413.50000000,412.80000000,413.50000000,499.26700000,1630827359999,206276.37240000,1578,235.38800000,97264.51190000,0
1630827360000,413.50000000,413.50000000,412.40000000,412.50000000,174.94300000,1630827419999,72221.04050000,263,69.53400000,28711.95810000,0
1630827420000,412.50000000,412.50000000,411.70000000,412.00000000,357.99100000,1630827479999,147478.48450000,540,150.01500000,61805.46960000,0
1630827480000,411.90000000,412.70000000,411.80000000,412.60000000,184.61900000,1630827539999,76069.26190000,142,159.98600000,65918.52050000,0
1630827540000,412.50000000,413.20000000,412.40000000,413.10000000,130.40300000,1630827599999,53813.88790000,114,84.54700000,34894.63080000,0
1630827600000,413.10000000,413.50000000,412.90000000,413.10000000,127.36300000,1630827659999,52616.25450000,110,103.10800000,42597.30690000,0
1630827660000,413.00000000,413.20000000,412.70000000,412.70000000,57.14300000,1630827719999,23599.74500000,74,44.53400000,18394.09510000,0
1630827720000,412.70000000,412.80000000,412.10000000,412.30000000,115.91500000,1630827779999,47793.44100000,85,12.59300000,5193.29640000,0
1630827780000,412.30000000,412.30000000,411.50000000,411.70000000,170.35300000,1630827839999,70148.75400000,175,73.23900000,30162.37880000,0
1630827840000,411.80000000,412.50000000,411.80000000,412.00000000,70.21300000,1630827899999,28939.23880000,88,47.78000000,19692.81870000,0
1630827900000,412.00000000,412.10000000,411.40000000,412.00000000,202.48900000,1630827959999,83359.90240000,201,134.31700000,55296.90620000,0
1630827960000,412.00000000,412.30000000,411.70000000,412.10000000,88.23000000,1630828019999,36354.72090000,89,25.96800000,10700.48970000,0
1630828020000,412.20000000,412.60000000,411.90000000,412.00000000,187.23400000,1630828079999,77203.83460000,101,68.84400000,28394.48850000,0
1630828080000,412.10000000,412.10000000,411.60000000,411.80000000,93.18200000,1630828139999,38368.14820000,52,68.60100000,28249.40780000,0
1630828140000,411.70000000,411.70000000,411.10000000,411.60000000,328.84400000,1630828199999,135278.46430000,210,278.00200000,114364.66790000,0
1630828200000,411.60000000,411.90000000,411.30000000,411.30000000,190.75100000,1630828259999,78523.64050000,103,89.08400000,36676.55020000,0
1630828260000,411.40000000,411.80000000,411.30000000,411.50000000,57.31900000,1630828319999,23581.41630000,63,11.20700000,4611.30900000,0
1630828320000,411.60000000,412.80000000,411.50000000,412.70000000,73.83600000,1630828379999,30428.11700000,99,40.44700000,16671.68060000,0
1630828380000,412.70000000,412.80000000,411.50000000,411.50000000,109.32300000,1630828439999,45059.50900000,72,38.32600000,15807.13630000,0
1630828440000,411.50000000,412.30000000,411.40000000,412.30000000,140.79700000,1630828499999,57950.06080000,85,52.02700000,21427.64530000,0
1630828500000,412.30000000,412.50000000,412.00000000,412.20000000,44.66000000,1630828559999,18412.40890000,47,38.03200000,15680.43290000,0
1630828560000,412.20000000,413.10000000,412.20000000,413.00000000,86.20100000,1630828619999,35571.89830000,76,66.81000000,27571.13520000,0
1630828620000,413.00000000,414.10000000,413.00000000,413.40000000,580.88300000,1630828679999,240212.02500000,194,237.73500000,98338.02740000,0
1630828680000,413.40000000,413.40000000,412.90000000,413.30000000,349.14600000,1630828739999,144247.69350000,156,200.44300000,82818.42270000,0
1630828740000,413.40000000,413.90000000,411.80000000,411.80000000,450.37600000,1630828799999,186046.85780000,246,145.66500000,60213.48500000,0
1630828800000,411.80000000,412.80000000,411.60000000,412.60000000,420.59200000,1630828859999,173369.15770000,281,326.11000000,134422.22450000,0
1630828860000,412.60000000,412.60000000,411.70000000,411.90000000,108.40800000,1630828919999,44660.44260000,109,63.20600000,26037.15620000,0
1630828920000,412.00000000,412.00000000,411.10000000,411.40000000,261.54500000,1630828979999,107578.66310000,159,191.88500000,78921.77650000,0
1630828980000,411.50000000,411.90000000,411.30000000,411.60000000,354.22500000,1630829039999,145809.14390000,167,341.27400000,140480.94270000,0
1630829040000,411.60000000,411.60000000,410.70000000,411.20000000,223.68900000,1630829099999,91981.89060000,245,54.03500000,22216.51650000,0
1630829100000,411.20000000,412.10000000,410.50000000,411.20000000,296.34300000,1630829159999,121908.58640000,403,95.43600000,39267.89350000,0
1630829160000,411.20000000,412.20000000,411.20000000,412.00000000,104.55300000,1630829219999,43034.02110000,126,57.87300000,23828.30730000,0
1630829220000,412.00000000,412.30000000,411.60000000,412.20000000,136.53500000,1630829279999,56235.23710000,97,58.27000000,24003.32600000,0
1630829280000,412.20000000,412.70000000,411.70000000,412.70000000,129.83000000,1630829339999,53520.81740000,152,119.68700000,49338.72700000,0
1630829340000,412.70000000,412.80000000,412.40000000,412.80000000,39.69200000,1630829399999,16377.10780000,101,25.20900000,10401.95880000,0
1630829400000,412.60000000,413.80000000,412.60000000,413.80000000,51.34000000,1630829459999,21221.02650000,88,39.43300000,16303.55550000,0
1630829460000,413.80000000,414.70000000,413.70000000,414.10000000,393.61200000,1630829519999,163085.83240000,511,275.04100000,113966.46540000,0
1630829520000,414.10000000,418.40000000,413.90000000,418.40000000,3241.66240000,1630829579999,1349577.25635700,3888,2422.80650000,1008606.04491700,0
1630829580000,418.40000000,418.40000000,415.70000000,417.00000000,2668.70200000,1630829639999,1112663.25700000,7909,1309.01200000,545831.25840000,0
1630829640000,417.00000000,417.40000000,416.30000000,416.60000000,996.13300000,1630829699999,415273.73320000,5756,584.21000000,243592.57690000,0
1630829700000,416.60000000,418.30000000,416.50000000,417.90000000,1428.08000000,1630829759999,596582.40610000,2101,1010.85200000,422287.44070000,0
1630829760000,417.80000000,418.60000000,417.70000000,418.10000000,868.83700000,1630829819999,363207.55761600,1981,531.78100000,222332.30401600,0
1630829820000,418.10000000,418.10000000,417.00000000,417.30000000,368.43100000,1630829879999,153827.91070000,1026,163.14600000,68124.79800000,0
1630829880000,417.40000000,417.50000000,415.40000000,415.80000000,1150.20700000,1630829939999,478551.77080000,1480,617.23000000,256716.11580000,0
1630829940000,415.80000000,415.80000000,414.90000000,415.40000000,222.17210000,1630829999999,92317.88265000,1098,158.41800000,65835.50193000,0
1630830000000,415.40000000,416.40000000,414.90000000,416.30000000,592.77000000,1630830059999,246442.64400000,360,327.35100000,136149.45710000,0
1630830060000,416.30000000,416.40000000,415.00000000,415.00000000,189.26000000,1630830119999,78665.83080000,160,91.22000000,37947.13680000,0
1630830120000,415.10000000,416.00000000,415.00000000,415.10000000,145.95300000,1630830179999,60657.53430000,243,55.10100000,22899.34560000,0
1630830180000,415.10000000,415.90000000,414.90000000,415.60000000,143.94300000,1630830239999,59801.94300000,260,81.97600000,34054.89440000,0
1630830240000,415.60000000,415.80000000,415.20000000,415.30000000,135.63300000,1630830299999,56350.36340000,143,102.88800000,42749.92060000,0
1630830300000,415.30000000,416.10000000,415.20000000,415.80000000,72.04900000,1630830359999,29960.57410000,94,47.47900000,19745.12900000,0
1630830360000,415.60000000,416.10000000,415.60000000,416.10000000,321.68500000,1630830419999,133794.71480000,162,81.67600000,33974.98260000,0
1630830420000,416.10000000,416.10000000,415.30000000,415.30000000,61.80500000,1630830479999,25693.86770000,74,42.60700000,17713.75180000,0
1630830480000,415.40000000,416.00000000,415.40000000,415.50000000,47.38100000,1630830539999,19698.26590000,87,43.91300000,18256.71300000,0
1630830540000,415.50000000,415.50000000,414.90000000,415.00000000,61.92200000,1630830599999,25704.40970000,81,21.10200000,8762.26940000,0
1630830600000,414.90000000,415.90000000,414.90000000,415.80000000,295.12800000,1630830659999,122631.01480000,156,167.61100000,69648.86960000,0
1630830660000,415.70000000,415.90000000,415.40000000,415.90000000,185.83900000,1630830719999,77240.78410000,99,151.13600000,62820.81000000,0
1630830720000,415.90000000,416.00000000,415.50000000,415.50000000,68.30500000,1630830779999,28397.27990000,70,38.37400000,15955.95390000,0
1630830780000,415.40000000,415.80000000,415.10000000,415.30000000,240.63900000,1630830839999,99967.21740000,73,53.33800000,22165.79320000,0
1630830840000,415.20000000,415.30000000,414.30000000,414.30000000,73.42400000,1630830899999,30459.10080000,90,19.78800000,8215.07430000,0
1630830900000,414.50000000,416.30000000,414.30000000,416.20000000,225.02400000,1630830959999,93499.61340000,435,138.80200000,57655.95470000,0
1630830960000,416.30000000,417.80000000,416.30000000,417.80000000,153.95300000,1630831019999,64177.55340000,188,106.74500000,44504.52840000,0
1630831020000,417.80000000,418.00000000,417.50000000,417.60000000,203.60800000,1630831079999,85073.86940000,173,116.22700000,48570.70400000,0
1630831080000,417.60000000,417.90000000,417.00000000,417.50000000,110.02700000,1630831139999,45929.52940000,133,72.46900000,30250.67160000,0
1630831140000,417.60000000,417.80000000,417.40000000,417.50000000,146.44000000,1630831199999,61149.69960000,108,94.88900000,39625.29240000,0
1630831200000,417.40000000,417.70000000,416.80000000,417.10000000,196.91000000,1630831259999,82155.09850000,145,98.13000000,40935.77020000,0
1630831260000,417.10000000,417.30000000,416.50000000,416.70000000,118.71300000,1630831319999,49503.85040000,93,62.28000000,25973.37970000,0
1630831320000,416.70000000,417.60000000,416.70000000,417.50000000,58.40900000,1630831379999,24367.92560000,99,36.83000000,15363.76460000,0
1630831380000,417.60000000,417.90000000,417.10000000,417.70000000,106.22000000,1630831439999,44360.65200000,140,65.69900000,27432.12840000,0
1630831440000,417.70000000,417.70000000,416.70000000,417.00000000,136.50900000,1630831499999,56922.07750000,134,108.63100000,45293.81160000,0
1630831500000,416.80000000,417.00000000,415.60000000,415.80000000,126.04600000,1630831559999,52460.89400000,121,29.37700000,12241.39160000,0
1630831560000,415.70000000,415.90000000,415.10000000,415.80000000,90.22800000,1630831619999,37498.62450000,91,71.70400000,29804.00910000,0
1630831620000,415.70000000,416.50000000,415.40000000,416.20000000,215.09800000,1630831679999,89465.01550000,105,80.27000000,33403.08830000,0
1630831680000,416.30000000,416.90000000,416.20000000,416.90000000,127.78600000,1630831739999,53230.79840000,84,77.01400000,32084.07180000,0
1630831740000,416.80000000,417.00000000,416.70000000,416.90000000,163.57100000,1630831799999,68189.31640000,68,129.54500000,54007.74650000,0
1630831800000,416.90000000,417.00000000,416.60000000,416.80000000,112.49000000,1630831859999,46892.09730000,48,67.98200000,28342.15180000,0
1630831860000,416.80000000,417.30000000,416.50000000,417.00000000,226.54400000,1630831919999,94478.67140000,90,179.18100000,74735.65960000,0
1630831920000,417.30000000,419.00000000,416.90000000,418.70000000,775.03000000,1630831979999,324203.46842600,1068,493.37200000,206373.21572600,0
1630831980000,418.70000000,419.20000000,418.20000000,418.40000000,688.11300000,1630832039999,288091.84313800,1182,301.17400000,126126.09833800,0
1630832040000,418.70000000,419.40000000,418.40000000,419.00000000,317.60900000,1630832099999,133086.32508200,935,104.89000000,43955.11208200,0
1630832100000,419.00000000,419.70000000,418.90000000,419.50000000,431.88500000,1630832159999,181068.28806200,614,325.19200000,136354.65876200,0
1630832160000,419.30000000,419.87000000,419.10000000,419.40000000,393.21000000,1630832219999,164971.76856300,983,198.39600000,83251.94846300,0
1630832220000,419.60000000,419.80000000,419.20000000,419.70000000,174.79900000,1630832279999,73336.03260000,393,82.78900000,34744.02010000,0
1630832280000,419.40000000,419.80000000,419.20000000,419.20000000,92.49700000,1630832339999,38803.25230000,151,63.73000000,26739.59140000,0
1630832340000,419.30000000,420.00000000,418.60000000,419.40000000,517.40800000,1630832399999,216953.42656400,3019,249.62300000,104717.44546400,0
1630832400000,419.40000000,421.01000000,419.20000000,421.01000000,2088.16210000,1630832459999,878190.41583000,2405,1075.72990000,452396.17467000,0
1630832460000,421.00000000,421.01000000,420.20000000,420.50000000,686.64400000,1630832519999,288887.92987000,1434,132.30700000,55666.18247000,0
1630832520000,420.40000000,420.70000000,420.10000000,420.40000000,495.89200000,1630832579999,208475.19330000,716,398.39700000,167501.73490000,0
1630832580000,420.40000000,420.90000000,420.20000000,420.80000000,117.51600000,1630832639999,49408.43170000,172,92.08800000,38720.98660000,0
1630832640000,420.60000000,420.90000000,420.30000000,420.40000000,236.92100000,1630832699999,99633.00210000,201,25.48500000,10721.06120000,0
1630832700000,420.40000000,420.60000000,420.20000000,420.50000000,72.37300000,1630832759999,30428.79000000,127,33.50800000,14091.38430000,0
1630832760000,420.50000000,420.60000000,420.10000000,420.30000000,167.89200000,1630832819999,70592.17300000,191,142.00000000,59711.20870000,0
1630832820000,420.30000000,420.50000000,420.10000000,420.10000000,115.93100000,1630832879999,48725.55970000,169,73.02500000,30694.06510000,0
1630832880000,420.10000000,420.50000000,419.10000000,419.30000000,612.26100000,1630832939999,256970.39246000,1090,233.88500000,98108.69870000,0
1630832940000,419.20000000,420.00000000,419.00000000,420.00000000,163.76100000,1630832999999,68698.28330000,370,112.40000000,47159.01550000,0
1630833000000,420.00000000,420.20000000,419.40000000,419.70000000,97.64500000,1630833059999,41002.82650000,137,58.21400000,24451.63310000,0
1630833060000,419.70000000,419.90000000,419.30000000,419.70000000,77.07000000,1630833119999,32343.62510000,91,52.30000000,21951.41400000,0
1630833120000,419.60000000,419.70000000,419.10000000,419.50000000,55.68300000,1630833179999,23347.51650000,58,14.27600000,5987.72750000,0
1630833180000,419.40000000,419.60000000,419.20000000,419.20000000,38.41400000,1630833239999,16109.75440000,53,23.66800000,9928.14340000,0
1630833240000,419.20000000,419.50000000,419.10000000,419.40000000,64.28700000,1630833299999,26953.70460000,51,12.14100000,5091.56460000,0
1630833300000,419.40000000,419.40000000,419.10000000,419.10000000,20.14300000,1630833359999,8443.85910000,52,13.03400000,5464.21950000,0
1630833360000,419.10000000,419.60000000,418.80000000,419.30000000,645.54100000,1630833419999,270506.10890000,205,121.27800000,50835.48930000,0
1630833420000,419.40000000,419.70000000,419.20000000,419.50000000,99.37400000,1630833479999,41683.78380000,78,51.76000000,21716.58870000,0
1630833480000,419.50000000,419.80000000,419.30000000,419.30000000,61.37900000,1630833539999,25748.56490000,64,23.92600000,10038.80280000,0
1630833540000,419.30000000,420.50000000,419.30000000,420.30000000,69.51300000,1630833599999,29192.98150000,86,44.27600000,18595.72660000,0
1630833600000,420.50000000,420.70000000,419.80000000,420.20000000,337.04700000,1630833659999,141610.69550000,130,52.71400000,22166.94870000,0
1630833660000,420.20000000,420.40000000,420.10000000,420.20000000,29.21400000,1630833719999,12277.81290000,54,23.31900000,9800.78540000,0
1630833720000,420.30000000,420.30000000,419.80000000,419.90000000,140.31200000,1630833779999,58929.67130000,84,12.96900000,5449.48350000,0
1630833780000,420.00000000,420.30000000,419.90000000,420.00000000,77.38400000,1630833839999,32508.65710000,108,43.08400000,18099.48070000,0
1630833840000,420.00000000,420.40000000,420.00000000,420.20000000,64.03200000,1630833899999,26907.64970000,55,32.36000000,13600.01720000,0
1630833900000,420.20000000,420.60000000,420.10000000,420.60000000,32.38700000,1630833959999,13614.82650000,38,19.39600000,8155.90780000,0
1630833960000,420.70000000,421.00000000,420.60000000,420.90000000,117.59800000,1630834019999,49491.61120000,173,60.92200000,25644.28710000,0
1630834020000,420.90000000,421.80000000,420.60000000,421.00000000,948.89900000,1630834079999,399738.77597700,1297,575.75590000,242520.16621700,0
1630834080000,421.00000000,421.10000000,420.60000000,420.70000000,211.52800000,1630834139999,89019.21050000,379,55.87500000,23521.26610000,0
1630834140000,420.70000000,421.20000000,420.60000000,420.90000000,123.49900000,1630834199999,51985.25160000,192,103.57700000,43600.32450000,0
1630834200000,421.00000000,421.40000000,420.90000000,421.20000000,170.51200000,1630834259999,71815.94880000,386,91.80300000,38668.46970000,0
1630834260000,421.20000000,421.30000000,420.00000000,420.60000000,262.54400000,1630834319999,110388.38560000,643,112.52400000,47303.72820000,0
1630834320000,420.60000000,421.00000000,420.50000000,420.80000000,223.93100000,1630834379999,94220.33750000,160,157.71600000,66360.14320000,0
1630834380000,420.70000000,421.00000000,420.60000000,421.00000000,46.34400000,1630834439999,19502.73700000,55,27.67500000,11648.20490000,0
1630834440000,420.90000000,421.20000000,420.50000000,420.60000000,190.76500000,1630834499999,80265.12180000,82,46.62700000,19618.43510000,0
1630834500000,420.60000000,420.70000000,420.00000000,420.00000000,114.05600000,1630834559999,47940.27740000,114,60.47000000,25420.13050000,0
1630834560000,420.00000000,420.10000000,419.70000000,419.80000000,130.61400000,1630834619999,54843.12800000,162,58.76400000,24675.17750000,0
1630834620000,419.80000000,420.20000000,419.50000000,420.20000000,412.05300000,1630834679999,172997.00970000,202,261.55500000,109834.12630000,0
1630834680000,420.10000000,420.50000000,420.00000000,420.30000000,135.30500000,1630834739999,56863.61160000,91,93.70200000,39383.34920000,0
1630834740000,420.40000000,421.20000000,420.20000000,421.10000000,339.86300000,1630834799999,143061.09710000,192,242.91500000,102243.95490000,0
1630834800000,420.90000000,421.30000000,420.80000000,420.80000000,81.43800000,1630834859999,34286.46360000,98,46.29900000,19494.36170000,0
1630834860000,421.00000000,421.00000000,420.20000000,420.50000000,98.11000000,1630834919999,41258.23100000,107,74.92500000,31510.92340000,0
1630834920000,420.50000000,420.80000000,420.50000000,420.80000000,60.29800000,1630834979999,25367.94000000,120,49.36300000,20769.50030000,0
1630834980000,420.80000000,420.90000000,420.50000000,420.60000000,111.15400000,1630835039999,46764.13510000,117,58.72700000,24712.11870000,0
1630835040000,420.60000000,420.60000000,420.10000000,420.10000000,31.31700000,1630835099999,13162.96410000,53,11.35300000,4773.01990000,0
1630835100000,420.20000000,421.00000000,420.20000000,420.80000000,353.54000000,1630835159999,148690.25470000,147,347.81300000,146281.66610000,0
1630835160000,421.00000000,421.10000000,420.40000000,420.60000000,173.41900000,1630835219999,72961.42690000,155,105.26400000,44300.90170000,0
1630835220000,420.50000000,420.90000000,420.50000000,420.90000000,28.33300000,1630835279999,11923.69910000,70,25.52800000,10744.09070000,0
1630835280000,420.90000000,421.00000000,420.40000000,420.60000000,60.86800000,1630835339999,25607.43140000,98,27.75700000,11680.03640000,0
1630835340000,420.60000000,420.60000000,420.00000000,420.20000000,58.96200000,1630835399999,24788.05660000,87,44.60600000,18753.45570000,0
1630835400000,420.30000000,421.00000000,420.20000000,420.90000000,184.40100000,1630835459999,77574.76820000,100,64.98500000,27338.11720000,0
1630835460000,420.90000000,421.90000000,420.70000000,421.30000000,1544.68700000,1630835519999,651031.08135500,608,615.43300000,259259.69965500,0
1630835520000,421.30000000,421.40000000,420.70000000,420.90000000,94.96900000,1630835579999,39987.48130000,233,38.00900000,16006.66950000,0
1630835580000,421.00000000,421.80000000,420.90000000,421.10000000,183.65800000,1630835639999,77393.32440000,197,113.86900000,47993.56190000,0
1630835640000,421.10000000,421.50000000,421.10000000,421.30000000,87.00900000,1630835699999,36652.32400000,190,34.61600000,14584.40380000,0
1630835700000,421.10000000,421.50000000,420.90000000,421.30000000,184.64300000,1630835759999,77788.41340000,211,148.89800000,62735.07880000,0
1630835760000,421.10000000,421.30000000,420.90000000,421.20000000,154.43900000,1630835819999,65040.16520000,95,126.13700000,53125.62180000,0
1630835820000,421.10000000,421.50000000,421.00000000,421.20000000,222.97900000,1630835879999,93947.75860000,168,170.65400000,71905.77080000,0
1630835880000,421.30000000,421.70000000,420.90000000,421.30000000,487.78200000,1630835939999,205546.61080000,322,188.85200000,79590.83110000,0
1630835940000,421.40000000,421.60000000,421.00000000,421.30000000,149.86300000,1630835999999,63134.62640000,188,85.92800000,36203.36840000,0
1630836000000,421.30000000,422.40000000,421.30000000,422.20000000,818.01600000,1630836059999,345159.61098200,2129,518.86100000,218930.61098200,0
1630836060000,422.20000000,422.40000000,421.00000000,421.20000000,445.54000000,1630836119999,187864.50550000,1695,162.37700000,68454.68290000,0
1630836120000,421.30000000,422.20000000,421.20000000,421.90000000,136.68700000,1630836179999,57645.77200000,456,57.37600000,24201.23910000,0
1630836180000,421.90000000,422.60000000,421.70000000,422.20000000,196.32900000,1630836239999,82902.60978600,569,74.07100000,31286.44238600,0
1630836240000,422.20000000,423.41000000,422.20000000,422.90000000,767.51900000,1630836299999,324526.19771000,2549,356.89100000,150944.12411000,0
1630836300000,422.90000000,423.40000000,422.60000000,423.20000000,730.88800000,1630836359999,309229.30490000,1393,478.39000000,202422.15510000,0
1630836360000,423.00000000,424.00000000,423.00000000,423.70000000,525.08390000,1630836419999,222419.41705400,2152,186.89690000,79189.61049400,0
1630836420000,423.60000000,424.60000000,423.50000000,424.20000000,1110.87800000,1630836479999,471070.65392300,3430,837.07500000,355043.57082300,0
1630836480000,424.20000000,424.60000000,424.00000000,424.30000000,475.90200000,1630836539999,201933.17700000,776,236.29000000,100286.35980000,0
1630836540000,424.20000000,424.50000000,423.90000000,423.90000000,449.45600000,1630836599999,190662.51190000,430,179.23100000,76046.70680000,0
1630836600000,423.90000000,424.40000000,423.90000000,424.20000000,285.31300000,1630836659999,121043.24570000,229,226.02500000,95895.39000000,0
1630836660000,424.10000000,424.50000000,423.50000000,424.30000000,552.31800000,1630836719999,234195.58280000,296,424.25800000,179920.41540000,0
1630836720000,424.20000000,424.70000000,423.70000000,424.00000000,467.78000000,1630836779999,198483.09030000,401,330.89400000,140425.38370000,0
1630836780000,423.90000000,424.00000000,423.70000000,423.90000000,184.84900000,1630836839999,78340.21200000,226,38.34200000,16252.97490000,0
1630836840000,423.80000000,424.00000000,423.80000000,424.00000000,133.17100000,1630836899999,56449.39270000,157,41.03100000,17394.40200000,0
1630836900000,423.80000000,424.60000000,423.80000000,424.50000000,252.74300000,1630836959999,107250.05020000,214,111.72900000,47415.72940000,0
1630836960000,424.50000000,424.71000000,424.30000000,424.40000000,280.90900000,1630837019999,119256.31438000,386,108.73800000,46172.19678000,0
1630837020000,424.50000000,424.80000000,424.30000000,424.70000000,104.36700000,1630837079999,44304.31006200,282,55.71700000,23654.21906200,0
1630837080000,424.60000000,425.00000000,424.30000000,424.60000000,861.96660000,1630837139999,366106.58216700,635,336.43360000,142902.99054700,0
1630837140000,424.70000000,424.90000000,424.60000000,424.70000000,95.19600000,1630837199999,40434.20400000,325,42.44100000,18030.61630000,0
1630837200000,424.70000000,425.00000000,424.60000000,424.80000000,168.77300000,1630837259999,71708.89830000,252,113.59800000,48274.78310000,0
1630837260000,424.60000000,425.00000000,424.40000000,424.60000000,129.14600000,1630837319999,54848.46350000,350,79.70900000,33857.00550000,0
1630837320000,424.60000000,424.90000000,423.80000000,424.20000000,211.03200000,1630837379999,89560.31210000,410,166.94000000,70858.93520000,0
1630837380000,424.40000000,424.50000000,423.00000000,423.20000000,1146.00500000,1630837439999,485370.56620000,3878,682.99400000,289223.60740000,0
1630837440000,423.20000000,423.60000000,422.90000000,422.90000000,194.33900000,1630837499999,82253.85690000,340,107.77500000,45628.61490000,0
1630837500000,423.10000000,423.10000000,422.70000000,422.80000000,322.83300000,1630837559999,136491.68610000,872,112.68200000,47651.77950000,0
1630837560000,422.90000000,423.20000000,422.20000000,422.50000000,114.50600000,1630837619999,48412.36870000,439,57.12900000,24160.89330000,0
1630837620000,422.50000000,422.70000000,421.50000000,421.90000000,276.70300000,1630837679999,116792.91000000,618,108.24100000,45700.21700000,0
1630837680000,422.00000000,422.10000000,421.50000000,421.80000000,171.60100000,1630837739999,72402.41130000,535,109.53100000,46218.93440000,0
1630837740000,421.80000000,421.80000000,421.00000000,421.30000000,359.25800000,1630837799999,151389.07190000,526,97.62000000,41150.82060000,0
1630837800000,421.40000000,422.60000000,421.30000000,422.40000000,166.61900000,1630837859999,70331.54580000,229,84.83300000,35810.18450000,0
1630837860000,422.40000000,422.60000000,421.60000000,421.80000000,134.05800000,1630837919999,56582.49810000,114,41.43000000,17499.52860000,0
1630837920000,421.80000000,421.80000000,419.10000000,419.70000000,1480.86500000,1630837979999,621705.16520000,2429,529.60700000,222301.82870000,0
1630837980000,419.80000000,420.40000000,419.00000000,420.30000000,474.97100000,1630838039999,199251.80160000,1117,168.03300000,70512.02070000,0
1630838040000,420.20000000,420.30000000,419.60000000,419.70000000,184.70000000,1630838099999,77556.17620000,193,44.44400000,18666.32190000,0
1630838100000,419.70000000,420.00000000,419.30000000,419.40000000,127.87200000,1630838159999,53653.64830000,154,13.39200000,5621.05940000,0
1630838160000,419.40000000,420.40000000,419.30000000,420.40000000,118.94600000,1630838219999,49927.80990000,185,62.19800000,26115.50700000,0
1630838220000,420.30000000,420.70000000,420.10000000,420.40000000,113.04500000,1630838279999,47530.98180000,141,50.14800000,21089.98360000,0
1630838280000,420.30000000,421.40000000,420.20000000,421.10000000,162.17700000,1630838339999,68257.12560000,414,99.92400000,42055.44570000,0
1630838340000,421.20000000,421.20000000,420.10000000,420.40000000,151.52300000,1630838399999,63734.43050000,67,59.26900000,24952.51900000,0
1630838400000,420.40000000,420.90000000,420.40000000,420.80000000,60.12800000,1630838459999,25291.43200000,87,10.74000000,4518.80430000,0
1630838460000,420.80000000,421.00000000,420.60000000,420.80000000,12.19500000,1630838519999,5131.43950000,49,1.41100000,593.78380000,0
1630838520000,420.90000000,421.40000000,420.70000000,420.90000000,147.24900000,1630838579999,62000.65370000,106,56.16700000,23650.71370000,0
1630838580000,421.00000000,421.30000000,420.60000000,420.90000000,80.23300000,1630838639999,33777.67040000,81,8.10600000,3412.67500000,0
1630838640000,421.00000000,421.20000000,420.90000000,421.10000000,38.43000000,1630838699999,16182.27220000,49,29.17200000,12283.88190000,0
1630838700000,421.20000000,421.20000000,420.00000000,420.10000000,27.11200000,1630838759999,11399.09380000,50,2.76600000,1163.32980000,0
1630838760000,420.20000000,420.60000000,420.00000000,420.40000000,34.71800000,1630838819999,14593.79600000,40,18.71300000,7867.88980000,0
1630838820000,420.20000000,420.30000000,419.10000000,419.30000000,151.44000000,1630838879999,63589.94790000,58,13.09100000,5494.53490000,0
1630838880000,419.20000000,419.80000000,418.70000000,419.70000000,242.39800000,1630838939999,101621.79740000,330,36.05300000,15120.95980000,0
1630838940000,419.80000000,419.90000000,419.20000000,419.70000000,422.48000000,1630838999999,177208.11370000,105,48.67600000,20427.53430000,0
1630839000000,419.70000000,419.90000000,419.30000000,419.50000000,122.62500000,1630839059999,51461.68830000,104,57.61300000,24175.08220000,0
1630839060000,419.50000000,420.50000000,419.20000000,420.40000000,125.92100000,1630839119999,52876.61230000,177,109.92400000,46160.69290000,0
1630839120000,420.50000000,420.50000000,420.10000000,420.20000000,47.42800000,1630839179999,19940.08250000,36,32.36700000,13609.29430000,0
1630839180000,420.30000000,420.50000000,420.10000000,420.30000000,35.54400000,1630839239999,14940.13220000,44,18.36900000,7722.49930000,0
1630839240000,420.30000000,420.40000000,420.20000000,420.20000000,16.98200000,1630839299999,7137.84330000,39,9.92300000,4171.05700000,0
1630839300000,420.20000000,420.40000000,420.00000000,420.00000000,81.80500000,1630839359999,34372.51070000,50,7.28500000,3062.58050000,0
1630839360000,420.00000000,420.40000000,419.90000000,419.90000000,34.21100000,1630839419999,14372.57190000,40,6.55900000,2755.98380000,0
1630839420000,419.90000000,420.50000000,419.90000000,420.20000000,79.98900000,1630839479999,33613.96590000,37,8.53000000,3584.39700000,0
1630839480000,420.50000000,420.50000000,419.10000000,419.40000000,164.72100000,1630839539999,69136.39890000,70,37.16400000,15612.53290000,0
1630839540000,419.40000000,420.10000000,419.20000000,420.10000000,47.62400000,1630839599999,19992.01700000,44,35.56100000,14929.61800000,0
1630839600000,420.00000000,420.70000000,419.90000000,420.70000000,89.29800000,1630839659999,37516.28710000,99,56.52400000,23751.84470000,0
1630839660000,420.70000000,420.80000000,420.10000000,420.40000000,117.20000000,1630839719999,49272.65400000,136,89.25800000,37530.22490000,0
1630839720000,420.20000000,420.40000000,419.90000000,420.20000000,37.58900000,1630839779999,15791.03020000,37,5.66500000,2379.85640000,0
1630839780000,420.20000000,420.20000000,419.40000000,419.70000000,223.81900000,1630839839999,93930.66920000,70,28.10300000,11792.24710000,0
1630839840000,419.70000000,419.70000000,419.50000000,419.70000000,64.23900000,1630839899999,26957.77530000,49,39.81500000,16709.52330000,0
1630839900000,419.60000000,419.70000000,419.40000000,419.60000000,24.80100000,1630839959999,10406.58650000,36,17.32200000,7268.57620000,0
1630839960000,419.50000000,420.20000000,419.50000000,420.10000000,32.45600000,1630840019999,13624.96090000,39,14.28200000,5998.44700000,0
1630840020000,420.10000000,420.40000000,419.50000000,420.20000000,136.98700000,1630840079999,57504.63870000,63,68.91300000,28939.15270000,0
1630840080000,420.50000000,420.80000000,419.70000000,419.90000000,185.55500000,1630840139999,78002.47120000,88,83.30800000,35025.06850000,0
1630840140000,419.90000000,419.90000000,419.40000000,419.50000000,94.53500000,1630840199999,39667.32580000,62,67.03000000,28128.28550000,0
1630840200000,419.50000000,420.00000000,419.50000000,419.80000000,58.08000000,1630840259999,24384.71370000,47,56.66400000,23790.55050000,0
1630840260000,419.60000000,419.90000000,419.50000000,419.70000000,75.02800000,1630840319999,31488.15160000,42,6.92400000,2906.63780000,0
1630840320000,419.80000000,420.30000000,419.60000000,420.30000000,52.73600000,1630840379999,22156.91940000,36,41.26300000,17337.94540000,0
1630840380000,420.30000000,420.30000000,418.70000000,419.10000000,431.80900000,1630840439999,181088.36350000,323,127.76800000,53575.30370000,0
1630840440000,419.00000000,419.10000000,418.30000000,418.90000000,260.26100000,1630840499999,108992.21520000,464,151.76700000,63573.59500000,0
1630840500000,418.90000000,419.00000000,418.40000000,418.90000000,214.53500000,1630840559999,89848.09470000,290,114.57300000,47993.94480000,0
1630840560000,418.90000000,419.40000000,418.60000000,419.30000000,130.28400000,1630840619999,54605.37190000,165,111.39100000,46688.76410000,0
1630840620000,419.20000000,419.50000000,419.20000000,419.50000000,105.38300000,1630840679999,44190.83870000,84,86.85600000,36421.50530000,0
1630840680000,419.50000000,419.70000000,419.20000000,419.60000000,89.41900000,1630840739999,37505.33310000,107,24.50400000,10281.15680000,0
1630840740000,419.50000000,419.80000000,418.80000000,418.90000000,62.13300000,1630840799999,26059.96240000,62,41.94300000,17594.40410000,0
1630840800000,418.80000000,419.50000000,418.50000000,419.50000000,147.31400000,1630840859999,61719.84720000,129,52.76900000,22111.46460000,0
1630840860000,419.50000000,419.60000000,419.30000000,419.50000000,211.52300000,1630840919999,88730.55380000,42,182.31600000,76479.54120000,0
1630840920000,419.40000000,419.50000000,419.10000000,419.10000000,62.02800000,1630840979999,26007.04000000,52,3.53100000,1480.95540000,0
1630840980000,419.20000000,419.20000000,417.00000000,417.30000000,1016.38600000,1630841039999,424874.12190000,953,124.85800000,52179.55120000,0
1630841040000,417.30000000,418.20000000,417.00000000,417.30000000,312.46600000,1630841099999,130472.90730000,807,153.20000000,63999.85810000,0
1630841100000,417.30000000,417.80000000,417.00000000,417.50000000,315.16000000,1630841159999,131516.84440000,561,81.28900000,33933.14340000,0
1630841160000,417.50000000,417.80000000,417.10000000,417.70000000,118.32000000,1630841219999,49399.64900000,160,30.76900000,12847.30280000,0
1630841220000,417.80000000,417.80000000,417.50000000,417.80000000,22.10500000,1630841279999,9234.76990000,33,13.91900000,5815.29860000,0
1630841280000,417.80000000,418.00000000,417.70000000,417.80000000,33.00400000,1630841339999,13789.03900000,41,13.75100000,5745.77510000,0
1630841340000,417.80000000,418.80000000,417.80000000,418.40000000,50.33400000,1630841399999,21059.47880000,80,18.69400000,7820.86280000,0
1630841400000,418.50000000,419.40000000,418.50000000,419.40000000,65.54500000,1630841459999,27466.98480000,325,48.53600000,20343.91330000,0
1630841460000,419.30000000,420.00000000,419.20000000,419.90000000,64.76200000,1630841519999,27186.07980000,69,50.09900000,21034.70620000,0
1630841520000,420.00000000,420.50000000,420.00000000,420.20000000,84.64900000,1630841579999,35586.15470000,65,68.53500000,28815.06430000,0
1630841580000,420.30000000,420.50000000,419.50000000,419.70000000,73.29500000,1630841639999,30778.11160000,61,46.64300000,19584.38430000,0
1630841640000,419.70000000,419.70000000,418.90000000,418.90000000,68.61200000,1630841699999,28754.70500000,57,45.92800000,19248.52840000,0
1630841700000,418.80000000,419.10000000,418.70000000,418.80000000,43.20400000,1630841759999,18095.46760000,34,22.38200000,9375.91710000,0
1630841760000,418.80000000,419.40000000,418.70000000,419.10000000,143.20900000,1630841819999,60003.51520000,57,72.69100000,30457.87440000,0
1630841820000,418.80000000,418.90000000,418.00000000,418.10000000,95.84600000,1630841879999,40103.43200000,81,41.83200000,17503.99400000,0
1630841880000,418.10000000,418.80000000,417.90000000,418.80000000,54.23300000,1630841939999,22686.99460000,41,35.90100000,15020.84420000,0
1630841940000,418.60000000,419.40000000,418.60000000,419.10000000,104.08400000,1630841999999,43632.23220000,53,54.88600000,23005.06740000,0
1630842000000,419.10000000,419.20000000,419.00000000,419.10000000,19.22900000,1630842059999,8058.99280000,26,16.22400000,6799.89290000,0
1630842060000,419.10000000,419.30000000,418.80000000,418.80000000,63.73400000,1630842119999,26704.75120000,61,39.38100000,16501.53720000,0
1630842120000,418.80000000,419.10000000,418.70000000,419.00000000,276.82000000,1630842179999,115957.38830000,96,272.19200000,114018.59380000,0
1630842180000,418.90000000,419.20000000,418.80000000,418.80000000,50.01900000,1630842239999,20950.69850000,45,41.29900000,17297.60830000,0
1630842240000,418.80000000,419.20000000,418.80000000,418.90000000,47.81500000,1630842299999,20032.59810000,32,42.60200000,17849.32900000,0
1630842300000,418.80000000,419.00000000,418.50000000,418.50000000,34.63900000,1630842359999,14502.30610000,31,2.59200000,1085.80030000,0
1630842360000,418.60000000,418.80000000,418.30000000,418.70000000,70.44000000,1630842419999,29479.38420000,36,45.90000000,19212.52740000,0
1630842420000,418.60000000,418.80000000,418.60000000,418.60000000,15.63500000,1630842479999,6545.26760000,20,0.70700000,296.08560000,0
1630842480000,418.60000000,419.10000000,418.60000000,418.90000000,82.21400000,1630842539999,34430.97090000,47,25.40000000,10638.80790000,0
1630842540000,419.00000000,419.70000000,418.90000000,419.50000000,111.64000000,1630842599999,46804.07710000,57,94.52600000,39628.35660000,0
1630842600000,419.50000000,419.70000000,419.30000000,419.60000000,44.56600000,1630842659999,18694.12860000,30,19.43700000,8155.34940000,0
1630842660000,419.40000000,420.70000000,419.30000000,420.50000000,63.27200000,1630842719999,26574.71960000,68,41.76700000,17545.63370000,0
1630842720000,420.70000000,420.70000000,419.90000000,420.20000000,29.11000000,1630842779999,12235.95010000,42,13.50600000,5678.48520000,0
1630842780000,420.10000000,420.40000000,419.90000000,420.20000000,25.05800000,1630842839999,10526.88270000,34,12.65300000,5316.16890000,0
1630842840000,420.10000000,420.30000000,420.00000000,420.10000000,39.31000000,1630842899999,16517.74420000,25,0.37700000,158.44170000,0
1630842900000,420.10000000,421.00000000,420.10000000,420.80000000,66.85100000,1630842959999,28126.63910000,87,31.15100000,13110.15430000,0
1630842960000,421.00000000,421.00000000,420.50000000,420.50000000,29.97000000,1630843019999,12607.93920000,50,13.43200000,5651.04410000,0
1630843020000,420.70000000,421.00000000,420.20000000,420.60000000,180.23200000,1630843079999,75781.61570000,65,17.41100000,7324.98420000,0
1630843080000,420.60000000,420.60000000,420.40000000,420.50000000,29.48200000,1630843139999,12398.77110000,19,7.00500000,2946.30300000,0
1630843140000,420.50000000,420.90000000,420.50000000,420.90000000,68.11100000,1630843199999,28656.48030000,37,5.79000000,2436.19760000,0
1630843200000,420.80000000,421.30000000,420.80000000,421.10000000,62.33500000,1630843259999,26252.48440000,84,53.31400000,22454.01830000,0
1630843260000,421.20000000,421.30000000,420.70000000,420.90000000,106.29500000,1630843319999,44754.99650000,47,78.00600000,32846.01900000,0
1630843320000,420.80000000,421.00000000,420.70000000,420.90000000,83.79700000,1630843379999,35263.81660000,31,79.42400000,33423.47920000,0
1630843380000,420.80000000,421.20000000,420.80000000,420.80000000,35.79900000,1630843439999,15069.16290000,41,1.67100000,703.66230000,0
1630843440000,420.80000000,421.00000000,420.60000000,420.60000000,85.18400000,1630843499999,35838.17690000,55,28.16400000,11849.93190000,0
1630843500000,420.70000000,420.70000000,420.30000000,420.30000000,22.82600000,1630843559999,9596.49640000,36,3.52000000,1480.30450000,0
1630843560000,420.20000000,420.20000000,419.50000000,419.50000000,80.03400000,1630843619999,33589.31180000,48,20.37700000,8555.80140000,0
1630843620000,419.60000000,419.70000000,419.00000000,419.50000000,81.37500000,1630843679999,34119.08000000,51,26.81900000,11244.84530000,0
1630843680000,419.40000000,419.50000000,419.00000000,419.00000000,15.43000000,1630843739999,6469.30480000,18,1.94700000,816.32460000,0
1630843740000,419.00000000,419.10000000,418.90000000,418.90000000,21.82000000,1630843799999,9142.98310000,22,12.02000000,5036.79050000,0
1630843800000,419.00000000,419.80000000,418.90000000,419.70000000,14.05300000,1630843859999,5891.41570000,23,5.35900000,2247.05750000,0
1630843860000,419.70000000,420.10000000,419.50000000,420.00000000,29.54600000,1630843919999,12401.80290000,27,22.54100000,9460.14000000,0
1630843920000,419.80000000,420.10000000,419.80000000,420.00000000,3.27300000,1630843979999,1374.28220000,20,1.17300000,492.68600000,0
1630843980000,420.00000000,420.00000000,419.50000000,419.50000000,57.68400000,1630844039999,24208.60690000,26,31.80200000,13345.61780000,0
1630844040000,419.90000000,419.90000000,419.50000000,419.70000000,6.86000000,1630844099999,2879.58050000,9,3.40800000,1430.91530000,0
1630844100000,419.80000000,419.90000000,419.50000000,419.90000000,19.71700000,1630844159999,8272.51230000,21,4.97600000,2088.62930000,0
1630844160000,419.80000000,419.90000000,418.80000000,419.30000000,330.93600000,1630844219999,138756.57520000,78,54.21100000,22754.20420000,0
1630844220000,419.40000000,420.00000000,419.10000000,419.80000000,72.39800000,1630844279999,30380.81600000,48,62.04300000,26038.38760000,0
1630844280000,419.60000000,419.80000000,419.40000000,419.80000000,6.82900000,1630844339999,2866.40780000,18,4.04400000,1697.36800000,0
1630844340000,419.60000000,420.30000000,419.40000000,420.20000000,89.52300000,1630844399999,37580.61330000,54,70.97800000,29800.39720000,0
1630844400000,420.10000000,420.80000000,420.10000000,420.50000000,34.93700000,1630844459999,14693.18830000,32,21.65200000,9107.86540000,0
1630844460000,420.70000000,421.20000000,420.70000000,421.00000000,41.63800000,1630844519999,17530.26920000,60,30.52400000,12851.50770000,0
1630844520000,421.10000000,421.10000000,420.50000000,420.60000000,20.84900000,1630844579999,8773.12570000,34,4.26000000,1792.58160000,0
1630844580000,420.70000000,420.80000000,420.30000000,420.30000000,14.57700000,1630844639999,6131.18170000,24,8.46100000,3559.12400000,0
1630844640000,420.30000000,420.70000000,420.30000000,420.40000000,27.01400000,1630844699999,11359.28670000,28,16.29300000,6852.16900000,0
1630844700000,420.50000000,420.80000000,420.40000000,420.70000000,18.83100000,1630844759999,7919.03970000,27,12.63400000,5313.61690000,0
1630844760000,420.80000000,420.90000000,420.20000000,420.20000000,41.45900000,1630844819999,17428.17030000,47,13.84300000,5820.32570000,0
1630844820000,420.40000000,421.00000000,420.20000000,421.00000000,43.54500000,1630844879999,18326.97690000,32,41.84800000,17613.21230000,0
1630844880000,421.00000000,422.30000000,421.00000000,422.20000000,106.94700000,1630844939999,45083.71310000,137,84.02700000,35423.33670000,0
1630844940000,422.20000000,425.00000000,422.10000000,424.40000000,1037.78000000,1630844999999,439855.52520000,1508,879.32700000,372733.07970000,0
1630845000000,424.50000000,425.00000000,424.00000000,424.60000000,632.17100000,1630845059999,268451.58350000,622,519.33200000,220562.45550000,0
1630845060000,424.60000000,425.00000000,424.30000000,424.60000000,864.95200000,1630845119999,367404.05960000,334,816.78700000,346954.61710000,0
1630845120000,424.50000000,425.00000000,424.40000000,424.60000000,697.74400000,1630845179999,296363.65490000,263,648.19300000,275328.16030000,0
1630845180000,424.80000000,425.31000000,424.40000000,424.90000000,714.67580000,1630845239999,303691.77360600,701,614.02080000,260930.64760600,0
1630845240000,424.90000000,425.50000000,424.60000000,425.00000000,1032.99700000,1630845299999,439151.94779200,1545,688.52000000,292707.78599200,0
1630845300000,425.00000000,425.50000000,424.30000000,425.00000000,797.70700000,1630845359999,338916.79930000,531,544.31700000,231291.72200000,0
1630845360000,425.00000000,425.20000000,424.20000000,424.80000000,470.09400000,1630845419999,199648.37020000,559,293.35700000,124631.52160000,0
1630845420000,424.80000000,424.80000000,423.50000000,423.50000000,135.88400000,1630845479999,57612.56890000,312,48.34300000,20504.97450000,0
1630845480000,423.50000000,423.70000000,422.90000000,423.70000000,115.33600000,1630845539999,48833.14040000,479,67.93500000,28763.32720000,0
1630845540000,423.70000000,423.90000000,423.30000000,423.70000000,359.43900000,1630845599999,152266.15260000,141,191.75300000,81220.57150000,0
1630845600000,423.70000000,423.90000000,423.20000000,423.80000000,245.07400000,1630845659999,103823.16980000,123,79.65600000,33737.96300000,0
1630845660000,423.90000000,424.00000000,423.70000000,423.70000000,37.09400000,1630845719999,15722.01900000,41,25.10200000,10640.32570000,0
1630845720000,423.70000000,423.90000000,422.70000000,422.70000000,134.22500000,1630845779999,56851.84490000,259,17.16200000,7265.66710000,0
1630845780000,422.80000000,423.00000000,422.20000000,422.60000000,107.84100000,1630845839999,45569.47700000,398,53.26500000,22507.57960000,0
1630845840000,422.60000000,422.90000000,422.30000000,422.50000000,178.67100000,1630845899999,75530.48550000,66,121.07000000,51174.84920000,0
1630845900000,422.30000000,423.00000000,422.30000000,422.80000000,121.74000000,1630845959999,51460.93600000,61,97.64700000,41282.95150000,0
1630845960000,422.80000000,424.10000000,422.80000000,424.10000000,152.72500000,1630846019999,64691.17140000,101,120.12400000,50887.98290000,0
1630846020000,424.00000000,424.60000000,422.90000000,423.30000000,148.33300000,1630846079999,62875.67800000,140,89.58300000,37976.91610000,0
1630846080000,423.10000000,423.20000000,422.80000000,423.00000000,57.28500000,1630846139999,24233.45590000,51,44.54700000,18845.04560000,0
1630846140000,423.10000000,423.40000000,422.90000000,422.90000000,42.76600000,1630846199999,18098.87690000,53,35.07200000,14843.76760000,0
1630846200000,422.90000000,423.40000000,422.90000000,423.30000000,45.86500000,1630846259999,19408.53070000,42,28.49400000,12060.14760000,0
1630846260000,423.40000000,424.30000000,423.30000000,424.30000000,45.26400000,1630846319999,19171.26870000,53,18.59900000,7880.10560000,0
1630846320000,424.30000000,425.70000000,424.30000000,424.90000000,329.74200000,1630846379999,140151.64271600,501,224.84700000,95582.18241600,0
1630846380000,424.80000000,425.00000000,424.40000000,424.40000000,66.73100000,1630846439999,28340.82620000,143,25.32400000,10755.26240000,0
1630846440000,424.40000000,424.70000000,423.70000000,423.80000000,406.36000000,1630846499999,172376.15310000,1417,94.90800000,40266.17350000,0
1630846500000,423.80000000,423.80000000,423.00000000,423.40000000,120.81500000,1630846559999,51132.23720000,116,103.30400000,43718.98720000,0
1630846560000,423.30000000,423.80000000,423.20000000,423.40000000,80.03400000,1630846619999,33893.59520000,68,71.71500000,30371.21510000,0
1630846620000,423.50000000,423.60000000,423.00000000,423.60000000,59.28300000,1630846679999,25095.25920000,51,37.87300000,16032.94030000,0
1630846680000,423.60000000,424.30000000,423.60000000,424.10000000,50.41300000,1630846739999,21377.15260000,62,36.39200000,15431.77960000,0
1630846740000,424.20000000,424.30000000,424.10000000,424.30000000,32.78400000,1630846799999,13906.63780000,42,16.71000000,7089.29750000,0
1630846800000,424.20000000,424.90000000,424.20000000,424.90000000,67.13400000,1630846859999,28502.67970000,77,50.03600000,21246.93380000,0
1630846860000,424.70000000,424.80000000,423.30000000,423.30000000,67.72600000,1630846919999,28734.36580000,79,24.49400000,10389.30840000,0
1630846920000,423.40000000,423.90000000,423.30000000,423.80000000,63.62300000,1630846979999,26950.53040000,47,53.83000000,22803.26280000,0
1630846980000,423.90000000,424.20000000,423.80000000,423.90000000,30.46700000,1630847039999,12916.26500000,25,16.96900000,7194.89760000,0
1630847040000,423.90000000,424.40000000,423.90000000,423.90000000,59.23800000,1630847099999,25120.52170000,50,47.53800000,20160.35910000,0
1630847100000,424.00000000,424.00000000,423.50000000,423.50000000,89.76900000,1630847159999,38047.06450000,61,51.27400000,21731.86270000,0
1630847160000,423.60000000,423.60000000,423.00000000,423.30000000,169.30900000,1630847219999,71659.82270000,82,36.98300000,15656.43660000,0
1630847220000,423.30000000,423.30000000,422.10000000,422.20000000,66.00700000,1630847279999,27902.44930000,94,20.77800000,8788.01150000,0
1630847280000,422.20000000,422.80000000,422.20000000,422.60000000,65.22500000,1630847339999,27550.63280000,61,49.58500000,20944.68260000,0
1630847340000,422.40000000,422.80000000,422.30000000,422.50000000,17.73300000,1630847399999,7491.24450000,33,9.61500000,4062.04100000,0
1630847400000,422.40000000,422.70000000,422.40000000,422.60000000,36.68700000,1630847459999,15499.41130000,27,14.82100000,6262.53550000,0
1630847460000,422.40000000,422.90000000,422.00000000,422.70000000,325.38400000,1630847519999,137470.92370000,115,318.27700000,134470.92840000,0
1630847520000,422.70000000,424.00000000,422.50000000,423.30000000,987.02900000,1630847579999,417867.78980000,247,896.62900000,379599.49370000,0
1630847580000,423.30000000,423.70000000,422.90000000,423.00000000,128.79600000,1630847639999,54519.63310000,55,79.32700000,33581.27700000,0
1630847640000,423.00000000,423.40000000,423.00000000,423.40000000,32.78700000,1630847699999,13874.42900000,43,13.18500000,5579.29660000,0
1630847700000,423.30000000,423.30000000,422.80000000,422.90000000,41.07600000,1630847759999,17372.27300000,63,5.26600000,2227.07730000,0
1630847760000,422.70000000,423.10000000,422.60000000,422.90000000,90.48700000,1630847819999,38255.28010000,81,40.88900000,17289.45250000,0
1630847820000,422.90000000,423.00000000,422.70000000,422.70000000,39.41800000,1630847879999,16666.05060000,47,32.45000000,13720.37170000,0
1630847880000,422.70000000,422.70000000,422.50000000,422.60000000,74.10200000,1630847939999,31318.79210000,47,56.87000000,24036.61650000,0
1630847940000,422.60000000,422.60000000,422.10000000,422.10000000,55.05700000,1630847999999,23248.21270000,64,11.02200000,4654.61090000,0
1630848000000,422.00000000,422.20000000,419.30000000,421.10000000,1312.56600000,1630848059999,552060.57620000,1004,223.81700000,94183.96220000,0
1630848060000,421.20000000,421.60000000,420.90000000,421.30000000,218.93400000,1630848119999,92223.84150000,347,98.65700000,41563.35730000,0
1630848120000,421.20000000,421.40000000,420.80000000,421.10000000,20.65100000,1630848179999,8696.84650000,49,3.30300000,1391.16480000,0
1630848180000,421.00000000,421.30000000,420.80000000,421.20000000,86.00100000,1630848239999,36211.53740000,114,34.03500000,14333.55540000,0
1630848240000,421.30000000,421.50000000,420.50000000,421.20000000,209.20000000,1630848299999,88086.10290000,179,142.88100000,60158.37720000,0
1630848300000,421.20000000,421.70000000,420.80000000,421.20000000,360.20600000,1630848359999,151774.31730000,197,294.01000000,123887.57500000,0
1630848360000,421.30000000,421.70000000,421.10000000,421.40000000,136.97700000,1630848419999,57707.07040000,88,18.17600000,7660.13580000,0
1630848420000,421.50000000,421.80000000,421.40000000,421.80000000,86.89500000,1630848479999,36642.22740000,64,74.58300000,31451.41240000,0
1630848480000,421.80000000,422.30000000,421.70000000,422.30000000,56.53200000,1630848539999,23865.13370000,111,36.12600000,15253.13700000,0
1630848540000,422.30000000,422.50000000,421.40000000,421.50000000,154.83200000,1630848599999,65358.23630000,143,11.51600000,4860.49530000,0
1630848600000,421.50000000,421.90000000,421.40000000,421.50000000,51.89700000,1630848659999,21877.91840000,90,10.97800000,4628.43160000,0
1630848660000,421.50000000,421.60000000,420.60000000,420.70000000,125.11700000,1630848719999,52700.02210000,115,36.63900000,15425.86550000,0
1630848720000,420.80000000,421.50000000,420.70000000,421.50000000,25.39200000,1630848779999,10692.36970000,62,18.69500000,7871.81500000,0
1630848780000,421.50000000,422.40000000,421.50000000,422.30000000,41.38000000,1630848839999,17462.03080000,49,37.15600000,15679.22460000,0
1630848840000,422.30000000,422.80000000,422.00000000,422.50000000,37.93400000,1630848899999,16023.64900000,59,10.50900000,4440.66110000,0
1630848900000,422.70000000,422.80000000,422.20000000,422.60000000,42.85500000,1630848959999,18106.65190000,45,21.64200000,9145.61470000,0
1630848960000,422.30000000,422.60000000,422.20000000,422.60000000,36.87700000,1630849019999,15575.13660000,40,11.54200000,4876.13020000,0
1630849020000,422.60000000,422.90000000,422.40000000,422.70000000,31.55700000,1630849079999,13339.37170000,32,23.47700000,9925.04840000,0
1630849080000,422.90000000,422.90000000,422.40000000,422.50000000,114.77200000,1630849139999,48500.59220000,50,58.06500000,24543.48020000,0
1630849140000,422.60000000,422.80000000,421.90000000,421.90000000,43.05400000,1630849199999,18186.37170000,45,13.83000000,5843.11280000,0
1630849200000,422.00000000,422.60000000,422.00000000,422.30000000,20.82200000,1630849259999,8794.02730000,22,12.06300000,5094.62130000,0
1630849260000,422.20000000,422.50000000,421.90000000,422.00000000,27.57500000,1630849319999,11642.53760000,44,24.05800000,10158.33780000,0
1630849320000,422.30000000,422.60000000,422.10000000,422.10000000,14.51600000,1630849379999,6130.50500000,30,9.17700000,3875.57070000,0
1630849380000,422.20000000,422.40000000,421.80000000,422.40000000,52.92900000,1630849439999,22347.13370000,52,48.98700000,20682.91230000,0
1630849440000,422.50000000,422.70000000,422.00000000,422.10000000,31.71000000,1630849499999,13393.36030000,48,20.87700000,8818.09840000,0
1630849500000,422.00000000,422.40000000,422.00000000,422.10000000,10.85100000,1630849559999,4580.80630000,25,5.31900000,2245.67150000,0
1630849560000,422.10000000,422.60000000,422.00000000,422.10000000,86.28900000,1630849619999,36445.39070000,50,1.57400000,664.67290000,0
1630849620000,422.00000000,422.30000000,422.00000000,422.20000000,41.59800000,1630849679999,17559.14930000,55,22.29300000,9411.07970000,0
1630849680000,422.00000000,422.50000000,422.00000000,422.00000000,70.57200000,1630849739999,29787.64100000,30,3.34300000,1411.95180000,0
1630849740000,421.90000000,422.00000000,421.30000000,421.30000000,42.81600000,1630849799999,18047.79540000,60,11.50700000,4851.24200000,0
1630849800000,421.30000000,422.60000000,421.20000000,422.60000000,68.68800000,1630849859999,28969.50940000,83,52.35800000,22083.73890000,0
1630849860000,422.50000000,422.70000000,422.00000000,422.00000000,35.18800000,1630849919999,14866.14670000,44,9.34100000,3947.46630000,0
1630849920000,422.20000000,422.20000000,421.70000000,421.80000000,9.75900000,1630849979999,4117.30030000,39,5.14600000,2171.39120000,0
1630849980000,421.60000000,421.60000000,420.80000000,421.20000000,74.05500000,1630850039999,31187.19510000,82,45.47400000,19150.30940000,0
1630850040000,421.30000000,421.60000000,421.00000000,421.40000000,40.90100000,1630850099999,17236.97910000,40,38.23200000,16112.47770000,0
1630850100000,421.50000000,421.60000000,421.30000000,421.30000000,87.15500000,1630850159999,36735.63050000,47,33.14200000,13969.29240000,0
1630850160000,421.30000000,421.60000000,421.00000000,421.30000000,28.04500000,1630850219999,11815.82330000,32,13.29800000,5603.41910000,0
1630850220000,421.20000000,421.40000000,421.10000000,421.20000000,42.53400000,1630850279999,17920.10380000,58,35.86400000,15110.76660000,0
1630850280000,421.20000000,421.40000000,420.90000000,420.90000000,20.18400000,1630850339999,8501.82460000,20,6.18200000,2604.36200000,0
1630850340000,421.20000000,421.20000000,420.60000000,420.80000000,123.75500000,1630850399999,52079.52700000,71,64.81900000,27275.70980000,0
1630850400000,420.80000000,421.70000000,420.80000000,421.70000000,36.86900000,1630850459999,15536.35760000,47,35.01400000,14754.95130000,0
1630850460000,421.70000000,421.90000000,421.30000000,421.30000000,49.33500000,1630850519999,20803.64820000,57,46.62800000,19662.54740000,0
1630850520000,421.30000000,421.70000000,420.90000000,420.90000000,26.17200000,1630850579999,11027.50730000,40,16.17300000,6816.58580000,0
1630850580000,420.90000000,421.00000000,420.00000000,420.90000000,67.47500000,1630850639999,28369.49800000,131,24.28100000,10212.16530000,0
1630850640000,420.80000000,420.90000000,420.60000000,420.80000000,19.45800000,1630850699999,8186.68110000,53,5.21300000,2193.79590000,0
1630850700000,420.70000000,421.10000000,420.20000000,420.80000000,258.90300000,1630850759999,108903.79430000,122,56.24100000,23669.43860000,0
1630850760000,420.80000000,421.40000000,420.70000000,421.40000000,59.88500000,1630850819999,25224.21560000,87,13.76600000,5796.56520000,0
1630850820000,421.50000000,421.50000000,420.80000000,421.10000000,62.58900000,1630850879999,26356.15830000,48,4.04200000,1702.40530000,0
1630850880000,421.10000000,421.20000000,420.90000000,421.20000000,13.98600000,1630850939999,5889.60170000,25,7.10500000,2991.98980000,0
1630850940000,421.20000000,422.30000000,421.20000000,422.10000000,136.30800000,1630850999999,57480.10040000,67,129.28500000,54518.39640000,0
1630851000000,422.20000000,422.90000000,422.10000000,422.60000000,101.34000000,1630851059999,42818.77180000,90,39.88500000,16854.75970000,0
1630851060000,422.70000000,423.00000000,421.90000000,421.90000000,68.24500000,1630851119999,28822.01840000,79,25.60300000,10811.12540000,0
1630851120000,422.00000000,422.00000000,421.50000000,421.80000000,36.80400000,1630851179999,15521.57430000,45,5.26400000,2220.56800000,0
1630851180000,422.00000000,422.00000000,421.60000000,421.80000000,108.62800000,1630851239999,45819.49020000,37,69.50300000,29316.57300000,0
1630851240000,421.80000000,422.00000000,421.20000000,421.30000000,64.41700000,1630851299999,27156.44520000,48,32.47200000,13697.57470000,0
1630851300000,421.60000000,422.00000000,421.50000000,421.70000000,17.18000000,1630851359999,7244.02770000,24,13.58500000,5728.05630000,0
1630851360000,421.70000000,422.00000000,421.20000000,421.30000000,68.45600000,1630851419999,28845.71390000,45,13.63700000,5746.80190000,0
1630851420000,421.20000000,421.40000000,420.60000000,420.60000000,37.92100000,1630851479999,15966.20470000,65,8.97100000,3778.06050000,0
1630851480000,420.60000000,420.80000000,420.40000000,420.60000000,69.08900000,1630851539999,29055.44110000,63,39.57200000,16644.50060000,0
1630851540000,420.80000000,421.40000000,420.80000000,421.20000000,44.44000000,1630851599999,18722.14430000,30,40.39700000,17019.42240000,0
1630851600000,421.50000000,422.00000000,421.50000000,421.80000000,54.81600000,1630851659999,23116.45780000,40,36.90400000,15561.46320000,0
1630851660000,421.80000000,421.80000000,421.40000000,421.50000000,18.85800000,1630851719999,7949.69930000,20,9.22800000,3890.66830000,0
1630851720000,421.60000000,422.00000000,421.40000000,421.90000000,158.70800000,1630851779999,66912.77220000,47,11.61600000,4901.41810000,0
1630851780000,422.00000000,422.10000000,421.70000000,421.80000000,28.16800000,1630851839999,11884.07740000,23,14.58600000,6155.41940000,0
1630851840000,422.00000000,422.10000000,421.40000000,421.50000000,8.68900000,1630851899999,3664.92510000,24,3.58600000,1513.06660000,0
1630851900000,421.60000000,421.60000000,421.10000000,421.20000000,40.68500000,1630851959999,17144.29380000,44,10.50700000,4429.44570000,0
1630851960000,421.10000000,421.40000000,420.80000000,421.00000000,323.46400000,1630852019999,136193.54080000,76,194.19600000,81775.51000000,0
1630852020000,421.20000000,421.30000000,420.00000000,420.20000000,352.50000000,1630852079999,148265.69270000,292,291.93300000,122800.13230000,0
1630852080000,420.20000000,420.30000000,419.60000000,420.00000000,200.70000000,1630852139999,84277.96380000,226,65.62400000,27556.50090000,0
1630852140000,420.10000000,420.20000000,419.70000000,420.10000000,167.17600000,1630852199999,70191.76970000,151,102.26700000,42935.10370000,0
1630852200000,420.00000000,420.20000000,419.90000000,420.00000000,42.45800000,1630852259999,17834.42080000,82,5.47600000,2300.65990000,0
1630852260000,420.10000000,420.30000000,420.00000000,420.10000000,67.12000000,1630852319999,28198.45180000,49,9.33900000,3924.26570000,0
1630852320000,420.10000000,420.20000000,419.90000000,420.00000000,66.77500000,1630852379999,28049.24440000,81,23.31200000,9791.44250000,0
1630852380000,420.00000000,420.20000000,419.90000000,420.10000000,29.54000000,1630852439999,12407.04720000,39,2.83700000,1191.88560000,0
1630852440000,420.20000000,420.20000000,419.90000000,419.90000000,88.85900000,1630852499999,37321.80110000,68,12.32500000,5177.74490000,0
1630852500000,420.10000000,421.40000000,419.80000000,421.40000000,217.08900000,1630852559999,91248.43150000,228,113.56000000,47732.64880000,0
1630852560000,421.40000000,422.10000000,421.10000000,422.00000000,72.93300000,1630852619999,30757.31260000,101,47.50200000,20036.77890000,0
1630852620000,421.80000000,421.90000000,421.40000000,421.60000000,21.20500000,1630852679999,8941.76470000,78,10.89700000,4595.76130000,0
1630852680000,421.60000000,421.60000000,420.80000000,421.60000000,138.15100000,1630852739999,58217.96940000,174,33.17800000,13978.92670000,0
1630852740000,421.60000000,421.90000000,421.50000000,421.70000000,29.46700000,1630852799999,12428.58950000,60,16.17500000,6823.25440000,0
1630852800000,421.80000000,422.20000000,421.70000000,421.80000000,57.83100000,1630852859999,24401.75050000,66,39.33100000,16597.54910000,0
1630852860000,421.80000000,422.00000000,421.30000000,421.80000000,22.99400000,1630852919999,9698.87510000,44,7.41600000,3129.43610000,0
1630852920000,421.80000000,422.00000000,421.50000000,421.70000000,22.22600000,1630852979999,9373.17630000,45,14.50500000,6117.25770000,0
1630852980000,421.70000000,421.70000000,421.50000000,421.70000000,23.62900000,1630853039999,9961.73780000,65,12.68600000,5348.75930000,0
1630853040000,421.50000000,421.70000000,421.50000000,421.70000000,17.37300000,1630853099999,7323.97850000,43,8.76900000,3697.25050000,0
1630853100000,421.70000000,422.10000000,421.60000000,422.10000000,18.48100000,1630853159999,7795.06350000,46,6.76100000,2852.48050000,0
1630853160000,422.10000000,422.10000000,421.70000000,421.70000000,37.55500000,1630853219999,15843.30540000,45,14.96300000,6312.78430000,0
1630853220000,421.70000000,421.70000000,420.90000000,421.10000000,98.87800000,1630853279999,41648.95900000,63,43.72700000,18423.00850000,0
1630853280000,421.10000000,421.50000000,421.00000000,421.30000000,58.65500000,1630853339999,24711.08180000,56,52.34100000,22051.91650000,0
1630853340000,421.30000000,422.00000000,421.30000000,421.50000000,141.25800000,1630853399999,59552.53350000,73,54.72300000,23074.73990000,0
1630853400000,421.50000000,421.80000000,421.50000000,421.50000000,36.46700000,1630853459999,15374.84510000,36,16.39200000,6912.99700000,0
1630853460000,421.60000000,421.70000000,421.20000000,421.20000000,30.64800000,1630853519999,12914.28530000,47,1.00900000,425.47310000,0
1630853520000,421.20000000,421.50000000,421.00000000,421.20000000,13.96900000,1630853579999,5883.33880000,33,2.58900000,1090.62640000,0
1630853580000,421.00000000,421.30000000,420.20000000,420.40000000,89.67600000,1630853639999,37732.69940000,136,24.21000000,10187.64460000,0
1630853640000,420.40000000,420.40000000,419.70000000,419.90000000,147.98100000,1630853699999,62141.26100000,150,31.95100000,13423.94360000,0
1630853700000,419.90000000,420.10000000,418.50000000,419.70000000,253.04600000,1630853759999,106123.15030000,340,71.18200000,29847.95560000,0
1630853760000,419.60000000,419.60000000,418.10000000,418.10000000,240.92200000,1630853819999,100794.68230000,219,23.99200000,10044.02500000,0
1630853820000,418.40000000,419.00000000,418.20000000,418.80000000,50.71500000,1630853879999,21235.61210000,101,29.67600000,12426.11590000,0
1630853880000,418.80000000,419.00000000,418.40000000,418.90000000,35.91800000,1630853939999,15042.12990000,83,10.96300000,4592.52420000,0
1630853940000,418.80000000,419.10000000,418.50000000,418.90000000,57.82500000,1630853999999,24221.92220000,48,46.73900000,19579.21320000,0
1630854000000,418.90000000,419.30000000,418.60000000,419.30000000,151.23500000,1630854059999,63371.43770000,83,21.38800000,8965.03620000,0
1630854060000,419.50000000,419.60000000,419.20000000,419.30000000,59.80100000,1630854119999,25080.40020000,50,50.58800000,21216.89100000,0
1630854120000,419.20000000,419.80000000,419.20000000,419.80000000,46.13100000,1630854179999,19346.22690000,31,42.51700000,17830.83550000,0
1630854180000,419.80000000,419.80000000,419.60000000,419.80000000,36.66900000,1630854239999,15389.94130000,62,8.86500000,3721.48080000,0
1630854240000,419.80000000,419.90000000,419.50000000,419.80000000,138.53500000,1630854299999,58142.38850000,62,10.09700000,4238.90260000,0
1630854300000,419.70000000,419.70000000,419.10000000,419.10000000,143.61200000,1630854359999,60232.33340000,76,15.50300000,6503.05610000,0
1630854360000,419.00000000,419.20000000,418.40000000,418.90000000,128.59500000,1630854419999,53870.93540000,58,14.83000000,6208.99710000,0
1630854420000,419.00000000,419.00000000,418.40000000,418.40000000,124.39700000,1630854479999,52087.24790000,32,0.70600000,295.76870000,0
1630854480000,418.50000000,418.70000000,418.00000000,418.00000000,87.07400000,1630854539999,36425.23930000,113,7.87700000,3293.99270000,0
1630854540000,418.30000000,418.50000000,415.60000000,417.30000000,1390.26300000,1630854599999,579424.47200000,1416,595.74100000,248225.11470000,0
1630854600000,417.30000000,417.50000000,416.30000000,416.80000000,390.01400000,1630854659999,162656.47930000,668,117.96900000,49214.12790000,0
1630854660000,416.70000000,417.10000000,416.10000000,416.20000000,199.57800000,1630854719999,83170.30450000,238,133.37800000,55585.85560000,0
1630854720000,416.30000000,416.90000000,416.20000000,416.40000000,93.99200000,1630854779999,39152.09580000,155,37.44500000,15599.54350000,0
1630854780000,416.60000000,416.60000000,416.00000000,416.20000000,63.87700000,1630854839999,26590.47910000,127,39.82800000,16581.24250000,0
1630854840000,416.10000000,416.70000000,416.10000000,416.70000000,108.22700000,1630854899999,45070.32240000,131,73.35500000,30551.65300000,0
1630854900000,416.70000000,416.70000000,416.50000000,416.60000000,28.45400000,1630854959999,11855.54920000,53,15.98600000,6661.26620000,0
1630854960000,416.50000000,417.00000000,416.40000000,416.50000000,91.48100000,1630855019999,38122.21220000,49,69.05100000,28777.19760000,0
1630855020000,416.60000000,416.60000000,416.30000000,416.40000000,77.65800000,1630855079999,32341.94410000,57,19.23800000,8014.55080000,0
1630855080000,416.30000000,416.60000000,415.80000000,416.10000000,147.42200000,1630855139999,61350.00000000,119,30.49700000,12696.35470000,0
1630855140000,416.10000000,416.30000000,415.80000000,416.10000000,123.88700000,1630855199999,51533.70380000,124,63.54700000,26436.32910000,0
1630855200000,416.10000000,416.10000000,415.60000000,415.80000000,94.11400000,1630855259999,39135.80360000,104,27.01200000,11233.36650000,0
1630855260000,415.80000000,415.80000000,414.80000000,415.10000000,194.57600000,1630855319999,80776.67390000,608,53.74300000,22316.68740000,0
1630855320000,415.10000000,415.20000000,413.40000000,414.40000000,1065.50300000,1630855379999,441281.76110000,1467,383.77100000,158917.36900000,0
1630855380000,414.40000000,415.00000000,414.30000000,414.90000000,90.86400000,1630855439999,37682.17230000,142,28.45600000,11800.28410000,0
1630855440000,414.80000000,415.40000000,414.60000000,415.20000000,122.15900000,1630855499999,50693.86050000,105,59.71300000,24785.33670000,0
1630855500000,415.20000000,416.00000000,414.40000000,415.10000000,372.31100000,1630855559999,154540.18700000,922,122.87600000,51039.84490000,0
1630855560000,415.10000000,415.70000000,415.10000000,415.70000000,105.52600000,1630855619999,43844.95460000,70,73.34300000,30479.13730000,0
1630855620000,415.80000000,416.00000000,415.40000000,415.40000000,98.20100000,1630855679999,40826.47700000,60,18.22600000,7581.53810000,0
1630855680000,415.50000000,415.90000000,415.50000000,415.90000000,22.81200000,1630855739999,9481.49080000,24,5.24000000,2178.37210000,0
1630855740000,415.90000000,416.00000000,415.70000000,415.70000000,24.43700000,1630855799999,10159.90630000,31,1.07800000,448.18500000,0
1630855800000,415.60000000,416.30000000,415.60000000,416.20000000,61.82100000,1630855859999,25720.67420000,55,56.24300000,23401.07270000,0
1630855860000,416.20000000,416.30000000,416.10000000,416.30000000,14.51500000,1630855919999,6040.62460000,25,1.81300000,754.63760000,0
1630855920000,416.30000000,416.50000000,416.30000000,416.30000000,80.92200000,1630855979999,33689.17040000,42,69.21400000,28814.35200000,0
1630855980000,416.40000000,416.40000000,415.90000000,416.00000000,62.85800000,1630856039999,26153.06310000,50,29.57600000,12303.72250000,0
1630856040000,416.10000000,416.10000000,415.80000000,415.90000000,46.12800000,1630856099999,19186.70580000,37,23.18700000,9645.87830000,0
1630856100000,415.80000000,416.00000000,414.00000000,414.40000000,114.59400000,1630856159999,47559.52350000,143,40.14800000,16656.70700000,0
1630856160000,414.40000000,415.00000000,414.40000000,414.80000000,43.77300000,1630856219999,18154.27270000,69,27.92000000,11578.34820000,0
1630856220000,414.80000000,415.00000000,414.60000000,415.00000000,124.63600000,1630856279999,51698.60570000,54,60.33600000,25032.77460000,0
1630856280000,415.00000000,415.00000000,414.60000000,414.60000000,45.86200000,1630856339999,19023.49390000,22,14.06900000,5836.76570000,0
1630856340000,414.70000000,415.10000000,414.70000000,414.90000000,78.94100000,1630856399999,32754.67190000,52,70.29500000,29167.68160000,0
1630856400000,415.00000000,415.50000000,414.80000000,415.30000000,26.08700000,1630856459999,10832.47930000,36,16.95100000,7039.44700000,0
1630856460000,415.30000000,416.20000000,415.30000000,416.20000000,75.55300000,1630856519999,31422.16800000,53,49.83200000,20724.88630000,0
1630856520000,416.30000000,416.60000000,416.30000000,416.50000000,46.07400000,1630856579999,19186.94790000,36,34.04700000,14178.29210000,0
1630856580000,416.60000000,416.70000000,416.20000000,416.30000000,86.62300000,1630856639999,36062.71760000,43,7.86800000,3277.64800000,0
1630856640000,416.50000000,417.60000000,416.50000000,417.60000000,92.40200000,1630856699999,38525.39780000,112,69.56200000,29001.09120000,0
1630856700000,417.40000000,418.30000000,417.30000000,418.20000000,107.79900000,1630856759999,45040.62380000,109,65.24400000,27261.94820000,0
1630856760000,418.00000000,418.20000000,417.60000000,417.60000000,39.36500000,1630856819999,16451.66320000,38,12.42900000,5195.83340000,0
1630856820000,417.60000000,417.70000000,416.50000000,416.50000000,30.52100000,1630856879999,12727.73290000,52,15.06200000,6280.63290000,0
1630856880000,416.50000000,417.20000000,416.50000000,417.00000000,276.73900000,1630856939999,115337.88500000,59,138.05200000,57532.94400000,0
1630856940000,417.30000000,417.30000000,416.40000000,416.70000000,32.82500000,1630856999999,13675.04290000,27,2.98400000,1243.48360000,0
1630857000000,416.70000000,416.90000000,416.30000000,416.60000000,16.98500000,1630857059999,7077.54950000,31,11.94200000,4976.45830000,0
1630857060000,416.30000000,416.60000000,416.10000000,416.20000000,24.78800000,1630857119999,10319.25850000,24,11.77400000,4901.57750000,0
1630857120000,416.20000000,416.20000000,414.30000000,415.20000000,170.84600000,1630857179999,70934.54310000,201,30.18200000,12527.51370000,0
1630857180000,414.80000000,415.40000000,414.70000000,415.20000000,33.19600000,1630857239999,13778.66410000,21,31.34800000,13012.00160000,0
1630857240000,415.20000000,415.40000000,414.80000000,415.30000000,32.96000000,1630857299999,13681.38950000,19,31.05500000,12891.14660000,0
1630857300000,415.20000000,415.30000000,414.90000000,415.00000000,50.34800000,1630857359999,20895.09730000,22,6.60000000,2739.71960000,0
1630857360000,414.70000000,415.20000000,414.60000000,415.00000000,62.36300000,1630857419999,25876.27840000,32,52.59600000,21825.14000000,0
1630857420000,415.00000000,415.10000000,414.60000000,414.60000000,3.47400000,1630857479999,1440.76740000,10,0.67500000,280.18440000,0
1630857480000,414.70000000,415.20000000,414.40000000,415.00000000,25.08000000,1630857539999,10404.83510000,23,20.03700000,8312.82420000,0
1630857540000,415.20000000,415.50000000,415.10000000,415.20000000,54.46800000,1630857599999,22620.11580000,27,41.99900000,17444.02930000,0
1630857600000,415.20000000,415.90000000,413.60000000,415.30000000,406.46600000,1630857659999,168608.10370000,188,20.68100000,8592.08560000,0
1630857660000,415.40000000,415.80000000,415.10000000,415.60000000,20.50300000,1630857719999,8517.31160000,31,3.51200000,1459.70320000,0
1630857720000,415.80000000,415.90000000,415.00000000,415.20000000,22.82500000,1630857779999,9485.16480000,34,9.92200000,4123.94670000,0
1630857780000,415.20000000,415.40000000,414.90000000,414.90000000,41.87200000,1630857839999,17381.27010000,32,25.26500000,10489.02400000,0
1630857840000,414.80000000,414.90000000,414.70000000,414.80000000,52.77000000,1630857899999,21892.55030000,46,46.07600000,19115.92910000,0
1630857900000,414.90000000,415.10000000,414.10000000,414.90000000,231.87500000,1630857959999,96114.63710000,104,18.97700000,7873.61960000,0
1630857960000,415.10000000,415.80000000,415.10000000,415.80000000,82.32800000,1630858019999,34189.07010000,67,81.08100000,33670.95690000,0
1630858020000,415.40000000,415.60000000,415.10000000,415.20000000,36.46300000,1630858079999,15148.03600000,46,35.30100000,14665.60910000,0
1630858080000,415.50000000,415.90000000,415.30000000,415.60000000,37.35000000,1630858139999,15522.85410000,47,33.34700000,13859.79590000,0
1630858140000,415.60000000,415.80000000,415.30000000,415.30000000,90.86600000,1630858199999,37764.09220000,108,46.86500000,19481.71380000,0
1630858200000,415.30000000,415.60000000,415.30000000,415.40000000,75.53600000,1630858259999,31380.21010000,56,35.87100000,14905.92680000,0
1630858260000,415.30000000,415.30000000,414.20000000,414.40000000,229.05700000,1630858319999,94988.73940000,117,140.28400000,58175.06370000,0
1630858320000,414.50000000,414.50000000,414.00000000,414.30000000,70.76700000,1630858379999,29320.02590000,65,53.88300000,22326.74220000,0
1630858380000,414.10000000,414.50000000,414.10000000,414.30000000,77.29700000,1630858439999,32022.63990000,65,54.66700000,22651.55040000,0
1630858440000,414.30000000,414.60000000,414.10000000,414.50000000,34.27600000,1630858499999,14201.53820000,43,19.06200000,7899.87410000,0
1630858500000,414.50000000,414.60000000,414.20000000,414.50000000,50.26000000,1630858559999,20828.92260000,42,31.94100000,13239.49690000,0
1630858560000,414.50000000,414.60000000,414.30000000,414.40000000,45.84200000,1630858619999,19003.05170000,39,45.07100000,18683.61150000,0
1630858620000,414.60000000,414.60000000,414.40000000,414.60000000,64.13800000,1630858679999,26588.58660000,42,56.56100000,23448.58140000,0
1630858680000,414.60000000,414.60000000,414.10000000,414.60000000,117.29300000,1630858739999,48595.53110000,73,85.97200000,35621.04580000,0
1630858740000,414.60000000,414.90000000,414.40000000,414.60000000,132.09100000,1630858799999,54776.10320000,87,90.67900000,37610.22100000,0
1630858800000,414.70000000,416.50000000,414.40000000,416.00000000,540.96300000,1630858859999,224911.87470000,396,332.59600000,138231.26360000,0
1630858860000,415.80000000,416.00000000,414.10000000,414.80000000,553.50200000,1630858919999,229725.52250000,357,163.09600000,67692.92180000,0
1630858920000,415.00000000,415.20000000,414.70000000,414.80000000,41.22400000,1630858979999,17107.94570000,54,34.74900000,14422.27240000,0
1630858980000,414.90000000,415.90000000,414.90000000,415.90000000,39.37200000,1630859039999,16361.03770000,60,34.91600000,14511.04260000,0
1630859040000,415.70000000,416.10000000,415.70000000,415.90000000,32.45900000,1630859099999,13501.12000000,31,32.10600000,13354.33120000,0
1630859100000,415.90000000,416.30000000,415.90000000,415.90000000,20.70400000,1630859159999,8615.38610000,41,13.39700000,5574.70320000,0
1630859160000,415.90000000,416.10000000,415.50000000,415.90000000,155.41100000,1630859219999,64634.57920000,50,127.41600000,52993.20570000,0
1630859220000,416.10000000,416.90000000,416.00000000,416.60000000,109.51500000,1630859279999,45609.69560000,86,81.21200000,33817.41500000,0
1630859280000,416.50000000,416.60000000,416.10000000,416.40000000,37.39900000,1630859339999,15572.19060000,48,26.48100000,11027.80770000,0
1630859340000,416.40000000,416.70000000,416.10000000,416.60000000,56.95700000,1630859399999,23726.12560000,57,47.49800000,19786.51780000,0
1630859400000,416.40000000,416.60000000,416.10000000,416.60000000,65.44400000,1630859459999,27250.83960000,88,32.29300000,13449.67320000,0
1630859460000,416.50000000,417.00000000,416.50000000,416.90000000,54.70100000,1630859519999,22798.93490000,81,46.44300000,19357.09750000,0
1630859520000,416.90000000,417.40000000,416.70000000,417.30000000,82.42600000,1630859579999,34380.20080000,75,47.72200000,19907.67380000,0
1630859580000,417.40000000,418.10000000,417.40000000,418.10000000,73.30900000,1630859639999,30624.72720000,122,58.21900000,24322.27650000,0
1630859640000,418.10000000,418.50000000,417.70000000,418.30000000,176.12800000,1630859699999,73635.46000000,139,136.00600000,56864.19670000,0
1630859700000,418.50000000,418.60000000,418.20000000,418.40000000,63.07200000,1630859759999,26393.55730000,74,37.28100000,15602.77460000,0
1630859760000,418.30000000,418.90000000,418.30000000,418.60000000,85.02600000,1630859819999,35601.60430000,97,79.43300000,33260.99320000,0
1630859820000,418.60000000,419.60000000,418.60000000,419.40000000,172.46400000,1630859879999,72271.97420000,184,148.05300000,62041.38370000,0
1630859880000,419.60000000,419.60000000,418.40000000,418.60000000,134.95100000,1630859939999,56550.74650000,154,42.41200000,17780.68990000,0
1630859940000,418.40000000,418.80000000,417.80000000,418.00000000,175.19100000,1630859999999,73264.44580000,106,51.15900000,21406.20210000,0
1630860000000,417.80000000,418.30000000,417.70000000,418.20000000,62.01400000,1630860059999,25924.53890000,105,40.05300000,16747.04780000,0
1630860060000,418.20000000,418.20000000,417.30000000,417.60000000,80.84300000,1630860119999,33766.37430000,108,52.62200000,21983.78870000,0
1630860120000,417.60000000,418.20000000,417.40000000,418.00000000,54.31100000,1630860179999,22696.63370000,77,43.93700000,18362.53910000,0
1630860180000,418.00000000,418.70000000,417.90000000,418.40000000,56.47200000,1630860239999,23626.34120000,95,37.33500000,15620.47620000,0
1630860240000,418.60000000,418.80000000,417.20000000,417.40000000,161.99800000,1630860299999,67727.19340000,258,73.63300000,30783.21070000,0
1630860300000,417.20000000,417.90000000,417.10000000,417.90000000,98.37100000,1630860359999,41061.09050000,86,96.98400000,40482.38940000,0
1630860360000,417.80000000,417.80000000,417.00000000,417.20000000,116.99700000,1630860419999,48817.78510000,105,76.75500000,32034.07490000,0
1630860420000,417.20000000,417.40000000,417.10000000,417.20000000,52.02500000,1630860479999,21708.28570000,86,49.55900000,20679.45610000,0
1630860480000,417.20000000,417.70000000,417.10000000,417.60000000,56.22500000,1630860539999,23470.27710000,69,52.71900000,22007.30580000,0
1630860540000,417.60000000,418.00000000,417.50000000,417.70000000,89.83600000,1630860599999,37528.25730000,90,77.37500000,32325.13280000,0
1630860600000,417.60000000,418.00000000,417.50000000,417.80000000,92.38900000,1630860659999,38599.50120000,83,54.42500000,22735.52080000,0
1630860660000,418.10000000,418.60000000,418.00000000,418.40000000,68.11600000,1630860719999,28491.43080000,97,54.17900000,22664.24710000,0
1630860720000,418.40000000,419.10000000,418.40000000,418.80000000,70.82700000,1630860779999,29660.67960000,104,60.28300000,25245.17330000,0
1630860780000,418.80000000,419.00000000,418.30000000,418.70000000,99.55700000,1630860839999,41686.10180000,96,92.61700000,38782.32250000,0
1630860840000,418.50000000,419.00000000,418.40000000,418.70000000,123.88100000,1630860899999,51884.63730000,93,87.98300000,36849.81540000,0
1630860900000,418.80000000,419.10000000,418.00000000,418.00000000,171.07200000,1630860959999,71603.09380000,136,57.77200000,24184.84740000,0
1630860960000,418.00000000,418.40000000,417.60000000,418.10000000,74.48600000,1630861019999,31128.79490000,94,44.01000000,18392.42070000,0
1630861020000,418.10000000,418.40000000,418.00000000,418.10000000,88.88400000,1630861079999,37165.98910000,88,40.89200000,17099.88570000,0
1630861080000,418.20000000,418.20000000,417.80000000,418.20000000,110.41300000,1630861139999,46161.81730000,76,55.54600000,23227.98950000,0
1630861140000,418.20000000,418.20000000,417.70000000,418.10000000,104.78100000,1630861199999,43795.08060000,61,54.42100000,22750.81590000,0
1630861200000,418.00000000,418.70000000,418.00000000,418.50000000,110.33700000,1630861259999,46155.15340000,77,102.38700000,42830.15050000,0
1630861260000,418.50000000,419.10000000,418.50000000,418.90000000,306.10800000,1630861319999,128170.50580000,136,106.19900000,44473.33220000,0
1630861320000,418.80000000,419.10000000,418.60000000,418.80000000,57.37500000,1630861379999,24030.13800000,71,48.94700000,20501.14010000,0
1630861380000,418.70000000,419.00000000,418.70000000,418.80000000,34.37100000,1630861439999,14394.95940000,44,30.77700000,12890.11420000,0
1630861440000,418.80000000,419.00000000,418.40000000,419.00000000,43.25100000,1630861499999,18113.82250000,50,34.97200000,14648.92180000,0
1630861500000,419.00000000,419.40000000,418.90000000,419.30000000,95.21600000,1630861559999,39910.10550000,67,56.46600000,23668.99170000,0
1630861560000,419.50000000,419.70000000,418.90000000,419.10000000,92.67800000,1630861619999,38867.85760000,96,45.08100000,18911.62430000,0
1630861620000,419.10000000,419.90000000,418.80000000,419.70000000,119.69400000,1630861679999,50197.30390000,106,78.99200000,33137.65630000,0
1630861680000,419.50000000,419.80000000,418.70000000,419.10000000,78.06900000,1630861739999,32734.28170000,82,49.71300000,20854.27080000,0
1630861740000,419.20000000,419.90000000,419.00000000,419.70000000,41.46000000,1630861799999,17394.17130000,56,36.14000000,15163.53740000,0
1630861800000,419.70000000,420.00000000,419.60000000,419.90000000,91.88800000,1630861859999,38587.16530000,83,59.63300000,25045.28120000,0
1630861860000,419.90000000,420.00000000,419.70000000,420.00000000,232.19100000,1630861919999,97513.28320000,92,211.78100000,88945.62500000,0
1630861920000,419.90000000,420.00000000,419.70000000,420.00000000,47.94900000,1630861979999,20134.07700000,55,40.70900000,17094.67820000,0
1630861980000,420.00000000,420.00000000,419.60000000,419.90000000,77.43600000,1630862039999,32509.36370000,47,32.49300000,13644.69220000,0
1630862040000,420.00000000,420.00000000,419.60000000,419.60000000,70.20900000,1630862099999,29478.62170000,30,59.38100000,24933.33670000,0
1630862100000,419.80000000,420.40000000,419.70000000,420.30000000,92.32400000,1630862159999,38779.67480000,116,72.37400000,30398.88790000,0
1630862160000,420.30000000,420.80000000,420.00000000,420.10000000,207.65100000,1630862219999,87303.13640000,204,98.68800000,41503.72520000,0
1630862220000,420.50000000,421.00000000,420.20000000,420.60000000,96.89800000,1630862279999,40762.56370000,87,35.22500000,14820.07100000,0
1630862280000,420.60000000,421.00000000,420.50000000,420.80000000,108.48700000,1630862339999,45657.36460000,115,77.33900000,32552.70380000,0
1630862340000,420.70000000,421.00000000,420.60000000,421.00000000,71.08700000,1630862399999,29921.16870000,72,55.08400000,23187.47810000,0
1630862400000,421.00000000,421.20000000,420.80000000,421.20000000,150.64800000,1630862459999,63427.50690000,195,135.21100000,56928.00840000,0
1630862460000,421.10000000,421.20000000,420.90000000,420.90000000,107.00300000,1630862519999,45052.06260000,69,76.66100000,32278.74750000,0
1630862520000,421.00000000,421.30000000,420.80000000,421.20000000,110.36600000,1630862579999,46474.55070000,146,72.54100000,30548.68940000,0
1630862580000,421.00000000,421.20000000,420.40000000,420.50000000,86.15300000,1630862639999,36263.09230000,84,66.18000000,27858.26220000,0
1630862640000,420.40000000,420.50000000,419.60000000,419.60000000,147.51400000,1630862699999,61966.58830000,149,69.43100000,29166.92360000,0
1630862700000,419.70000000,419.90000000,419.40000000,419.60000000,121.42300000,1630862759999,50947.59710000,92,82.53700000,34635.25520000,0
1630862760000,419.50000000,420.00000000,419.40000000,419.80000000,66.51800000,1630862819999,27918.17070000,56,58.65700000,24620.38000000,0
1630862820000,419.80000000,420.10000000,419.70000000,420.10000000,42.00100000,1630862879999,17634.53030000,53,40.86300000,17156.82170000,0
1630862880000,420.00000000,420.80000000,419.90000000,420.60000000,55.77800000,1630862939999,23449.04620000,77,49.01700000,20608.04250000,0
1630862940000,420.70000000,421.10000000,420.30000000,420.90000000,56.79200000,1630862999999,23892.34500000,55,38.27800000,16107.09660000,0
1630863000000,420.70000000,421.60000000,420.50000000,421.50000000,100.15200000,1630863059999,42159.56900000,125,63.09800000,26571.80210000,0
1630863060000,421.50000000,422.00000000,421.40000000,421.80000000,73.71400000,1630863119999,31082.60740000,221,53.12100000,22400.50040000,0
1630863120000,421.80000000,422.00000000,421.60000000,421.80000000,68.59700000,1630863179999,28932.99710000,160,42.19900000,17800.79670000,0
1630863180000,421.70000000,422.20000000,421.60000000,422.00000000,65.30700000,1630863239999,27555.44950000,192,41.09700000,17342.67260000,0
1630863240000,422.20000000,422.50000000,421.90000000,422.30000000,109.63400000,1630863299999,46285.33370000,240,55.62900000,23491.24230000,0
1630863300000,422.30000000,422.40000000,421.90000000,422.00000000,124.29200000,1630863359999,52471.92460000,121,87.52300000,36952.30640000,0
1630863360000,422.00000000,422.60000000,421.90000000,422.50000000,96.46700000,1630863419999,40744.38060000,144,69.12900000,29197.24760000,0
1630863420000,422.40000000,422.90000000,422.20000000,422.40000000,111.89100000,1630863479999,47281.48910000,306,69.10600000,29206.43180000,0
1630863480000,422.40000000,422.70000000,422.00000000,422.30000000,112.28000000,1630863539999,47421.03090000,133,101.84700000,43016.39030000,0
1630863540000,422.30000000,422.80000000,422.30000000,422.70000000,56.00200000,1630863599999,23661.78230000,50,54.97600000,23228.12030000,0
1630863600000,422.70000000,422.70000000,422.30000000,422.50000000,116.67000000,1630863659999,49299.79620000,62,91.80000000,38792.99600000,0
1630863660000,422.50000000,422.80000000,422.40000000,422.70000000,49.81100000,1630863719999,21049.80830000,44,44.98600000,19011.40500000,0
1630863720000,422.80000000,425.00000000,422.20000000,423.60000000,1498.37900000,1630863779999,634464.32660000,2338,1210.47200000,512667.18000000,0
1630863780000,423.60000000,424.30000000,423.40000000,423.90000000,382.92400000,1630863839999,162302.86300000,379,224.14100000,95008.99250000,0
1630863840000,423.90000000,424.20000000,423.40000000,423.50000000,127.88000000,1630863899999,54200.38080000,160,104.87800000,44449.05650000,0
1630863900000,423.60000000,424.40000000,423.40000000,424.10000000,174.03400000,1630863959999,73789.18830000,133,156.61700000,66404.50170000,0
1630863960000,424.10000000,424.30000000,423.80000000,424.00000000,150.95400000,1630864019999,64012.96000000,103,66.33200000,28135.95370000,0
1630864020000,424.00000000,424.10000000,423.60000000,423.80000000,101.15200000,1630864079999,42872.64010000,91,76.77100000,32541.67410000,0
1630864080000,423.70000000,423.90000000,423.40000000,423.40000000,58.00300000,1630864139999,24573.01570000,48,21.09200000,8938.48150000,0
1630864140000,423.50000000,423.60000000,422.60000000,422.90000000,103.98500000,1630864199999,43996.65570000,166,72.29200000,30591.78920000,0
1630864200000,422.80000000,424.00000000,422.50000000,423.50000000,272.22500000,1630864259999,115219.74170000,136,204.46300000,86579.42070000,0
1630864260000,423.40000000,423.90000000,423.30000000,423.90000000,77.93300000,1630864319999,33010.73810000,71,42.61300000,18056.04010000,0
1630864320000,423.80000000,423.90000000,423.60000000,423.90000000,55.70200000,1630864379999,23609.98730000,60,50.07100000,21224.55300000,0
1630864380000,423.90000000,423.90000000,423.70000000,423.70000000,142.80400000,1630864439999,60532.06950000,56,103.93100000,44054.03940000,0
1630864440000,423.70000000,423.90000000,423.70000000,423.90000000,40.67100000,1630864499999,17238.78330000,54,37.24800000,15788.15480000,0
1630864500000,423.90000000,423.90000000,423.40000000,423.40000000,108.70000000,1630864559999,46048.20610000,65,60.54500000,25647.34190000,0
1630864560000,423.30000000,423.50000000,423.10000000,423.10000000,46.82000000,1630864619999,19818.48970000,55,39.23400000,16608.11660000,0
1630864620000,423.10000000,423.70000000,423.10000000,423.40000000,38.08700000,1630864679999,16130.54360000,60,34.55600000,14635.59210000,0
1630864680000,423.30000000,423.30000000,423.00000000,423.00000000,100.17000000,1630864739999,42395.23270000,82,50.43600000,21346.11150000,0
1630864740000,423.10000000,423.30000000,423.10000000,423.30000000,324.87400000,1630864799999,137512.68640000,58,316.95300000,134160.67730000,0
1630864800000,423.30000000,423.30000000,423.00000000,423.20000000,135.01500000,1630864859999,57146.44850000,49,116.09800000,49143.51490000,0
1630864860000,423.20000000,423.30000000,422.60000000,422.80000000,104.26500000,1630864919999,44100.13160000,71,39.20700000,16586.55700000,0
1630864920000,422.70000000,423.00000000,422.50000000,422.90000000,170.58500000,1630864979999,72127.79420000,67,128.94700000,54526.65740000,0
1630864980000,422.80000000,422.80000000,421.90000000,422.20000000,425.84300000,1630865039999,179802.49640000,232,242.17200000,102267.64020000,0
1630865040000,422.30000000,422.30000000,421.90000000,422.10000000,72.35300000,1630865099999,30546.12160000,82,46.57900000,19668.14890000,0
1630865100000,422.10000000,422.40000000,422.00000000,422.10000000,105.71300000,1630865159999,44620.59080000,79,71.32100000,30106.43330000,0
1630865160000,422.00000000,422.20000000,421.90000000,422.00000000,86.23500000,1630865219999,36390.70750000,70,48.80700000,20599.79950000,0
1630865220000,422.00000000,422.00000000,421.90000000,422.00000000,89.93100000,1630865279999,37949.37080000,50,74.81900000,31573.61800000,0
1630865280000,422.00000000,422.00000000,421.50000000,421.70000000,72.00500000,1630865339999,30369.31070000,123,46.62700000,19667.45060000,0
1630865340000,421.70000000,422.80000000,421.60000000,422.50000000,75.18000000,1630865399999,31739.74950000,104,52.28200000,22066.87380000,0
1630865400000,422.40000000,422.50000000,422.10000000,422.30000000,52.01200000,1630865459999,21964.83700000,48,24.30100000,10264.75240000,0
1630865460000,422.30000000,422.70000000,422.20000000,422.40000000,37.19600000,1630865519999,15716.58860000,63,14.86300000,6280.13610000,0
1630865520000,422.30000000,422.50000000,421.90000000,422.10000000,29.45500000,1630865579999,12434.54290000,60,10.05600000,4245.85400000,0
1630865580000,422.20000000,422.30000000,421.70000000,421.70000000,26.50800000,1630865639999,11184.50510000,41,8.89800000,3754.88160000,0
1630865640000,421.70000000,421.70000000,420.80000000,420.90000000,89.84100000,1630865699999,37837.03710000,205,32.61700000,13738.40930000,0
1630865700000,420.90000000,421.90000000,420.80000000,421.50000000,367.08400000,1630865759999,154642.29810000,149,143.60500000,60459.00510000,0
1630865760000,421.60000000,421.60000000,421.10000000,421.60000000,103.77200000,1630865819999,43732.37830000,29,0.66600000,280.73980000,0
1630865820000,421.50000000,421.80000000,420.90000000,421.00000000,171.64400000,1630865879999,72292.90450000,46,9.81500000,4134.25950000,0
1630865880000,420.90000000,421.20000000,420.70000000,420.80000000,288.33100000,1630865939999,121356.88070000,93,15.86800000,6679.31330000,0
1630865940000,420.80000000,421.00000000,420.20000000,420.20000000,76.41700000,1630865999999,32142.47530000,111,22.55400000,9487.50540000,0
1630866000000,420.40000000,420.40000000,419.90000000,420.10000000,131.92000000,1630866059999,55417.07090000,156,41.55600000,17461.59930000,0
1630866060000,420.00000000,420.10000000,419.20000000,419.30000000,187.48100000,1630866119999,78643.94670000,197,44.75000000,18770.05260000,0
1630866120000,419.30000000,419.80000000,419.20000000,419.40000000,87.99400000,1630866179999,36911.46480000,83,44.39600000,18622.20350000,0
1630866180000,419.40000000,419.40000000,419.10000000,419.10000000,43.44100000,1630866239999,18211.84230000,53,3.22300000,1351.15520000,0
1630866240000,419.20000000,419.40000000,419.00000000,419.10000000,79.27700000,1630866299999,33240.99440000,70,47.46700000,19906.65750000,0
1630866300000,419.10000000,419.80000000,419.10000000,419.80000000,31.28900000,1630866359999,13124.75610000,52,20.07800000,8423.90110000,0
1630866360000,419.90000000,420.80000000,419.90000000,420.40000000,105.09600000,1630866419999,44189.72370000,235,33.62800000,14133.91720000,0
1630866420000,420.40000000,421.00000000,420.30000000,420.80000000,45.20300000,1630866479999,19021.34950000,63,35.70900000,15026.40390000,0
1630866480000,420.70000000,420.90000000,420.50000000,420.60000000,49.94400000,1630866539999,21009.30910000,54,32.89800000,13839.89220000,0
1630866540000,420.60000000,420.80000000,420.40000000,420.60000000,74.25300000,1630866599999,31237.13560000,86,36.30400000,15271.86420000,0
1630866600000,420.60000000,420.70000000,420.00000000,420.50000000,79.05400000,1630866659999,33237.07040000,115,47.05900000,19786.65950000,0
1630866660000,420.50000000,421.00000000,420.00000000,420.10000000,153.25400000,1630866719999,64462.52780000,128,45.09500000,18967.94060000,0
1630866720000,420.10000000,420.40000000,419.20000000,420.40000000,192.46400000,1630866779999,80764.20050000,159,144.94100000,60822.11340000,0
1630866780000,420.40000000,420.70000000,420.20000000,420.70000000,104.99500000,1630866839999,44162.93100000,78,64.31200000,27050.07210000,0
1630866840000,420.70000000,420.70000000,420.30000000,420.40000000,27.69100000,1630866899999,11648.25760000,33,24.96700000,10502.82760000,0
1630866900000,420.40000000,421.10000000,420.40000000,420.70000000,107.35500000,1630866959999,45168.68420000,157,93.37100000,39285.62030000,0
1630866960000,420.70000000,421.30000000,420.70000000,421.10000000,187.93400000,1630867019999,79118.18900000,57,180.20200000,75862.16340000,0
1630867020000,421.10000000,421.20000000,421.00000000,421.00000000,27.66700000,1630867079999,11649.31160000,19,1.91600000,806.82990000,0
1630867080000,421.20000000,421.30000000,421.00000000,421.00000000,19.76900000,1630867139999,8325.03770000,22,10.52800000,4434.45060000,0
1630867140000,421.10000000,421.20000000,420.80000000,420.80000000,69.81700000,1630867199999,29399.03680000,31,53.77500000,22644.35570000,0
1630867200000,421.00000000,421.10000000,420.80000000,421.00000000,28.19900000,1630867259999,11871.41610000,25,25.58200000,10769.80720000,0
1630867260000,421.20000000,421.60000000,421.10000000,421.50000000,28.07400000,1630867319999,11826.90130000,33,24.81800000,10455.62570000,0
1630867320000,421.40000000,421.60000000,421.30000000,421.60000000,7.83400000,1630867379999,3301.49340000,13,3.32400000,1401.36520000,0
1630867380000,421.40000000,421.60000000,420.70000000,421.00000000,185.62400000,1630867439999,78158.32620000,67,17.02200000,7168.73170000,0
1630867440000,421.00000000,421.00000000,420.50000000,420.70000000,13.57200000,1630867499999,5710.02830000,26,8.12500000,3418.08980000,0
1630867500000,420.50000000,420.70000000,420.30000000,420.50000000,12.25600000,1630867559999,5152.93340000,31,6.23800000,2623.12830000,0
1630867560000,420.60000000,420.60000000,420.40000000,420.40000000,2.91600000,1630867619999,1225.98450000,8,0.21700000,91.25090000,0
1630867620000,420.50000000,420.60000000,420.30000000,420.50000000,6.80300000,1630867679999,2861.14900000,5,6.41900000,2699.72140000,0
1630867680000,420.50000000,420.90000000,420.50000000,420.70000000,18.87100000,1630867739999,7939.06520000,22,16.44400000,6918.29490000,0
1630867740000,420.70000000,420.70000000,420.70000000,420.70000000,5.09100000,1630867799999,2141.78370000,3,0.00000000,0.00000000,0
1630867800000,420.90000000,421.10000000,420.90000000,421.10000000,14.62600000,1630867859999,6157.55710000,9,14.59600000,6144.93010000,0
1630867860000,420.80000000,420.80000000,420.50000000,420.50000000,31.91200000,1630867919999,13426.37650000,15,24.31000000,10228.94510000,0
1630867920000,420.50000000,420.70000000,420.30000000,420.50000000,13.30600000,1630867979999,5594.83060000,28,8.05100000,3385.66610000,0
1630867980000,420.50000000,420.50000000,420.20000000,420.20000000,19.40800000,1630868039999,8160.03740000,30,16.55400000,6960.50620000,0
1630868040000,420.20000000,420.30000000,420.00000000,420.30000000,36.85400000,1630868099999,15486.74870000,36,22.58300000,9491.27990000,0
1630868100000,420.10000000,420.70000000,420.10000000,420.50000000,48.64500000,1630868159999,20452.07400000,31,27.02300000,11361.40970000,0
1630868160000,420.40000000,420.60000000,420.20000000,420.60000000,8.94300000,1630868219999,3759.28850000,9,3.69500000,1553.40130000,0
1630868220000,420.60000000,420.80000000,420.60000000,420.70000000,7.38000000,1630868279999,3104.75470000,15,6.77100000,2848.60930000,0
1630868280000,420.60000000,420.70000000,420.20000000,420.30000000,14.05400000,1630868339999,5909.83700000,15,1.67000000,702.17600000,0
1630868340000,420.40000000,420.40000000,419.90000000,419.90000000,27.63900000,1630868399999,11609.57150000,42,5.68700000,2389.34050000,0
1630868400000,420.10000000,420.20000000,419.90000000,420.20000000,1.72700000,1630868459999,725.42030000,12,0.63200000,265.52980000,0
1630868460000,420.20000000,420.40000000,420.10000000,420.40000000,13.02500000,1630868519999,5473.05180000,14,12.28600000,5162.56900000,0
1630868520000,420.40000000,420.50000000,419.90000000,420.30000000,25.40800000,1630868579999,10676.71540000,30,11.98100000,5035.50440000,0
1630868580000,420.20000000,420.50000000,419.90000000,420.50000000,22.39300000,1630868639999,9415.83280000,20,20.83800000,8762.21300000,0
1630868640000,420.50000000,420.60000000,420.30000000,420.60000000,4.06500000,1630868699999,1709.29070000,22,1.72200000,724.18870000,0
1630868700000,420.70000000,420.70000000,420.30000000,420.70000000,91.10200000,1630868759999,38310.58800000,47,65.96900000,27743.64610000,0
1630868760000,420.70000000,420.70000000,420.30000000,420.30000000,27.36700000,1630868819999,11508.34600000,24,19.48400000,8194.95690000,0
1630868820000,420.40000000,420.60000000,419.60000000,419.70000000,168.31600000,1630868879999,70689.94590000,109,17.61400000,7392.12680000,0
1630868880000,419.60000000,419.80000000,419.30000000,419.60000000,41.15300000,1630868939999,17264.65820000,58,25.09300000,10527.74580000,0
1630868940000,419.50000000,419.80000000,419.20000000,419.80000000,18.59700000,1630868999999,7802.29010000,29,13.26800000,5567.70660000,0
1630869000000,419.70000000,419.80000000,419.40000000,419.70000000,88.32300000,1630869059999,37055.52080000,51,6.50600000,2730.60920000,0
1630869060000,419.50000000,419.90000000,419.50000000,419.50000000,9.47300000,1630869119999,3974.47990000,16,0.55200000,231.68560000,0
1630869120000,419.80000000,420.00000000,419.70000000,420.00000000,23.69900000,1630869179999,9949.05030000,22,16.02400000,6727.85280000,0
1630869180000,419.90000000,421.50000000,419.90000000,421.30000000,226.53200000,1630869239999,95377.13040000,105,134.87300000,56787.20130000,0
1630869240000,421.40000000,421.70000000,420.80000000,420.80000000,104.07100000,1630869299999,43856.99900000,69,80.66300000,33999.33980000,0
1630869300000,420.80000000,422.10000000,420.80000000,422.10000000,47.56900000,1630869359999,20065.75860000,62,39.92400000,16843.08750000,0
1630869360000,422.10000000,422.20000000,421.40000000,421.60000000,35.59600000,1630869419999,15016.24520000,31,27.11300000,11437.49240000,0
1630869420000,421.40000000,421.90000000,420.60000000,420.60000000,268.63200000,1630869479999,113166.34500000,95,83.58100000,35228.36500000,0
1630869480000,420.80000000,420.80000000,419.80000000,420.40000000,133.06600000,1630869539999,55950.28440000,93,32.69600000,13743.00250000,0
1630869540000,420.50000000,420.70000000,420.10000000,420.10000000,80.49500000,1630869599999,33848.23000000,31,26.69400000,11226.61820000,0
1630869600000,420.20000000,420.50000000,420.10000000,420.20000000,87.96800000,1630869659999,36968.57620000,46,31.25400000,13133.34490000,0
1630869660000,420.20000000,420.20000000,418.20000000,418.80000000,434.16600000,1630869719999,181958.27430000,384,147.55300000,61864.12100000,0
1630869720000,418.70000000,419.30000000,418.70000000,419.30000000,24.12700000,1630869779999,10109.67960000,74,13.02900000,5459.48490000,0
1630869780000,419.30000000,419.40000000,418.60000000,418.60000000,140.33400000,1630869839999,58810.79350000,81,38.36000000,16081.45760000,0
1630869840000,418.60000000,418.60000000,417.70000000,417.90000000,117.79700000,1630869899999,49248.67810000,359,57.63100000,24098.17340000,0
1630869900000,417.90000000,418.00000000,417.40000000,417.80000000,148.43300000,1630869959999,61994.15180000,129,12.96000000,5415.23870000,0
1630869960000,417.70000000,418.20000000,415.80000000,416.00000000,1355.23500000,1630870019999,564330.74670000,1196,442.66500000,184267.46200000,0
1630870020000,415.90000000,417.00000000,415.90000000,416.10000000,441.28300000,1630870079999,183759.38570000,698,229.66800000,95662.11690000,0
1630870080000,416.00000000,416.70000000,416.00000000,416.50000000,423.45100000,1630870139999,176325.75320000,275,260.81800000,108609.86510000,0
1630870140000,416.60000000,416.70000000,416.30000000,416.50000000,120.17400000,1630870199999,50057.01740000,153,47.10800000,19619.78080000,0
1630870200000,416.50000000,417.20000000,416.50000000,417.00000000,81.46100000,1630870259999,33964.48430000,153,33.10000000,13798.94440000,0
1630870260000,417.00000000,417.20000000,416.90000000,417.20000000,36.07800000,1630870319999,15046.71340000,61,4.73100000,1973.04770000,0
1630870320000,417.20000000,417.30000000,417.00000000,417.20000000,52.17300000,1630870379999,21760.26830000,55,19.57100000,8164.17160000,0
1630870380000,417.30000000,417.40000000,416.80000000,416.90000000,123.08600000,1630870439999,51343.51100000,81,15.44300000,6441.43990000,0
1630870440000,416.90000000,417.00000000,416.30000000,416.70000000,105.12500000,1630870499999,43799.21400000,67,14.82500000,6176.35160000,0
1630870500000,416.70000000,417.00000000,416.20000000,417.00000000,136.30100000,1630870559999,56757.12170000,71,9.99400000,4164.89680000,0
1630870560000,417.00000000,417.20000000,416.70000000,416.70000000,16.17800000,1630870619999,6745.89840000,26,7.67200000,3199.83120000,0
1630870620000,416.60000000,417.00000000,416.60000000,416.90000000,25.62200000,1630870679999,10676.95770000,28,20.74300000,8644.27080000,0
1630870680000,417.00000000,417.10000000,416.80000000,417.00000000,53.87000000,1630870739999,22462.01410000,37,21.17000000,8827.63690000,0
1630870740000,416.90000000,417.00000000,416.30000000,416.40000000,75.06000000,1630870799999,31268.36810000,61,22.39300000,9328.57560000,0
1630870800000,416.30000000,416.60000000,416.30000000,416.60000000,27.75500000,1630870859999,11559.37220000,36,6.70600000,2792.87700000,0
1630870860000,416.60000000,416.70000000,416.20000000,416.60000000,60.87100000,1630870919999,25354.38340000,42,50.89200000,21198.27940000,0
1630870920000,416.60000000,416.80000000,416.50000000,416.70000000,21.01000000,1630870979999,8754.25080000,17,7.26200000,3025.60060000,0
1630870980000,416.70000000,416.90000000,416.30000000,416.40000000,50.35400000,1630871039999,20978.40470000,38,21.16900000,8819.98300000,0
1630871040000,416.40000000,416.70000000,416.40000000,416.70000000,20.35500000,1630871099999,8480.66510000,22,18.98200000,7908.68210000,0
1630871100000,416.60000000,417.00000000,416.60000000,416.90000000,104.18700000,1630871159999,43424.50230000,46,84.33800000,35151.58600000,0
1630871160000,416.90000000,416.90000000,416.50000000,416.50000000,24.32900000,1630871219999,10140.78560000,14,12.17800000,5076.99240000,0
1630871220000,416.50000000,416.70000000,416.40000000,416.60000000,45.84000000,1630871279999,19093.07630000,36,22.96500000,9562.91510000,0
1630871280000,416.50000000,417.00000000,416.50000000,416.90000000,153.78500000,1630871339999,64111.50910000,40,139.18000000,58027.87900000,0
1630871340000,416.90000000,417.00000000,416.60000000,416.60000000,9.45600000,1630871399999,3941.27610000,15,3.64800000,1520.38330000,0
1630871400000,416.60000000,416.60000000,416.40000000,416.40000000,7.01000000,1630871459999,2919.71190000,17,2.72600000,1135.65160000,0
1630871460000,416.40000000,416.50000000,416.10000000,416.30000000,49.15900000,1630871519999,20457.93030000,24,16.28000000,6775.84700000,0
1630871520000,416.40000000,416.90000000,416.40000000,416.80000000,128.70200000,1630871579999,53623.18860000,79,73.00100000,30414.68750000,0
1630871580000,416.80000000,416.80000000,416.30000000,416.70000000,20.22100000,1630871639999,8425.48860000,26,13.15600000,5482.21650000,0
1630871640000,416.70000000,418.10000000,416.70000000,417.80000000,394.06100000,1630871699999,164531.24370000,375,216.85200000,90525.74130000,0
1630871700000,417.70000000,418.00000000,417.70000000,417.70000000,45.95900000,1630871759999,19203.98740000,45,38.78700000,16207.33590000,0
1630871760000,417.70000000,417.80000000,417.40000000,417.50000000,9.43100000,1630871819999,3938.22170000,46,4.01900000,1678.34930000,0
1630871820000,417.50000000,417.60000000,417.20000000,417.30000000,19.77300000,1630871879999,8254.23650000,20,2.98800000,1247.19160000,0
1630871880000,417.40000000,417.40000000,416.70000000,416.70000000,37.08000000,1630871939999,15458.76130000,23,2.89300000,1206.47260000,0
1630871940000,416.80000000,417.00000000,416.80000000,417.00000000,12.27300000,1630871999999,5117.52450000,18,10.34400000,4313.37960000,0
1630872000000,416.90000000,417.10000000,416.50000000,416.60000000,30.08600000,1630872059999,12539.11200000,43,10.28000000,4285.84490000,0
1630872060000,416.60000000,416.60000000,416.50000000,416.50000000,10.88700000,1630872119999,4534.89150000,26,8.95900000,3731.87950000,0
1630872120000,416.50000000,416.60000000,416.30000000,416.40000000,39.73700000,1630872179999,16549.89300000,40,4.94100000,2058.23330000,0
1630872180000,416.40000000,416.40000000,416.30000000,416.40000000,12.09400000,1630872239999,5035.48900000,21,7.56800000,3151.31520000,0
1630872240000,416.70000000,417.30000000,416.50000000,417.10000000,39.92700000,1630872299999,16645.55110000,41,29.61500000,12349.70680000,0
1630872300000,417.20000000,417.40000000,416.80000000,417.20000000,26.29700000,1630872359999,10962.60960000,34,2.49300000,1040.13490000,0
1630872360000,417.30000000,417.30000000,416.50000000,416.70000000,52.54600000,1630872419999,21901.83880000,36,5.97800000,2492.76720000,0
1630872420000,416.60000000,417.00000000,416.50000000,417.00000000,15.49300000,1630872479999,6456.85680000,13,13.79300000,5748.80680000,0
1630872480000,417.00000000,417.20000000,416.80000000,417.00000000,8.62800000,1630872539999,3598.34650000,17,4.65000000,1939.69520000,0
1630872540000,417.20000000,417.40000000,417.10000000,417.30000000,23.34600000,1630872599999,9740.19280000,22,16.07600000,6707.18710000,0
1630872600000,417.10000000,417.20000000,417.00000000,417.10000000,4.47700000,1630872659999,1867.10080000,12,1.52600000,636.53380000,0
1630872660000,417.10000000,417.30000000,417.00000000,417.20000000,11.03100000,1630872719999,4601.80720000,18,9.55100000,3984.63490000,0
1630872720000,417.10000000,417.40000000,417.10000000,417.40000000,20.48800000,1630872779999,8549.12530000,20,15.87400000,6624.18700000,0
1630872780000,417.30000000,417.30000000,417.10000000,417.20000000,27.16400000,1630872839999,11332.87730000,22,17.50600000,7303.57160000,0
1630872840000,417.20000000,417.30000000,417.10000000,417.10000000,6.65500000,1630872899999,2776.30910000,19,1.76700000,737.15480000,0
1630872900000,417.10000000,417.20000000,416.90000000,416.90000000,14.41300000,1630872959999,6010.77170000,25,7.50800000,3131.36270000,0
1630872960000,417.00000000,417.00000000,416.60000000,416.70000000,16.28500000,1630873019999,6788.14030000,25,8.65900000,3610.20710000,0
1630873020000,416.70000000,416.90000000,416.60000000,416.90000000,17.04100000,1630873079999,7101.26400000,23,2.49400000,1039.56160000,0
1630873080000,416.80000000,416.90000000,416.60000000,416.60000000,52.95000000,1630873139999,22070.92280000,22,49.21400000,20514.06700000,0
1630873140000,416.70000000,417.20000000,416.70000000,417.10000000,14.06000000,1630873199999,5864.13700000,18,2.26800000,945.72940000,0
1630873200000,417.10000000,417.30000000,417.00000000,417.10000000,6.99300000,1630873259999,2916.80840000,18,3.61200000,1506.86790000,0
1630873260000,417.10000000,417.30000000,417.10000000,417.30000000,8.79900000,1630873319999,3670.26650000,14,2.94700000,1229.37730000,0
1630873320000,417.40000000,417.40000000,417.10000000,417.10000000,17.62500000,1630873379999,7352.96610000,9,0.89900000,375.21230000,0
1630873380000,417.20000000,417.20000000,417.00000000,417.10000000,15.36400000,1630873439999,6408.30790000,10,5.95700000,2484.67980000,0
1630873440000,416.90000000,417.50000000,416.90000000,417.40000000,15.01200000,1630873499999,6264.34350000,13,7.77500000,3244.38370000,0
1630873500000,417.40000000,417.40000000,417.00000000,417.10000000,8.74600000,1630873559999,3648.14330000,14,4.21400000,1758.29930000,0
1630873560000,417.00000000,417.20000000,416.90000000,416.90000000,15.77900000,1630873619999,6580.28700000,16,5.17100000,2156.84350000,0
1630873620000,416.90000000,417.10000000,416.80000000,417.00000000,22.96000000,1630873679999,9573.87220000,17,5.54500000,2312.57490000,0
1630873680000,417.00000000,417.40000000,416.80000000,417.40000000,47.42500000,1630873739999,19774.69140000,23,7.10500000,2963.58320000,0
1630873740000,417.30000000,417.70000000,417.30000000,417.30000000,102.50800000,1630873799999,42797.97330000,35,91.59900000,38245.64760000,0
1630873800000,417.30000000,417.50000000,417.30000000,417.40000000,2.94600000,1630873859999,1229.51860000,14,1.50300000,627.35470000,0
1630873860000,417.40000000,417.50000000,417.30000000,417.40000000,21.09800000,1630873919999,8806.40810000,24,4.25500000,1776.17790000,0
1630873920000,417.40000000,417.40000000,417.00000000,417.10000000,38.71200000,1630873979999,16149.56580000,33,14.19600000,5923.56940000,0
1630873980000,417.20000000,417.40000000,417.00000000,417.30000000,38.08400000,1630874039999,15884.89830000,34,11.49700000,4796.55080000,0
1630874040000,417.30000000,417.30000000,417.20000000,417.20000000,1.55300000,1630874099999,647.98500000,14,1.55300000,647.98500000,0
1630874100000,417.10000000,417.40000000,417.10000000,417.20000000,10.13100000,1630874159999,4226.77470000,29,7.55700000,3152.91260000,0
1630874160000,417.40000000,417.60000000,417.30000000,417.50000000,19.38100000,1630874219999,8089.62420000,24,15.12400000,6312.88610000,0
1630874220000,417.50000000,417.80000000,417.10000000,417.50000000,71.26600000,1630874279999,29743.55440000,51,7.99200000,3337.57660000,0
1630874280000,417.40000000,417.60000000,417.30000000,417.30000000,5.98700000,1630874339999,2499.29010000,22,2.83000000,1181.56760000,0
1630874340000,417.30000000,417.40000000,417.30000000,417.40000000,5.74700000,1630874399999,2398.23380000,16,5.74700000,2398.23380000,0
1630874400000,417.40000000,417.40000000,416.90000000,417.30000000,78.02900000,1630874459999,32542.13040000,46,5.49000000,2290.95710000,0
1630874460000,417.50000000,417.50000000,417.10000000,417.10000000,30.89700000,1630874519999,12893.05290000,28,10.37500000,4328.59680000,0
1630874520000,417.40000000,417.40000000,417.10000000,417.40000000,10.79700000,1630874579999,4504.38030000,17,1.02400000,427.29150000,0
1630874580000,417.40000000,417.50000000,416.90000000,417.00000000,74.15000000,1630874639999,30939.28090000,30,36.12800000,15076.13300000,0
1630874640000,417.00000000,417.00000000,416.20000000,416.20000000,109.77100000,1630874699999,45719.36740000,75,27.86200000,11603.46690000,0
1630874700000,416.10000000,416.10000000,415.80000000,416.00000000,68.31400000,1630874759999,28415.52410000,65,46.47400000,19329.56360000,0
1630874760000,416.00000000,416.10000000,415.60000000,415.90000000,89.68700000,1630874819999,37291.30520000,106,9.98800000,4154.26120000,0
1630874820000,415.90000000,416.30000000,415.90000000,416.10000000,24.84400000,1630874879999,10337.56630000,36,20.87700000,8686.67150000,0
1630874880000,416.10000000,416.20000000,415.90000000,415.90000000,18.71600000,1630874939999,7787.05060000,16,13.74500000,5719.15520000,0
1630874940000,415.90000000,416.10000000,415.70000000,415.80000000,16.54300000,1630874999999,6877.77240000,23,12.82300000,5331.16220000,0
1630875000000,416.00000000,416.00000000,415.40000000,415.50000000,80.58400000,1630875059999,33485.77450000,86,3.97800000,1653.31650000,0
1630875060000,415.60000000,415.80000000,415.50000000,415.80000000,9.44000000,1630875119999,3923.84620000,38,6.11900000,2543.85030000,0
1630875120000,415.70000000,416.60000000,415.60000000,416.60000000,194.54800000,1630875179999,80959.53540000,95,108.66600000,45244.56280000,0
1630875180000,416.50000000,418.60000000,416.50000000,418.00000000,348.49700000,1630875239999,145638.23150000,330,205.66000000,85911.71130000,0
1630875240000,418.40000000,419.20000000,418.40000000,419.00000000,80.47500000,1630875299999,33706.62070000,122,32.24900000,13507.80290000,0
1630875300000,419.00000000,419.40000000,418.70000000,419.20000000,104.04100000,1630875359999,43601.63010000,83,15.21200000,6376.07020000,0
1630875360000,419.20000000,420.10000000,419.10000000,419.90000000,118.00300000,1630875419999,49532.04470000,111,56.06100000,23528.05760000,0
1630875420000,420.00000000,420.70000000,420.00000000,420.70000000,69.59800000,1630875479999,29256.84450000,136,42.12800000,17708.94310000,0
1630875480000,420.80000000,421.70000000,420.70000000,421.60000000,229.47400000,1630875539999,96650.92930000,311,79.83500000,33621.88070000,0
1630875540000,421.30000000,421.70000000,421.30000000,421.50000000,69.75400000,1630875599999,29403.08730000,94,22.98100000,9688.11000000,0
1630875600000,421.60000000,422.50000000,421.50000000,422.50000000,103.61200000,1630875659999,43729.66700000,206,47.57700000,20078.27710000,0
1630875660000,422.30000000,422.50000000,422.10000000,422.10000000,24.29700000,1630875719999,10259.28830000,60,2.57000000,1085.60110000,0
1630875720000,422.20000000,422.50000000,420.00000000,420.10000000,260.62800000,1630875779999,109812.70660000,213,58.90900000,24844.37550000,0
1630875780000,420.60000000,422.60000000,419.90000000,422.30000000,493.27300000,1630875839999,207891.65330000,473,261.46900000,110099.37370000,0
1630875840000,422.40000000,423.30000000,421.90000000,423.20000000,472.41200000,1630875899999,199690.51740000,459,288.82000000,122095.75230000,0
1630875900000,423.20000000,423.90000000,423.10000000,423.90000000,130.52300000,1630875959999,55279.02070000,178,117.55500000,49787.09620000,0
1630875960000,423.90000000,424.10000000,423.50000000,423.50000000,132.85600000,1630876019999,56321.56160000,190,60.68700000,25730.59430000,0
1630876020000,423.60000000,423.90000000,422.90000000,423.20000000,138.82800000,1630876079999,58764.59080000,186,26.85700000,11376.14080000,0
1630876080000,422.90000000,423.60000000,422.30000000,423.50000000,193.12700000,1630876139999,81715.95570000,217,155.14200000,65658.17460000,0
1630876140000,423.40000000,423.80000000,423.20000000,423.20000000,87.04100000,1630876199999,36863.62270000,80,18.88900000,8000.54900000,0
1630876200000,423.20000000,423.20000000,422.50000000,422.60000000,21.82600000,1630876259999,9230.67360000,51,6.97900000,2952.04490000,0
1630876260000,422.50000000,422.60000000,422.50000000,422.50000000,17.57600000,1630876319999,7426.15500000,36,4.09300000,1729.58750000,0
1630876320000,422.50000000,423.00000000,422.40000000,422.90000000,14.49400000,1630876379999,6123.53020000,38,8.26800000,3493.33360000,0
1630876380000,423.00000000,423.00000000,421.10000000,421.30000000,476.28500000,1630876439999,201036.43440000,216,20.65000000,8706.88250000,0
1630876440000,421.30000000,421.80000000,421.20000000,421.60000000,42.99700000,1630876499999,18124.76550000,77,15.17500000,6397.90780000,0
1630876500000,421.60000000,421.70000000,421.10000000,421.40000000,24.84000000,1630876559999,10467.01940000,50,17.62000000,7425.27300000,0
1630876560000,421.40000000,422.70000000,421.30000000,422.70000000,281.62800000,1630876619999,118808.94770000,188,133.70000000,56411.52530000,0
1630876620000,422.60000000,423.00000000,422.40000000,422.60000000,57.52000000,1630876679999,24312.98930000,62,10.60900000,4485.55490000,0
1630876680000,422.50000000,422.60000000,421.90000000,421.90000000,25.39300000,1630876739999,10724.35830000,29,4.11300000,1737.02080000,0
1630876740000,422.00000000,422.00000000,421.80000000,421.80000000,1.90100000,1630876799999,802.14410000,10,1.14500000,483.19000000,0
1630876800000,421.90000000,421.90000000,421.10000000,421.10000000,50.54500000,1630876859999,21300.61710000,61,16.62700000,7008.36730000,0
1630876860000,421.10000000,421.10000000,420.50000000,420.50000000,22.34200000,1630876919999,9402.41300000,58,12.78400000,5380.26320000,0
1630876920000,420.60000000,420.70000000,420.30000000,420.60000000,33.58200000,1630876979999,14123.22320000,44,21.28800000,8953.83880000,0
1630876980000,420.60000000,420.80000000,420.50000000,420.60000000,42.09900000,1630877039999,17707.45260000,36,7.44800000,3133.24550000,0
1630877040000,420.60000000,420.60000000,419.90000000,420.00000000,248.55800000,1630877099999,104432.40360000,182,39.98500000,16802.74390000,0
1630877100000,420.10000000,420.60000000,419.90000000,420.60000000,91.28500000,1630877159999,38365.80450000,45,71.54400000,30075.88420000,0
1630877160000,420.50000000,420.60000000,419.50000000,420.10000000,247.52900000,1630877219999,103944.89120000,131,128.18100000,53820.70000000,0
1630877220000,420.10000000,420.30000000,419.70000000,420.00000000,56.78400000,1630877279999,23855.05360000,62,48.41800000,20342.20430000,0
1630877280000,420.00000000,420.30000000,419.70000000,419.80000000,52.83100000,1630877339999,22184.79910000,37,7.61200000,3198.78120000,0
1630877340000,419.80000000,420.00000000,419.70000000,420.00000000,13.61300000,1630877399999,5714.89990000,14,1.22000000,512.40000000,0
1630877400000,419.90000000,420.00000000,419.80000000,419.80000000,10.49000000,1630877459999,4404.05170000,16,9.24300000,3880.53640000,0
1630877460000,419.80000000,419.90000000,419.70000000,419.80000000,11.70700000,1630877519999,4915.11830000,16,6.51100000,2733.90760000,0
1630877520000,420.00000000,420.20000000,419.50000000,419.50000000,158.28300000,1630877579999,66462.54660000,59,53.83200000,22611.97550000,0
1630877580000,419.60000000,420.10000000,419.30000000,420.00000000,220.24100000,1630877639999,92403.61700000,70,76.46500000,32090.02390000,0
1630877640000,420.10000000,420.10000000,419.80000000,419.90000000,5.26700000,1630877699999,2211.59100000,20,2.09300000,879.06110000,0
1630877700000,419.90000000,420.20000000,419.80000000,420.10000000,9.54700000,1630877759999,4010.52970000,37,4.10500000,1724.66640000,0
1630877760000,420.10000000,420.30000000,419.20000000,420.30000000,183.46900000,1630877819999,77005.19780000,112,119.22400000,50045.45630000,0
1630877820000,420.10000000,420.50000000,420.10000000,420.40000000,27.68100000,1630877879999,11634.02820000,41,20.11600000,8455.26260000,0
1630877880000,420.40000000,420.80000000,420.30000000,420.60000000,83.43600000,1630877939999,35085.61010000,53,24.66600000,10375.66690000,0
1630877940000,420.70000000,420.70000000,419.90000000,420.40000000,46.90400000,1630877999999,19711.02830000,26,17.20300000,7228.48030000,0
1630878000000,420.10000000,420.70000000,419.50000000,419.70000000,101.72000000,1630878059999,42726.39530000,76,3.25400000,1367.47110000,0
1630878060000,419.60000000,420.80000000,419.60000000,420.60000000,159.07000000,1630878119999,66874.86000000,72,134.69800000,56628.84550000,0
1630878120000,420.70000000,420.70000000,420.60000000,420.70000000,2.45900000,1630878179999,1034.40130000,9,1.45900000,613.80130000,0
1630878180000,420.60000000,420.60000000,420.10000000,420.30000000,15.51000000,1630878239999,6518.21510000,47,6.94100000,2917.90170000,0
1630878240000,420.30000000,423.70000000,420.10000000,421.10000000,1255.89300000,1630878299999,529897.09490000,548,890.29100000,375517.24840000,0
1630878300000,421.40000000,422.90000000,421.20000000,421.70000000,561.74400000,1630878359999,237116.72410000,192,531.49100000,224350.71680000,0
1630878360000,421.70000000,422.00000000,421.00000000,421.10000000,106.12500000,1630878419999,44736.53300000,104,81.27100000,34260.58660000,0
1630878420000,421.00000000,421.20000000,420.00000000,420.00000000,193.23600000,1630878479999,81253.76100000,174,33.78100000,14204.62370000,0
1630878480000,420.20000000,421.20000000,419.90000000,421.10000000,545.21900000,1630878539999,229257.48790000,204,503.35700000,211668.65400000,0
1630878540000,420.60000000,421.00000000,420.60000000,420.80000000,21.51700000,1630878599999,9053.98230000,25,15.16000000,6379.23140000,0
1630878600000,420.80000000,421.10000000,420.80000000,421.10000000,48.51500000,1630878659999,20416.40340000,36,46.77400000,19683.74640000,0
1630878660000,421.10000000,421.10000000,420.90000000,420.90000000,131.89900000,1630878719999,55529.19490000,54,9.69400000,4081.58620000,0
1630878720000,420.80000000,421.10000000,420.60000000,421.00000000,28.51200000,1630878779999,11999.07800000,25,23.15400000,9745.34150000,0
1630878780000,420.90000000,421.20000000,420.70000000,420.70000000,14.73400000,1630878839999,6203.28690000,17,13.92200000,5861.60850000,0
1630878840000,420.70000000,421.00000000,420.40000000,420.60000000,17.88300000,1630878899999,7522.73030000,34,9.67300000,4069.98450000,0
1630878900000,420.50000000,420.60000000,420.40000000,420.50000000,3.82900000,1630878959999,1610.02100000,22,2.04400000,859.50680000,0
1630878960000,420.40000000,420.40000000,420.10000000,420.20000000,27.57200000,1630879019999,11585.80380000,44,7.10100000,2984.16540000,0
1630879020000,420.10000000,420.40000000,420.00000000,420.30000000,34.61700000,1630879079999,14545.16790000,27,28.10200000,11808.42690000,0
1630879080000,420.20000000,420.30000000,419.90000000,420.10000000,14.93500000,1630879139999,6273.14550000,26,5.86900000,2465.53720000,0
1630879140000,420.10000000,420.10000000,419.60000000,419.60000000,20.86800000,1630879199999,8759.54300000,36,9.90500000,4157.68590000,0
1630879200000,419.60000000,420.20000000,419.50000000,419.80000000,120.26800000,1630879259999,50500.27370000,69,8.48300000,3560.16390000,0
1630879260000,419.70000000,420.00000000,419.50000000,420.00000000,17.69400000,1630879319999,7429.74630000,31,8.69000000,3649.51930000,0
1630879320000,419.90000000,420.20000000,419.80000000,419.80000000,35.92800000,1630879379999,15085.35130000,36,1.56300000,656.47570000,0
1630879380000,419.80000000,419.90000000,419.40000000,419.70000000,45.39300000,1630879439999,19051.84830000,47,6.31600000,2651.74500000,0
1630879440000,419.50000000,419.60000000,419.10000000,419.40000000,47.70700000,1630879499999,20004.76630000,63,6.50100000,2726.30820000,0
1630879500000,419.40000000,419.50000000,418.70000000,418.70000000,234.54200000,1630879559999,98246.20690000,150,3.38200000,1417.74430000,0
1630879560000,419.00000000,419.10000000,418.50000000,418.80000000,199.34900000,1630879619999,83445.68150000,85,3.35200000,1404.42800000,0
1630879620000,419.00000000,419.00000000,418.80000000,419.00000000,48.18300000,1630879679999,20187.30490000,32,38.24400000,16024.23600000,0
1630879680000,419.00000000,419.30000000,418.40000000,419.00000000,428.23800000,1630879739999,179324.14870000,107,48.24900000,20225.48660000,0
1630879740000,418.90000000,418.90000000,418.30000000,418.60000000,156.10500000,1630879799999,65325.21820000,109,60.66900000,25388.91540000,0
1630879800000,418.60000000,418.70000000,418.10000000,418.40000000,40.72200000,1630879859999,17037.59950000,58,19.85100000,8308.77370000,0
1630879860000,418.40000000,418.40000000,418.00000000,418.00000000,30.39200000,1630879919999,12707.73210000,31,2.80400000,1172.95880000,0
1630879920000,418.20000000,418.30000000,417.90000000,418.10000000,173.91100000,1630879979999,72704.96630000,156,23.50500000,9830.61960000,0
1630879980000,417.90000000,417.90000000,416.20000000,416.30000000,296.02700000,1630880039999,123412.68590000,391,89.08900000,37132.74690000,0
1630880040000,416.40000000,416.80000000,416.30000000,416.70000000,163.89800000,1630880099999,68276.69420000,77,36.80000000,15331.00340000,0
1630880100000,416.70000000,416.80000000,416.30000000,416.60000000,84.54600000,1630880159999,35218.31840000,108,17.24400000,7184.96070000,0
1630880160000,416.60000000,417.00000000,416.50000000,416.50000000,93.46100000,1630880219999,38943.99900000,76,43.18000000,17993.46100000,0
1630880220000,416.40000000,416.50000000,416.20000000,416.40000000,34.44300000,1630880279999,14339.23920000,45,11.93900000,4971.35920000,0
1630880280000,416.30000000,416.40000000,416.00000000,416.10000000,60.51200000,1630880339999,25182.94510000,55,11.65000000,4848.49520000,0
1630880340000,416.10000000,416.70000000,415.90000000,416.40000000,73.98100000,1630880399999,30796.92380000,54,35.61300000,14831.64440000,0
1630880400000,416.40000000,416.70000000,415.50000000,415.50000000,96.95700000,1630880459999,40337.68900000,121,26.57200000,11065.46740000,0
1630880460000,415.60000000,415.70000000,415.10000000,415.50000000,164.84700000,1630880519999,68486.45130000,166,23.93000000,9941.30310000,0
1630880520000,415.50000000,415.80000000,415.40000000,415.70000000,25.08000000,1630880579999,10424.28520000,42,16.08300000,6685.32620000,0
1630880580000,415.70000000,415.80000000,415.30000000,415.30000000,68.68400000,1630880639999,28531.17140000,43,2.13400000,887.08100000,0
1630880640000,415.40000000,415.50000000,415.30000000,415.40000000,11.45800000,1630880699999,4759.06120000,20,4.74500000,1971.15230000,0
1630880700000,415.40000000,415.90000000,415.30000000,415.90000000,113.02300000,1630880759999,46972.73160000,64,110.67800000,45998.64010000,0
1630880760000,415.70000000,416.20000000,415.70000000,415.80000000,21.82300000,1630880819999,9080.20950000,57,19.63400000,8169.81920000,0
1630880820000,416.00000000,416.60000000,415.90000000,416.60000000,14.68800000,1630880879999,6114.39020000,40,10.77700000,4486.96500000,0
1630880880000,416.50000000,416.60000000,416.30000000,416.30000000,7.91800000,1630880939999,3297.37900000,25,4.99700000,2080.83580000,0
1630880940000,416.20000000,416.20000000,416.00000000,416.10000000,8.74200000,1630880999999,3638.04760000,29,7.48500000,3115.10240000,0
1630881000000,416.10000000,416.30000000,416.10000000,416.30000000,18.83200000,1630881059999,7838.53230000,30,18.25500000,7598.39230000,0
1630881060000,416.30000000,416.30000000,415.70000000,415.70000000,49.44800000,1630881119999,20572.60660000,39,20.54800000,8550.06090000,0
1630881120000,415.70000000,415.80000000,415.60000000,415.70000000,5.87200000,1630881179999,2441.09630000,18,4.16800000,1732.87680000,0
1630881180000,415.70000000,415.70000000,414.90000000,415.10000000,242.86300000,1630881239999,100800.24410000,130,80.43800000,33389.67910000,0
1630881240000,415.10000000,415.50000000,415.00000000,415.50000000,6.94700000,1630881299999,2884.30870000,15,5.28600000,2194.88430000,0
1630881300000,415.40000000,415.70000000,415.30000000,415.40000000,3.10600000,1630881359999,1290.68060000,13,1.31300000,545.68180000,0
1630881360000,415.50000000,415.50000000,414.90000000,414.90000000,25.89200000,1630881419999,10745.99470000,36,13.66100000,5669.66410000,0
1630881420000,415.10000000,415.30000000,415.10000000,415.30000000,28.65400000,1630881479999,11898.16200000,24,28.56800000,11862.46340000,0
1630881480000,415.30000000,415.50000000,415.20000000,415.20000000,10.17800000,1630881539999,4227.39090000,11,9.56000000,3970.74920000,0
1630881540000,415.20000000,415.50000000,415.00000000,415.10000000,28.01200000,1630881599999,11630.05700000,39,2.89800000,1203.40460000,0
1630881600000,415.30000000,415.40000000,415.10000000,415.20000000,15.82400000,1630881659999,6570.14540000,23,4.49500000,1866.73890000,0
1630881660000,415.10000000,415.20000000,414.80000000,415.00000000,30.59200000,1630881719999,12698.81990000,33,3.99300000,1657.84840000,0
1630881720000,414.90000000,415.10000000,414.80000000,414.90000000,38.26200000,1630881779999,15877.93650000,49,35.85500000,14879.28310000,0
1630881780000,414.80000000,415.10000000,414.70000000,415.00000000,27.16800000,1630881839999,11270.65490000,58,13.03100000,5406.69030000,0
1630881840000,415.30000000,415.40000000,415.10000000,415.40000000,13.38500000,1630881899999,5559.41490000,21,11.49900000,4776.23130000,0
1630881900000,415.40000000,415.50000000,415.00000000,415.00000000,46.89700000,1630881959999,19473.71480000,62,40.39300000,16773.90280000,0
1630881960000,415.00000000,415.20000000,414.70000000,414.90000000,51.74200000,1630882019999,21468.22590000,58,21.43600000,8896.53880000,0
1630882020000,414.90000000,415.50000000,414.90000000,415.50000000,53.11100000,1630882079999,22043.46060000,35,48.07100000,19951.18510000,0
1630882080000,415.40000000,415.40000000,414.80000000,415.00000000,161.50400000,1630882139999,67027.30730000,47,107.16900000,44475.79820000,0
1630882140000,415.00000000,415.30000000,414.70000000,415.20000000,80.69300000,1630882199999,33479.67390000,41,17.16300000,7123.44290000,0
1630882200000,415.30000000,415.30000000,414.60000000,414.60000000,123.62400000,1630882259999,51285.53530000,59,28.11500000,11670.43950000,0
1630882260000,414.90000000,415.30000000,414.50000000,415.30000000,96.45700000,1630882319999,40020.88360000,96,52.71800000,21885.77780000,0
1630882320000,415.40000000,416.00000000,415.30000000,416.00000000,102.69000000,1630882379999,42685.65670000,86,79.65800000,33114.80320000,0
1630882380000,416.00000000,416.20000000,415.90000000,415.90000000,53.68900000,1630882439999,22336.09340000,71,15.81000000,6578.02300000,0
1630882440000,416.00000000,416.30000000,415.40000000,415.40000000,89.21300000,1630882499999,37105.45290000,76,27.80200000,11569.61990000,0
1630882500000,415.70000000,415.90000000,415.50000000,415.80000000,48.11100000,1630882559999,20002.59060000,53,28.33500000,11781.72020000,0
1630882560000,415.90000000,415.90000000,415.30000000,415.90000000,86.91900000,1630882619999,36124.46480000,65,10.69900000,4448.76820000,0
1630882620000,415.90000000,415.90000000,415.80000000,415.90000000,11.55200000,1630882679999,4804.03630000,15,7.75000000,3223.16470000,0
1630882680000,415.90000000,416.10000000,415.70000000,415.70000000,86.05800000,1630882739999,35793.80800000,53,16.63400000,6919.82740000,0
1630882740000,415.70000000,416.00000000,415.50000000,416.00000000,74.38300000,1630882799999,30922.78790000,50,70.82500000,29444.20640000,0
1630882800000,416.00000000,416.30000000,415.50000000,416.00000000,95.61300000,1630882859999,39762.25910000,80,30.09300000,12522.49840000,0
1630882860000,415.90000000,416.10000000,415.80000000,415.90000000,46.04600000,1630882919999,19151.58590000,45,6.56600000,2731.10960000,0
1630882920000,415.70000000,415.70000000,415.50000000,415.60000000,89.34600000,1630882979999,37134.21380000,110,9.47300000,3937.85900000,0
1630882980000,415.60000000,416.00000000,415.50000000,416.00000000,24.86200000,1630883039999,10337.50790000,62,4.72000000,1962.91650000,0
1630883040000,416.00000000,416.20000000,415.90000000,415.90000000,7.39500000,1630883099999,3076.43470000,25,1.53000000,636.58690000,0
1630883100000,415.80000000,416.30000000,415.70000000,416.30000000,104.08000000,1630883159999,43298.44670000,45,97.99300000,40765.87640000,0
1630883160000,416.30000000,416.40000000,416.20000000,416.40000000,8.35000000,1630883219999,3475.95270000,20,0.54200000,225.68880000,0
1630883220000,416.40000000,417.10000000,416.40000000,417.10000000,49.55400000,1630883279999,20652.79580000,155,30.87000000,12868.59210000,0
1630883280000,417.00000000,417.20000000,416.70000000,416.80000000,66.71700000,1630883339999,27820.72280000,55,35.06600000,14623.42430000,0
1630883340000,417.20000000,417.60000000,417.20000000,417.50000000,16.45700000,1630883399999,6868.32920000,31,5.06000000,2111.71280000,0
1630883400000,417.60000000,418.20000000,417.50000000,418.00000000,52.47800000,1630883459999,21929.01940000,85,20.80400000,8695.06010000,0
1630883460000,417.80000000,418.00000000,417.00000000,417.30000000,190.33100000,1630883519999,79442.41140000,82,101.18400000,42223.21740000,0
1630883520000,417.40000000,417.50000000,416.80000000,416.80000000,38.41400000,1630883579999,16025.78440000,42,10.15400000,4237.08960000,0
1630883580000,416.70000000,416.70000000,416.10000000,416.40000000,197.68200000,1630883639999,82285.10350000,59,31.74000000,13211.86920000,0
1630883640000,416.20000000,416.80000000,416.10000000,416.40000000,36.22600000,1630883699999,15088.08390000,38,23.63900000,9845.31470000,0
1630883700000,416.40000000,416.50000000,416.20000000,416.20000000,9.59400000,1630883759999,3994.26240000,32,7.96400000,3315.82370000,0
1630883760000,416.30000000,416.40000000,416.20000000,416.40000000,3.75700000,1630883819999,1564.04140000,16,2.33900000,973.82180000,0
1630883820000,416.40000000,416.70000000,416.40000000,416.50000000,23.11500000,1630883879999,9628.16000000,24,17.43700000,7263.30570000,0
1630883880000,416.40000000,416.70000000,416.30000000,416.70000000,20.07800000,1630883939999,8361.39340000,14,12.19000000,5077.01280000,0
1630883940000,416.70000000,416.90000000,416.50000000,416.60000000,43.38600000,1630883999999,18080.41060000,36,42.40300000,17670.97570000,0
1630884000000,416.60000000,416.80000000,416.30000000,416.40000000,26.43400000,1630884059999,11009.12160000,24,20.87200000,8693.52390000,0
1630884060000,416.40000000,417.00000000,416.40000000,417.00000000,13.78000000,1630884119999,5742.53070000,13,12.35500000,5149.12930000,0
1630884120000,417.00000000,417.10000000,417.00000000,417.00000000,23.91600000,1630884179999,9973.01770000,17,9.58800000,3998.24170000,0
1630884180000,417.00000000,417.10000000,417.00000000,417.00000000,4.58000000,1630884239999,1909.86250000,7,0.02500000,10.42750000,0
1630884240000,417.10000000,417.30000000,415.90000000,416.40000000,166.04000000,1630884299999,69155.77620000,88,27.55900000,11488.58510000,0
1630884300000,416.40000000,416.80000000,416.40000000,416.40000000,126.85000000,1630884359999,52836.43530000,44,102.13300000,42539.47440000,0
1630884360000,416.30000000,416.50000000,416.00000000,416.30000000,64.29300000,1630884419999,26759.07710000,58,22.44700000,9343.16880000,0
1630884420000,416.30000000,416.50000000,416.10000000,416.30000000,7.05800000,1630884479999,2937.67070000,16,3.24200000,1349.51390000,0
1630884480000,416.30000000,416.40000000,415.80000000,416.30000000,25.92000000,1630884539999,10787.91600000,34,8.43800000,3512.57430000,0
1630884540000,416.40000000,416.60000000,416.20000000,416.60000000,58.02100000,1630884599999,24161.78920000,28,4.98200000,2075.18420000,0
1630884600000,416.70000000,416.70000000,416.00000000,416.10000000,10.39900000,1630884659999,4329.72970000,13,1.40500000,584.76330000,0
1630884660000,416.10000000,416.70000000,416.10000000,416.40000000,58.87000000,1630884719999,24507.53610000,29,52.60700000,21899.14610000,0
1630884720000,416.50000000,416.50000000,416.20000000,416.30000000,9.27100000,1630884779999,3860.20510000,15,4.41700000,1839.42520000,0
1630884780000,416.30000000,416.40000000,416.30000000,416.40000000,0.62400000,1630884839999,259.82580000,4,0.54600000,227.35440000,0
1630884840000,416.10000000,416.10000000,415.80000000,415.90000000,19.24400000,1630884899999,8004.75590000,19,2.31500000,962.83250000,0
1630884900000,415.90000000,415.90000000,415.70000000,415.80000000,3.69900000,1630884959999,1538.19900000,16,2.27700000,946.95690000,0
1630884960000,415.80000000,415.90000000,415.80000000,415.80000000,11.45700000,1630885019999,4764.09780000,19,10.95600000,4555.73380000,0
1630885020000,416.00000000,416.20000000,416.00000000,416.00000000,69.46200000,1630885079999,28902.79000000,27,67.01700000,27885.67000000,0
1630885080000,416.00000000,416.20000000,415.20000000,416.20000000,291.37700000,1630885139999,121068.82330000,148,102.20400000,42465.64600000,0
1630885140000,416.00000000,416.30000000,415.90000000,415.90000000,10.51500000,1630885199999,4376.11650000,16,6.14800000,2558.87460000,0
1630885200000,415.90000000,415.90000000,415.90000000,415.90000000,15.28000000,1630885259999,6354.95200000,11,15.28000000,6354.95200000,0
1630885260000,415.90000000,416.00000000,415.80000000,415.90000000,3.20200000,1630885319999,1331.68960000,16,2.93700000,1221.50260000,0
1630885320000,415.90000000,416.60000000,415.90000000,416.60000000,25.67300000,1630885379999,10688.99930000,44,11.34100000,4720.31590000,0
1630885380000,416.60000000,417.00000000,416.50000000,417.00000000,27.40400000,1630885439999,11417.42680000,35,17.51900000,7300.08670000,0
1630885440000,417.00000000,417.20000000,416.90000000,417.20000000,22.72800000,1630885499999,9478.89420000,20,17.99200000,7503.18340000,0
1630885500000,417.30000000,417.40000000,417.20000000,417.20000000,38.28700000,1630885559999,15976.40420000,69,9.16000000,3822.88840000,0
1630885560000,417.10000000,417.10000000,416.60000000,416.80000000,41.32100000,1630885619999,17225.30450000,46,3.66400000,1527.19100000,0
1630885620000,416.70000000,417.30000000,416.70000000,417.10000000,15.51800000,1630885679999,6471.89110000,22,5.73000000,2389.23330000,0
1630885680000,417.00000000,417.50000000,417.00000000,417.50000000,19.04300000,1630885739999,7944.12140000,27,9.16000000,3821.41380000,0
1630885740000,417.40000000,417.50000000,417.20000000,417.30000000,41.05300000,1630885799999,17133.84230000,40,0.76900000,321.00260000,0
1630885800000,417.40000000,417.40000000,417.10000000,417.30000000,9.77000000,1630885859999,4076.43950000,28,1.63100000,680.54900000,0
1630885860000,417.10000000,417.10000000,416.80000000,417.00000000,27.62500000,1630885919999,11517.70420000,27,10.29400000,4291.58430000,0
1630885920000,417.00000000,417.00000000,416.70000000,416.80000000,7.93900000,1630885979999,3308.92250000,19,1.68700000,703.15620000,0
1630885980000,416.70000000,416.70000000,416.00000000,416.10000000,29.14200000,1630886039999,12129.04050000,37,4.48500000,1867.16230000,0
1630886040000,416.10000000,416.50000000,416.10000000,416.50000000,33.27200000,1630886099999,13850.69850000,21,31.43400000,13085.23400000,0
1630886100000,416.50000000,417.20000000,416.50000000,417.20000000,14.07500000,1630886159999,5867.43980000,39,8.75800000,3650.44240000,0
1630886160000,417.20000000,417.20000000,417.00000000,417.00000000,38.69100000,1630886219999,16137.94140000,39,9.10700000,3798.51560000,0
1630886220000,417.00000000,417.20000000,416.90000000,417.10000000,10.64000000,1630886279999,4436.84980000,23,7.35700000,3068.06570000,0
1630886280000,417.10000000,417.20000000,416.80000000,416.90000000,17.94800000,1630886339999,7483.58470000,16,12.23100000,5099.28070000,0
1630886340000,416.80000000,416.90000000,416.50000000,416.80000000,20.83300000,1630886399999,8680.50880000,26,9.83700000,4099.45000000,0
