1631664000000,34.19000000,34.19000000,34.15000000,34.15000000,1891.82000000,1631664059999,64649.81050000,91,851.15000000,29093.47160000,0
1631664060000,34.16000000,34.22000000,33.93000000,34.08000000,22744.34000000,1631664119999,774399.83060000,600,3831.82000000,130747.84180000,0
1631664120000,34.06000000,34.22000000,34.02000000,34.17000000,6630.81000000,1631664179999,226308.30190000,261,3902.81000000,133301.35250000,0
1631664180000,34.21000000,34.48000000,34.13000000,34.46000000,15525.89000000,1631664239999,532894.41620000,789,10181.72000000,349254.47460000,0
1631664240000,34.44000000,34.74000000,34.43000000,34.47000000,24125.17000000,1631664299999,834100.49450000,6323,14294.79000000,494198.85890000,0
1631664300000,34.43000000,34.45000000,34.15000000,34.31000000,10920.36000000,1631664359999,374191.03740000,1655,3863.80000000,132359.43940000,0
1631664360000,34.31000000,34.60000000,34.26000000,34.55000000,12159.84000000,1631664419999,418777.85670000,705,7094.04000000,244286.97840000,0
1631664420000,34.55000000,34.78000000,34.48000000,34.74000000,13894.22000000,1631664479999,480792.63720000,1388,6654.49000000,230451.90840000,0
1631664480000,34.73000000,34.89000000,34.58000000,34.84000000,16615.34000000,1631664539999,578011.46250000,3590,10126.99000000,352282.35960000,0
1631664540000,34.82000000,35.11000000,34.81000000,35.06000000,23255.55000000,1631664599999,813120.60380000,3034,15989.27000000,559024.76850000,0
1631664600000,35.07000000,35.31000000,34.97000000,35.27000000,39816.77000000,1631664659999,1400083.83000000,8269,19092.30000000,672056.15630000,0
1631664660000,35.25000000,35.28000000,34.77000000,35.00000000,27034.58000000,1631664719999,946696.13920000,1621,13074.94000000,458217.01480000,0
1631664720000,35.00000000,35.20000000,34.85000000,35.17000000,11542.00000000,1631664779999,403905.46080000,566,6242.15000000,218485.29850000,0
1631664780000,35.18000000,35.33000000,35.14000000,35.26000000,15111.76000000,1631664839999,532397.79210000,1047,8845.65000000,311823.84290000,0
1631664840000,35.28000000,35.35000000,35.16000000,35.25000000,10108.28000000,1631664899999,356597.93300000,756,4518.34000000,159555.94960000,0
1631664900000,35.25000000,35.32000000,35.14000000,35.15000000,8871.99000000,1631664959999,312893.41590000,386,3605.54000000,127160.93580000,0
1631664960000,35.14000000,35.14000000,34.92000000,34.96000000,8053.32000000,1631665019999,282340.68860000,469,3921.32000000,137566.57410000,0
1631665020000,34.97000000,35.05000000,34.80000000,34.85000000,20058.80000000,1631665079999,700154.76110000,709,13138.04000000,458703.21610000,0
1631665080000,34.87000000,34.96000000,34.78000000,34.92000000,5675.37000000,1631665139999,197919.30360000,260,1706.74000000,59552.30460000,0
1631665140000,34.90000000,35.05000000,34.87000000,35.05000000,7512.05000000,1631665199999,262690.03660000,269,6089.32000000,213017.88180000,0
1631665200000,35.05000000,35.07000000,34.92000000,34.96000000,3502.54000000,1631665259999,122593.13540000,233,1283.40000000,44921.45590000,0
1631665260000,34.98000000,35.01000000,34.84000000,34.87000000,3023.95000000,1631665319999,105591.44510000,183,1236.86000000,43189.30770000,0
1631665320000,34.86000000,34.88000000,34.65000000,34.71000000,8814.67000000,1631665379999,306195.77150000,609,2244.03000000,77989.82160000,0
1631665380000,34.69000000,34.88000000,34.67000000,34.73000000,6487.95000000,1631665439999,225596.72570000,841,3570.75000000,124156.36640000,0
1631665440000,34.74000000,34.92000000,34.73000000,34.84000000,4253.32000000,1631665499999,148093.42770000,185,2687.73000000,93593.07500000,0
1631665500000,34.82000000,34.85000000,34.71000000,34.72000000,3034.22000000,1631665559999,105575.57850000,154,663.59000000,23080.68810000,0
1631665560000,34.71000000,34.88000000,34.64000000,34.83000000,4872.86000000,1631665619999,169267.34010000,279,2200.10000000,76447.45670000,0
1631665620000,34.85000000,34.93000000,34.60000000,34.76000000,8683.91000000,1631665679999,301814.87600000,714,3295.19000000,114514.36900000,0
1631665680000,34.74000000,34.74000000,34.50000000,34.51000000,9370.06000000,1631665739999,324166.80420000,403,2103.87000000,72861.92000000,0
1631665740000,34.50000000,34.62000000,34.37000000,34.50000000,18181.05000000,1631665799999,626948.13470000,3688,8073.69000000,278548.55970000,0
1631665800000,34.49000000,34.66000000,34.49000000,34.51000000,9176.96000000,1631665859999,317159.51120000,734,4523.97000000,156374.47640000,0
1631665860000,34.52000000,34.56000000,34.39000000,34.43000000,5432.28000000,1631665919999,187243.63940000,246,1951.14000000,67270.55880000,0
1631665920000,34.43000000,34.50000000,34.40000000,34.42000000,3476.94000000,1631665979999,119770.48640000,197,1803.01000000,62106.38250000,0
1631665980000,34.42000000,34.42000000,34.24000000,34.31000000,8715.51000000,1631666039999,299104.75910000,563,1750.57000000,60159.33250000,0
1631666040000,34.31000000,34.43000000,34.29000000,34.32000000,5556.43000000,1631666099999,190927.68720000,1205,4080.18000000,140206.44800000,0
1631666100000,34.33000000,34.33000000,34.13000000,34.22000000,10519.18000000,1631666159999,359817.08820000,1373,3020.94000000,103409.71400000,0
1631666160000,34.19000000,34.34000000,34.14000000,34.31000000,8039.81000000,1631666219999,275417.60790000,822,5229.08000000,179190.12610000,0
1631666220000,34.31000000,34.31000000,34.20000000,34.23000000,1587.94000000,1631666279999,54378.71680000,103,375.54000000,12857.96090000,0
1631666280000,34.24000000,34.31000000,34.21000000,34.21000000,1762.58000000,1631666339999,60372.82600000,97,519.89000000,17818.83030000,0
1631666340000,34.23000000,34.34000000,34.21000000,34.29000000,6089.29000000,1631666399999,208732.32210000,229,4726.69000000,162009.63390000,0
1631666400000,34.28000000,34.30000000,34.20000000,34.21000000,2817.44000000,1631666459999,96535.26490000,103,1309.35000000,44876.31420000,0
1631666460000,34.19000000,34.20000000,34.10000000,34.11000000,4435.42000000,1631666519999,151428.35290000,399,906.17000000,30949.67290000,0
1631666520000,34.11000000,34.22000000,34.11000000,34.17000000,1648.64000000,1631666579999,56327.23520000,372,1098.67000000,37541.18560000,0
1631666580000,34.14000000,34.16000000,34.01000000,34.01000000,4868.55000000,1631666639999,165925.29440000,450,927.98000000,31638.54850000,0
1631666640000,34.01000000,34.09000000,34.00000000,34.04000000,2587.20000000,1631666699999,88086.74250000,501,1137.45000000,38724.84340000,0
1631666700000,34.06000000,34.06000000,33.92000000,33.97000000,7041.31000000,1631666759999,239313.27700000,625,2452.11000000,83302.90860000,0
1631666760000,33.95000000,34.00000000,33.84000000,33.84000000,10805.31000000,1631666819999,366264.74280000,835,3757.68000000,127497.11900000,0
1631666820000,33.85000000,33.93000000,33.83000000,33.90000000,8619.39000000,1631666879999,291994.85530000,324,5037.61000000,170685.71810000,0
1631666880000,33.90000000,33.93000000,33.86000000,33.88000000,1894.19000000,1631666939999,64194.94590000,116,674.56000000,22865.93300000,0
1631666940000,33.87000000,33.98000000,33.86000000,33.92000000,3240.86000000,1631666999999,109923.85120000,1242,2371.28000000,80441.97580000,0
1631667000000,33.91000000,33.98000000,33.81000000,33.84000000,6221.24000000,1631667059999,210856.96840000,293,1357.43000000,46047.84510000,0
1631667060000,33.85000000,33.91000000,33.83000000,33.83000000,2995.56000000,1631667119999,101459.43090000,279,1770.57000000,59984.53050000,0
1631667120000,33.83000000,33.90000000,33.83000000,33.86000000,1427.03000000,1631667179999,48323.21950000,93,682.85000000,23118.98830000,0
1631667180000,33.87000000,33.91000000,33.85000000,33.90000000,4477.51000000,1631667239999,151706.75480000,107,2271.81000000,76985.67280000,0
1631667240000,33.88000000,33.90000000,33.79000000,33.82000000,5784.09000000,1631667299999,195697.43090000,256,1874.53000000,63427.56120000,0
1631667300000,33.79000000,33.88000000,33.72000000,33.75000000,5554.47000000,1631667359999,187491.86900000,602,1554.33000000,52497.78020000,0
1631667360000,33.73000000,33.80000000,33.72000000,33.74000000,1817.16000000,1631667419999,61341.43610000,286,1069.98000000,36120.60550000,0
1631667420000,33.74000000,33.74000000,33.53000000,33.55000000,13013.83000000,1631667479999,437299.25190000,854,4312.49000000,144875.23540000,0
1631667480000,33.55000000,33.70000000,33.53000000,33.60000000,17656.79000000,1631667539999,593214.17450000,4496,14484.35000000,486655.71820000,0
1631667540000,33.57000000,33.67000000,33.57000000,33.62000000,5833.34000000,1631667599999,196124.65680000,198,3898.95000000,131077.29150000,0
1631667600000,33.63000000,33.71000000,33.48000000,33.68000000,17878.45000000,1631667659999,599930.69740000,1219,6870.86000000,230866.33850000,0
1631667660000,33.68000000,33.89000000,33.66000000,33.85000000,9236.93000000,1631667719999,312181.66530000,504,7164.19000000,242099.81730000,0
1631667720000,33.84000000,33.89000000,33.79000000,33.84000000,3411.10000000,1631667779999,115438.48200000,178,1200.37000000,40634.54490000,0
1631667780000,33.86000000,33.88000000,33.77000000,33.82000000,6870.57000000,1631667839999,232333.81000000,176,967.04000000,32717.44480000,0
1631667840000,33.81000000,33.91000000,33.77000000,33.89000000,4610.58000000,1631667899999,156165.61920000,176,4166.88000000,141147.95990000,0
1631667900000,33.90000000,33.91000000,33.83000000,33.85000000,2613.02000000,1631667959999,88488.74790000,144,1268.32000000,42957.20300000,0
1631667960000,33.83000000,33.88000000,33.80000000,33.82000000,1862.22000000,1631668019999,63003.21630000,134,453.87000000,15362.26880000,0
1631668020000,33.82000000,33.83000000,33.75000000,33.77000000,3377.45000000,1631668079999,114109.23070000,190,807.83000000,27294.59900000,0
1631668080000,33.76000000,33.86000000,33.74000000,33.86000000,3224.54000000,1631668139999,109004.36260000,139,2527.35000000,85440.78040000,0
1631668140000,33.86000000,33.86000000,33.75000000,33.78000000,2551.24000000,1631668199999,86258.43910000,102,1049.80000000,35492.48660000,0
1631668200000,33.77000000,33.77000000,33.68000000,33.75000000,3075.93000000,1631668259999,103756.39690000,176,1796.64000000,60591.68710000,0
1631668260000,33.73000000,33.81000000,33.65000000,33.78000000,4164.05000000,1631668319999,140432.69090000,169,2378.89000000,80249.96300000,0
1631668320000,33.77000000,33.77000000,33.65000000,33.68000000,5130.34000000,1631668379999,172796.85940000,179,2590.27000000,87249.35610000,0
1631668380000,33.67000000,33.74000000,33.59000000,33.69000000,5009.36000000,1631668439999,168680.89330000,214,3141.94000000,105816.86790000,0
1631668440000,33.69000000,33.75000000,33.68000000,33.74000000,2040.12000000,1631668499999,68767.30050000,72,1807.86000000,60933.72370000,0
1631668500000,33.74000000,33.74000000,33.70000000,33.72000000,1112.89000000,1631668559999,37522.96160000,92,391.08000000,13185.50680000,0
1631668560000,33.71000000,33.77000000,33.68000000,33.71000000,6676.52000000,1631668619999,225095.18420000,176,1924.68000000,64919.88340000,0
1631668620000,33.71000000,33.76000000,33.69000000,33.76000000,3808.23000000,1631668679999,128371.89340000,107,1008.58000000,34017.80140000,0
1631668680000,33.75000000,33.77000000,33.69000000,33.71000000,2049.99000000,1631668739999,69116.90660000,117,421.44000000,14215.54590000,0
1631668740000,33.74000000,33.74000000,33.56000000,33.60000000,3765.44000000,1631668799999,126702.15730000,208,740.11000000,24892.68350000,0
1631668800000,33.59000000,33.59000000,33.41000000,33.46000000,8664.07000000,1631668859999,290080.12040000,605,1852.64000000,62065.97000000,0
1631668860000,33.43000000,33.54000000,33.43000000,33.48000000,4198.30000000,1631668919999,140533.89430000,202,2100.62000000,70313.64560000,0
1631668920000,33.50000000,33.56000000,33.47000000,33.56000000,8440.69000000,1631668979999,282960.30810000,201,5773.32000000,193578.26160000,0
1631668980000,33.54000000,33.65000000,33.54000000,33.65000000,871.82000000,1631669039999,29297.22430000,112,773.50000000,25997.38740000,0
1631669040000,33.63000000,33.65000000,33.56000000,33.59000000,1035.60000000,1631669099999,34801.27950000,65,443.03000000,14893.19390000,0
1631669100000,33.58000000,33.63000000,33.55000000,33.60000000,2032.05000000,1631669159999,68233.40850000,100,870.74000000,29241.18800000,0
1631669160000,33.61000000,33.65000000,33.58000000,33.60000000,3467.44000000,1631669219999,116561.47390000,111,907.77000000,30516.24700000,0
1631669220000,33.58000000,33.64000000,33.56000000,33.61000000,1422.14000000,1631669279999,47793.66790000,74,264.48000000,8891.16170000,0
1631669280000,33.59000000,33.60000000,33.49000000,33.53000000,5125.78000000,1631669339999,171907.86330000,152,744.43000000,24972.14880000,0
1631669340000,33.53000000,33.57000000,33.50000000,33.52000000,2292.34000000,1631669399999,76875.28390000,85,778.59000000,26123.34330000,0
1631669400000,33.52000000,33.59000000,33.52000000,33.58000000,932.81000000,1631669459999,31300.67420000,74,780.26000000,26182.25690000,0
1631669460000,33.57000000,33.58000000,33.47000000,33.48000000,3802.51000000,1631669519999,127397.33810000,106,1462.79000000,49024.55810000,0
1631669520000,33.46000000,33.65000000,33.46000000,33.64000000,5804.95000000,1631669579999,194750.40150000,139,4773.92000000,160114.07950000,0
1631669580000,33.65000000,33.65000000,33.56000000,33.56000000,2023.21000000,1631669639999,67978.92800000,90,809.21000000,27191.54830000,0
1631669640000,33.56000000,33.57000000,33.54000000,33.55000000,923.31000000,1631669699999,30982.91450000,62,360.29000000,12093.18570000,0
1631669700000,33.56000000,33.56000000,33.49000000,33.50000000,728.50000000,1631669759999,24420.38690000,65,189.53000000,6353.71320000,0
1631669760000,33.49000000,33.51000000,33.40000000,33.41000000,5163.80000000,1631669819999,172790.87020000,163,1571.69000000,52578.18380000,0
1631669820000,33.43000000,33.44000000,33.39000000,33.43000000,1192.53000000,1631669879999,39838.68080000,86,271.50000000,9073.55040000,0
1631669880000,33.43000000,33.43000000,33.33000000,33.35000000,3404.44000000,1631669939999,113654.71350000,226,1154.21000000,38537.24740000,0
1631669940000,33.33000000,33.43000000,33.30000000,33.38000000,9746.31000000,1631669999999,325060.00960000,1424,6091.09000000,203254.42680000,0
1631670000000,33.39000000,33.44000000,33.37000000,33.44000000,2965.93000000,1631670059999,99098.92830000,115,2658.88000000,88845.10200000,0
1631670060000,33.44000000,33.45000000,33.34000000,33.40000000,2761.57000000,1631670119999,92205.69580000,109,1281.71000000,42815.24320000,0
1631670120000,33.40000000,33.43000000,33.33000000,33.36000000,4048.76000000,1631670179999,135132.38900000,101,1288.04000000,43029.65770000,0
1631670180000,33.36000000,33.42000000,33.30000000,33.42000000,9645.89000000,1631670239999,321700.83750000,192,7653.72000000,255274.97610000,0
1631670240000,33.41000000,33.43000000,33.38000000,33.39000000,1875.04000000,1631670299999,62637.70190000,67,886.95000000,29637.70460000,0
1631670300000,33.37000000,33.38000000,33.30000000,33.33000000,2931.11000000,1631670359999,97759.17850000,105,580.24000000,19345.93960000,0
1631670360000,33.31000000,33.41000000,33.31000000,33.39000000,3575.78000000,1631670419999,119235.12200000,139,1497.42000000,49938.29200000,0
1631670420000,33.39000000,33.44000000,33.33000000,33.40000000,3089.83000000,1631670479999,103168.59520000,140,1460.12000000,48783.60040000,0
1631670480000,33.40000000,33.44000000,33.35000000,33.35000000,3187.31000000,1631670539999,106453.60450000,111,1015.03000000,33917.25100000,0
1631670540000,33.35000000,33.38000000,33.33000000,33.35000000,680.95000000,1631670599999,22710.43460000,75,225.20000000,7511.79090000,0
1631670600000,33.35000000,33.37000000,33.33000000,33.36000000,1373.47000000,1631670659999,45806.35130000,72,187.68000000,6259.79270000,0
1631670660000,33.33000000,33.35000000,33.27000000,33.29000000,1044.45000000,1631670719999,34793.80520000,118,117.74000000,3920.61690000,0
1631670720000,33.27000000,33.31000000,33.25000000,33.28000000,2374.62000000,1631670779999,79024.53430000,148,2045.15000000,68062.73060000,0
1631670780000,33.28000000,33.34000000,33.27000000,33.34000000,1845.87000000,1631670839999,61474.49670000,121,1144.96000000,38130.70360000,0
1631670840000,33.33000000,33.36000000,33.28000000,33.31000000,4567.92000000,1631670899999,152209.83340000,749,2946.54000000,98212.07920000,0
1631670900000,33.31000000,33.34000000,33.22000000,33.22000000,1467.90000000,1631670959999,48835.87310000,128,305.82000000,10179.26350000,0
1631670960000,33.23000000,33.25000000,32.97000000,33.01000000,35163.41000000,1631671019999,1162629.41820000,3600,8125.69000000,268658.00310000,0
1631671020000,33.01000000,33.05000000,32.98000000,32.98000000,7809.60000000,1631671079999,257905.83930000,428,4307.17000000,142278.89070000,0
1631671080000,33.01000000,33.12000000,33.00000000,33.09000000,5733.77000000,1631671139999,189589.43150000,1095,3800.29000000,125703.18390000,0
1631671140000,33.09000000,33.19000000,33.09000000,33.17000000,3251.86000000,1631671199999,107845.51410000,504,2072.57000000,68740.03630000,0
1631671200000,33.17000000,33.25000000,33.17000000,33.25000000,4167.58000000,1631671259999,138406.75090000,200,3459.39000000,114899.15330000,0
1631671260000,33.25000000,33.28000000,33.19000000,33.25000000,5916.56000000,1631671319999,196708.13140000,317,3275.17000000,108921.23920000,0
1631671320000,33.26000000,33.31000000,33.21000000,33.28000000,8185.34000000,1631671379999,272106.16680000,218,3882.97000000,129061.00220000,0
1631671380000,33.28000000,33.29000000,33.24000000,33.29000000,1759.69000000,1631671439999,58529.74330000,77,1136.34000000,37807.04100000,0
1631671440000,33.29000000,33.35000000,33.27000000,33.32000000,2674.26000000,1631671499999,89082.25650000,137,1376.45000000,45853.21860000,0
1631671500000,33.30000000,33.30000000,33.21000000,33.26000000,2077.08000000,1631671559999,69069.32030000,132,743.20000000,24718.84770000,0
1631671560000,33.27000000,33.29000000,33.11000000,33.17000000,5848.38000000,1631671619999,194059.53020000,271,2343.34000000,77761.67320000,0
1631671620000,33.16000000,33.19000000,33.10000000,33.17000000,1648.50000000,1631671679999,54644.12020000,149,1013.89000000,33613.16720000,0
1631671680000,33.15000000,33.25000000,33.15000000,33.17000000,3117.10000000,1631671739999,103480.46750000,123,1870.79000000,62139.39760000,0
1631671740000,33.17000000,33.22000000,33.15000000,33.17000000,2144.29000000,1631671799999,71189.43970000,111,1339.83000000,44482.70350000,0
1631671800000,33.19000000,33.21000000,33.15000000,33.21000000,1672.36000000,1631671859999,55489.52490000,113,799.95000000,26542.20950000,0
1631671860000,33.21000000,33.21000000,33.10000000,33.10000000,4260.18000000,1631671919999,141297.42980000,165,2040.78000000,67703.07130000,0
1631671920000,33.10000000,33.25000000,33.10000000,33.24000000,2092.02000000,1631671979999,69418.57900000,123,1690.00000000,56087.50600000,0
1631671980000,33.24000000,33.29000000,33.17000000,33.20000000,2955.31000000,1631672039999,98240.68850000,151,964.99000000,32093.07780000,0
1631672040000,33.19000000,33.20000000,33.14000000,33.14000000,1495.62000000,1631672099999,49624.86260000,104,554.10000000,18389.55120000,0
1631672100000,33.15000000,33.17000000,33.11000000,33.16000000,2472.65000000,1631672159999,81945.57250000,168,1292.80000000,42847.78230000,0
1631672160000,33.16000000,33.26000000,33.16000000,33.26000000,1449.35000000,1631672219999,48151.72420000,96,773.58000000,25707.80750000,0
1631672220000,33.23000000,33.23000000,33.12000000,33.17000000,2936.10000000,1631672279999,97374.50530000,136,571.98000000,18968.56760000,0
1631672280000,33.15000000,33.16000000,33.12000000,33.13000000,1785.08000000,1631672339999,59143.71580000,103,918.43000000,30429.85020000,0
1631672340000,33.14000000,33.16000000,33.04000000,33.05000000,3256.49000000,1631672399999,107808.43200000,215,673.85000000,22308.39580000,0
1631672400000,33.06000000,33.09000000,33.00000000,33.04000000,3665.36000000,1631672459999,121126.02180000,222,1455.45000000,48109.71180000,0
1631672460000,33.05000000,33.06000000,32.98000000,33.01000000,8241.91000000,1631672519999,272168.76980000,308,3909.68000000,129160.90530000,0
1631672520000,33.02000000,33.06000000,32.92000000,32.97000000,5588.68000000,1631672579999,184338.70710000,412,1651.14000000,54461.68280000,0
1631672580000,32.95000000,32.98000000,32.71000000,32.77000000,33093.06000000,1631672639999,1086475.40750000,1742,8102.34000000,265970.44970000,0
1631672640000,32.77000000,32.89000000,32.61000000,32.79000000,23785.97000000,1631672699999,778660.15130000,4982,9186.15000000,301026.25530000,0
1631672700000,32.79000000,32.86000000,32.70000000,32.80000000,9374.44000000,1631672759999,307412.43630000,487,5458.04000000,178987.78220000,0
1631672760000,32.80000000,32.94000000,32.76000000,32.93000000,5019.76000000,1631672819999,165038.40600000,290,3048.27000000,100263.78540000,0
1631672820000,32.93000000,32.94000000,32.87000000,32.89000000,3242.20000000,1631672879999,106687.75580000,191,1460.94000000,48094.86910000,0
1631672880000,32.89000000,32.97000000,32.87000000,32.93000000,4945.69000000,1631672939999,162791.83180000,212,2837.71000000,93400.18070000,0
1631672940000,32.93000000,32.99000000,32.92000000,32.97000000,4137.46000000,1631672999999,136327.39440000,169,2440.21000000,80414.20570000,0
1631673000000,32.96000000,33.00000000,32.96000000,33.00000000,4862.89000000,1631673059999,160385.76580000,218,2849.26000000,93980.32450000,0
1631673060000,33.00000000,33.08000000,32.91000000,32.95000000,29876.68000000,1631673119999,986087.46060000,509,24770.79000000,817589.25780000,0
1631673120000,32.96000000,33.06000000,32.95000000,33.00000000,2197.10000000,1631673179999,72534.27160000,129,906.58000000,29922.87510000,0
1631673180000,33.00000000,33.05000000,32.97000000,33.04000000,1681.33000000,1631673239999,55489.60000000,92,793.40000000,26194.88660000,0
1631673240000,33.05000000,33.21000000,33.03000000,33.09000000,16228.66000000,1631673299999,537555.31980000,3507,12132.46000000,402086.14900000,0
1631673300000,33.10000000,33.12000000,33.00000000,33.02000000,3910.67000000,1631673359999,129321.82790000,154,929.00000000,30703.20930000,0
1631673360000,33.02000000,33.03000000,32.96000000,33.00000000,2624.74000000,1631673419999,86586.64130000,136,905.04000000,29856.66070000,0
1631673420000,33.00000000,33.09000000,32.98000000,33.09000000,1441.24000000,1631673479999,47577.01710000,128,939.92000000,31020.09160000,0
1631673480000,33.07000000,33.08000000,33.04000000,33.07000000,967.86000000,1631673539999,31990.80000000,64,136.22000000,4504.05000000,0
1631673540000,33.05000000,33.14000000,33.05000000,33.10000000,10087.48000000,1631673599999,333787.02080000,270,7622.44000000,252232.63430000,0
1631673600000,33.09000000,33.10000000,33.05000000,33.06000000,879.59000000,1631673659999,29092.16680000,67,393.63000000,13021.42090000,0
1631673660000,33.06000000,33.12000000,33.06000000,33.12000000,1681.45000000,1631673719999,55647.79590000,65,1271.75000000,42087.70130000,0
1631673720000,33.12000000,33.12000000,33.00000000,33.02000000,2229.80000000,1631673779999,73708.36210000,102,272.40000000,9008.53050000,0
1631673780000,33.01000000,33.18000000,33.00000000,33.06000000,7131.22000000,1631673839999,235946.17370000,269,4296.63000000,142151.15000000,0
1631673840000,33.06000000,33.13000000,33.06000000,33.09000000,3308.55000000,1631673899999,109463.38400000,108,1223.65000000,40496.76580000,0
1631673900000,33.06000000,33.19000000,33.05000000,33.16000000,5275.48000000,1631673959999,174797.60870000,261,2680.25000000,88818.63080000,0
1631673960000,33.16000000,33.20000000,33.16000000,33.18000000,2002.08000000,1631674019999,66423.27510000,105,1210.38000000,40159.51020000,0
1631674020000,33.16000000,33.22000000,33.15000000,33.21000000,2596.29000000,1631674079999,86139.84270000,108,786.23000000,26090.73430000,0
1631674080000,33.20000000,33.22000000,33.20000000,33.21000000,1072.63000000,1631674139999,35618.11850000,85,548.07000000,18202.00770000,0
1631674140000,33.20000000,33.29000000,33.20000000,33.27000000,2506.73000000,1631674199999,83352.56410000,137,2054.94000000,68340.18510000,0
1631674200000,33.25000000,33.28000000,33.23000000,33.26000000,3276.09000000,1631674259999,108954.09490000,199,712.37000000,23700.46030000,0
1631674260000,33.28000000,33.29000000,33.20000000,33.21000000,4124.73000000,1631674319999,137165.01330000,152,665.44000000,22134.06200000,0
1631674320000,33.21000000,33.25000000,33.17000000,33.21000000,1783.47000000,1631674379999,59226.10800000,104,796.80000000,26464.01380000,0
1631674380000,33.23000000,33.23000000,33.15000000,33.20000000,1578.05000000,1631674439999,52359.00980000,63,106.66000000,3540.70460000,0
1631674440000,33.20000000,33.28000000,33.18000000,33.22000000,3728.38000000,1631674499999,123919.11150000,124,1780.36000000,59163.51630000,0
1631674500000,33.20000000,33.27000000,33.20000000,33.27000000,1713.94000000,1631674559999,56963.44080000,52,1575.21000000,52350.68620000,0
1631674560000,33.26000000,33.32000000,33.24000000,33.28000000,8160.45000000,1631674619999,271682.78910000,299,6307.99000000,210050.44150000,0
1631674620000,33.28000000,33.29000000,33.24000000,33.28000000,2340.33000000,1631674679999,77850.33630000,99,690.31000000,22972.46810000,0
1631674680000,33.28000000,33.33000000,33.26000000,33.29000000,2413.65000000,1631674739999,80365.70750000,126,1320.16000000,43962.50200000,0
1631674740000,33.29000000,33.30000000,33.23000000,33.28000000,1942.08000000,1631674799999,64608.41700000,144,1162.95000000,38696.71330000,0
1631674800000,33.28000000,33.30000000,33.22000000,33.23000000,4222.73000000,1631674859999,140451.68540000,299,1002.51000000,33371.02190000,0
1631674860000,33.23000000,33.23000000,33.20000000,33.23000000,814.21000000,1631674919999,27039.51800000,78,225.09000000,7475.90950000,0
1631674920000,33.23000000,33.32000000,33.22000000,33.29000000,3946.82000000,1631674979999,131331.75920000,138,3320.86000000,110499.18470000,0
1631674980000,33.30000000,33.32000000,33.29000000,33.31000000,1555.89000000,1631675039999,51827.49100000,73,1004.53000000,33464.65660000,0
1631675040000,33.31000000,33.33000000,33.28000000,33.30000000,2041.86000000,1631675099999,68003.09990000,88,773.40000000,25762.29510000,0
1631675100000,33.30000000,33.31000000,33.29000000,33.30000000,928.41000000,1631675159999,30915.28760000,47,611.94000000,20379.78390000,0
1631675160000,33.31000000,33.31000000,33.21000000,33.22000000,1772.60000000,1631675219999,58924.52910000,96,108.15000000,3594.29290000,0
1631675220000,33.21000000,33.23000000,33.09000000,33.16000000,7159.59000000,1631675279999,237318.86700000,214,1244.85000000,41284.26630000,0
1631675280000,33.17000000,33.24000000,33.16000000,33.18000000,4261.31000000,1631675339999,141429.54520000,133,3144.82000000,104370.88150000,0
1631675340000,33.19000000,33.23000000,33.15000000,33.17000000,1853.39000000,1631675399999,61509.53020000,84,645.26000000,21410.81070000,0
1631675400000,33.15000000,33.21000000,33.11000000,33.19000000,1096.88000000,1631675459999,36360.63200000,72,430.68000000,14277.51510000,0
1631675460000,33.19000000,33.24000000,33.19000000,33.23000000,554.31000000,1631675519999,18411.19110000,54,168.53000000,5597.87110000,0
1631675520000,33.22000000,33.31000000,33.21000000,33.29000000,1730.71000000,1631675579999,57551.36250000,90,865.87000000,28806.84640000,0
1631675580000,33.30000000,33.40000000,33.30000000,33.40000000,5440.40000000,1631675639999,181419.45440000,265,4832.30000000,161151.83620000,0
1631675640000,33.37000000,33.38000000,33.27000000,33.33000000,2223.91000000,1631675699999,74108.68410000,166,1043.99000000,34779.87020000,0
1631675700000,33.34000000,33.36000000,33.27000000,33.29000000,1641.76000000,1631675759999,54686.93140000,86,109.65000000,3656.31410000,0
1631675760000,33.27000000,33.29000000,33.18000000,33.18000000,1450.21000000,1631675819999,48170.68260000,101,713.42000000,23702.81470000,0
1631675820000,33.19000000,33.33000000,33.13000000,33.29000000,6586.54000000,1631675879999,218783.79750000,262,2830.74000000,94044.46630000,0
1631675880000,33.31000000,33.35000000,33.23000000,33.23000000,2856.83000000,1631675939999,95099.78830000,128,953.44000000,31755.08370000,0
1631675940000,33.24000000,33.26000000,33.21000000,33.25000000,657.39000000,1631675999999,21849.26100000,60,361.26000000,12007.64380000,0
1631676000000,33.23000000,33.27000000,33.16000000,33.18000000,1392.59000000,1631676059999,46254.75820000,97,647.44000000,21497.53770000,0
1631676060000,33.17000000,33.18000000,33.12000000,33.14000000,2613.89000000,1631676119999,86649.73230000,156,1989.56000000,65956.22490000,0
1631676120000,33.15000000,33.16000000,33.07000000,33.09000000,3414.71000000,1631676179999,113086.83430000,239,1713.21000000,56745.05610000,0
1631676180000,33.08000000,33.17000000,33.04000000,33.11000000,4014.17000000,1631676239999,132888.66810000,258,2367.49000000,78382.32570000,0
1631676240000,33.13000000,33.18000000,33.10000000,33.17000000,3585.50000000,1631676299999,118858.51300000,129,3203.41000000,106200.58720000,0
1631676300000,33.14000000,33.22000000,33.14000000,33.21000000,2478.97000000,1631676359999,82256.89460000,96,2351.16000000,78018.64590000,0
1631676360000,33.21000000,33.29000000,33.19000000,33.20000000,2157.99000000,1631676419999,71725.34170000,148,528.70000000,17574.93420000,0
1631676420000,33.21000000,33.23000000,33.16000000,33.23000000,993.74000000,1631676479999,32994.42240000,69,488.87000000,16237.18610000,0
1631676480000,33.22000000,33.34000000,33.22000000,33.34000000,1275.09000000,1631676539999,42462.92760000,113,1081.26000000,36011.43250000,0
1631676540000,33.32000000,33.33000000,33.23000000,33.25000000,2345.51000000,1631676599999,78036.27660000,107,420.24000000,13979.01440000,0
1631676600000,33.24000000,33.28000000,33.21000000,33.25000000,998.31000000,1631676659999,33179.24800000,70,421.16000000,13998.94380000,0
1631676660000,33.25000000,33.25000000,33.20000000,33.23000000,2911.77000000,1631676719999,96729.48190000,84,666.10000000,22141.17120000,0
1631676720000,33.24000000,33.31000000,33.24000000,33.28000000,2464.51000000,1631676779999,82002.57410000,104,1580.51000000,52583.61840000,0
1631676780000,33.29000000,33.42000000,33.28000000,33.42000000,5612.09000000,1631676839999,187253.65270000,220,4543.70000000,151610.76060000,0
1631676840000,33.41000000,33.43000000,33.38000000,33.38000000,1675.97000000,1631676899999,55965.24980000,140,400.95000000,13394.56920000,0
1631676900000,33.39000000,33.43000000,33.38000000,33.39000000,1698.24000000,1631676959999,56715.90250000,83,487.30000000,16283.50250000,0
1631676960000,33.39000000,33.40000000,33.30000000,33.35000000,9316.11000000,1631677019999,310838.85140000,174,598.23000000,19963.21870000,0
1631677020000,33.35000000,33.35000000,33.27000000,33.30000000,1558.73000000,1631677079999,51914.90430000,96,634.88000000,21148.66130000,0
1631677080000,33.30000000,33.30000000,33.24000000,33.26000000,1336.86000000,1631677139999,44463.44650000,68,644.66000000,21443.83420000,0
1631677140000,33.26000000,33.28000000,33.15000000,33.21000000,2742.49000000,1631677199999,91060.08140000,155,1846.02000000,61283.40910000,0
1631677200000,33.20000000,33.21000000,33.15000000,33.15000000,1552.82000000,1631677259999,51502.26640000,96,359.11000000,11915.32770000,0
1631677260000,33.14000000,33.23000000,33.12000000,33.12000000,1680.08000000,1631677319999,55748.08750000,118,902.13000000,29945.85140000,0
1631677320000,33.13000000,33.13000000,33.01000000,33.03000000,3388.78000000,1631677379999,112052.98250000,278,1531.94000000,50645.05820000,0
1631677380000,33.02000000,33.05000000,32.99000000,33.01000000,4565.87000000,1631677439999,150699.92720000,233,628.68000000,20759.94010000,0
1631677440000,33.02000000,33.08000000,32.99000000,33.04000000,2167.61000000,1631677499999,71610.04820000,135,909.52000000,30053.95740000,0
1631677500000,33.04000000,33.16000000,33.03000000,33.14000000,3857.72000000,1631677559999,127719.84690000,173,2861.71000000,94741.23650000,0
1631677560000,33.14000000,33.17000000,33.08000000,33.08000000,2357.64000000,1631677619999,78131.00920000,136,719.71000000,23838.32060000,0
1631677620000,33.10000000,33.14000000,33.04000000,33.12000000,1522.06000000,1631677679999,50333.51000000,108,788.47000000,26076.46110000,0
1631677680000,33.12000000,33.21000000,33.11000000,33.20000000,956.99000000,1631677739999,31746.25160000,121,442.75000000,14690.67560000,0
1631677740000,33.21000000,33.22000000,33.17000000,33.19000000,1664.90000000,1631677799999,55267.62570000,97,262.00000000,8700.08120000,0
1631677800000,33.21000000,33.21000000,33.15000000,33.18000000,2471.44000000,1631677859999,81994.73030000,93,407.30000000,13516.81220000,0
1631677860000,33.18000000,33.21000000,33.13000000,33.13000000,1892.62000000,1631677919999,62792.62260000,101,301.25000000,9995.66130000,0
1631677920000,33.12000000,33.13000000,33.08000000,33.09000000,650.93000000,1631677979999,21539.56880000,55,457.33000000,15134.06970000,0
1631677980000,33.08000000,33.13000000,33.06000000,33.12000000,1776.14000000,1631678039999,58776.26910000,91,359.24000000,11889.30680000,0
1631678040000,33.13000000,33.18000000,33.07000000,33.10000000,949.79000000,1631678099999,31454.48940000,80,375.54000000,12446.92080000,0
1631678100000,33.09000000,33.11000000,33.03000000,33.08000000,5190.36000000,1631678159999,171614.56270000,133,705.83000000,23345.11220000,0
1631678160000,33.07000000,33.14000000,33.05000000,33.10000000,1451.38000000,1631678219999,48047.33210000,84,447.77000000,14828.89730000,0
1631678220000,33.09000000,33.09000000,33.00000000,33.00000000,1096.08000000,1631678279999,36227.62590000,96,607.03000000,20069.94550000,0
1631678280000,33.01000000,33.10000000,33.00000000,33.09000000,1675.42000000,1631678339999,55371.03680000,87,1490.63000000,49260.42570000,0
1631678340000,33.10000000,33.13000000,33.05000000,33.08000000,1194.96000000,1631678399999,39548.23010000,66,623.03000000,20619.65830000,0
1631678400000,33.08000000,33.12000000,33.02000000,33.06000000,1012.45000000,1631678459999,33457.95680000,76,147.93000000,4893.24910000,0
1631678460000,33.04000000,33.09000000,33.04000000,33.04000000,874.60000000,1631678519999,28913.71120000,83,436.11000000,14419.90160000,0
1631678520000,33.04000000,33.10000000,33.04000000,33.08000000,904.83000000,1631678579999,29922.45530000,90,499.23000000,16512.35480000,0
1631678580000,33.08000000,33.09000000,33.03000000,33.08000000,2239.75000000,1631678639999,74054.29230000,110,1266.87000000,41894.60610000,0
1631678640000,33.07000000,33.10000000,33.04000000,33.05000000,861.10000000,1631678699999,28477.48180000,64,156.18000000,5165.87900000,0
1631678700000,33.06000000,33.06000000,32.92000000,32.92000000,3399.17000000,1631678759999,112161.90210000,217,1696.75000000,56014.40050000,0
1631678760000,32.94000000,32.97000000,32.79000000,32.85000000,9557.14000000,1631678819999,314081.83970000,1106,3874.85000000,127410.54790000,0
1631678820000,32.85000000,32.94000000,32.79000000,32.83000000,7729.75000000,1631678879999,253917.84840000,832,4053.88000000,133165.68860000,0
1631678880000,32.83000000,32.86000000,32.78000000,32.83000000,1689.49000000,1631678939999,55447.10180000,109,1348.51000000,44260.88600000,0
1631678940000,32.83000000,32.93000000,32.81000000,32.93000000,1667.11000000,1631678999999,54804.08520000,436,657.56000000,21624.52790000,0
1631679000000,32.93000000,32.96000000,32.92000000,32.95000000,848.53000000,1631679059999,27950.54370000,183,737.86000000,24306.64040000,0
1631679060000,32.94000000,32.98000000,32.92000000,32.96000000,1167.40000000,1631679119999,38453.64760000,91,673.63000000,22193.77930000,0
1631679120000,32.96000000,33.00000000,32.92000000,32.92000000,1393.73000000,1631679179999,45940.70650000,113,324.24000000,10697.93940000,0
1631679180000,32.92000000,32.92000000,32.88000000,32.92000000,1466.54000000,1631679239999,48251.28980000,109,1015.95000000,33430.59030000,0
1631679240000,32.90000000,32.90000000,32.81000000,32.87000000,3486.38000000,1631679299999,114554.59650000,161,1871.61000000,61501.32910000,0
1631679300000,32.88000000,32.96000000,32.87000000,32.93000000,1489.99000000,1631679359999,49046.42050000,99,1027.68000000,33826.14390000,0
1631679360000,32.93000000,32.99000000,32.79000000,32.81000000,5354.62000000,1631679419999,176052.25420000,262,602.24000000,19780.55110000,0
1631679420000,32.80000000,32.86000000,32.78000000,32.85000000,1781.98000000,1631679479999,58474.67010000,169,1242.42000000,40773.13670000,0
1631679480000,32.85000000,32.87000000,32.79000000,32.86000000,1924.40000000,1631679539999,63180.90050000,151,921.54000000,30256.08500000,0
1631679540000,32.85000000,32.90000000,32.84000000,32.90000000,1796.96000000,1631679599999,59081.55730000,115,1407.23000000,46275.84020000,0
1631679600000,32.90000000,32.90000000,32.81000000,32.85000000,2039.61000000,1631679659999,67025.94660000,148,589.23000000,19369.61670000,0
1631679660000,32.84000000,32.91000000,32.81000000,32.84000000,7088.04000000,1631679719999,232898.92080000,178,5874.67000000,193041.38910000,0
1631679720000,32.86000000,32.88000000,32.80000000,32.88000000,1413.45000000,1631679779999,46409.75360000,120,889.07000000,29193.82690000,0
1631679780000,32.87000000,32.91000000,32.85000000,32.90000000,1965.88000000,1631679839999,64638.53180000,129,1301.49000000,42801.66450000,0
1631679840000,32.90000000,32.94000000,32.86000000,32.94000000,2864.39000000,1631679899999,94250.62840000,142,833.21000000,27417.86840000,0
1631679900000,32.93000000,32.95000000,32.86000000,32.91000000,2953.35000000,1631679959999,97192.08680000,125,710.14000000,23381.80440000,0
1631679960000,32.90000000,33.02000000,32.87000000,33.02000000,8024.25000000,1631680019999,264500.42280000,217,4444.54000000,146554.54760000,0
1631680020000,33.02000000,33.05000000,32.97000000,33.02000000,4241.32000000,1631680079999,140025.41000000,187,2382.77000000,78692.11290000,0
1631680080000,33.02000000,33.08000000,33.02000000,33.07000000,1316.77000000,1631680139999,43529.33410000,92,1145.70000000,37874.49550000,0
1631680140000,33.06000000,33.11000000,33.03000000,33.09000000,3009.46000000,1631680199999,99510.89340000,117,1753.67000000,57969.02290000,0
1631680200000,33.10000000,33.18000000,33.09000000,33.17000000,5388.01000000,1631680259999,178572.23820000,211,3994.89000000,132422.61340000,0
1631680260000,33.15000000,33.17000000,33.08000000,33.14000000,2784.14000000,1631680319999,92233.75260000,143,652.16000000,21616.13110000,0
1631680320000,33.14000000,33.19000000,33.10000000,33.16000000,945.69000000,1631680379999,31333.39570000,80,455.06000000,15079.00160000,0
1631680380000,33.17000000,33.24000000,33.17000000,33.23000000,2336.47000000,1631680439999,77601.48180000,617,1215.21000000,40358.74690000,0
1631680440000,33.22000000,33.22000000,33.11000000,33.22000000,2364.92000000,1631680499999,78456.60270000,141,1122.84000000,37227.18870000,0
1631680500000,33.18000000,33.24000000,33.18000000,33.21000000,2303.14000000,1631680559999,76501.63700000,108,476.81000000,15842.53100000,0
1631680560000,33.19000000,33.21000000,33.15000000,33.16000000,1460.68000000,1631680619999,48466.30520000,116,843.97000000,28003.40090000,0
1631680620000,33.19000000,33.30000000,33.17000000,33.27000000,5805.63000000,1631680679999,193020.34080000,728,4286.78000000,142541.77530000,0
1631680680000,33.26000000,33.31000000,33.23000000,33.27000000,1961.51000000,1631680739999,65255.04230000,118,1129.81000000,37589.92470000,0
1631680740000,33.29000000,33.31000000,33.17000000,33.17000000,6309.15000000,1631680799999,209880.27190000,179,2774.63000000,92315.50170000,0
1631680800000,33.17000000,33.20000000,33.13000000,33.20000000,2774.63000000,1631680859999,91963.64520000,106,2216.74000000,73473.34450000,0
1631680860000,33.18000000,33.20000000,33.12000000,33.14000000,864.78000000,1631680919999,28674.63690000,68,466.72000000,15478.86510000,0
1631680920000,33.14000000,33.17000000,33.13000000,33.17000000,241.78000000,1631680979999,8016.87360000,42,145.74000000,4833.00490000,0
1631680980000,33.16000000,33.21000000,33.15000000,33.21000000,477.33000000,1631681039999,15834.80940000,57,317.01000000,10518.66130000,0
1631681040000,33.22000000,33.26000000,33.22000000,33.22000000,1154.39000000,1631681099999,38366.18530000,53,313.40000000,10419.95190000,0
1631681100000,33.24000000,33.27000000,33.19000000,33.21000000,2975.19000000,1631681159999,98851.03550000,129,843.61000000,28044.57690000,0
1631681160000,33.21000000,33.22000000,33.17000000,33.22000000,1439.70000000,1631681219999,47794.04440000,92,1117.95000000,37115.93270000,0
1631681220000,33.21000000,33.27000000,33.19000000,33.27000000,920.91000000,1631681279999,30591.63180000,50,684.84000000,22747.89410000,0
1631681280000,33.26000000,33.32000000,33.23000000,33.29000000,1436.99000000,1631681339999,47835.43990000,102,994.11000000,33098.45990000,0
1631681340000,33.29000000,33.34000000,33.24000000,33.32000000,1327.88000000,1631681399999,44215.44160000,155,673.59000000,22435.75090000,0
1631681400000,33.30000000,33.32000000,33.26000000,33.30000000,2489.20000000,1631681459999,82888.92380000,124,834.76000000,27796.13230000,0
1631681460000,33.30000000,33.32000000,33.25000000,33.31000000,1933.98000000,1631681519999,64367.63380000,69,1780.06000000,59246.81200000,0
1631681520000,33.31000000,33.37000000,33.28000000,33.34000000,4280.24000000,1631681579999,142597.27750000,294,609.86000000,20330.14660000,0
1631681580000,33.33000000,33.41000000,33.31000000,33.35000000,10015.10000000,1631681639999,334135.81020000,742,5931.99000000,198013.07430000,0
1631681640000,33.35000000,33.38000000,33.30000000,33.30000000,4070.18000000,1631681699999,135674.23590000,145,1268.97000000,42316.81760000,0
1631681700000,33.30000000,33.35000000,33.25000000,33.29000000,4357.42000000,1631681759999,145055.40400000,137,864.78000000,28805.36280000,0
1631681760000,33.29000000,33.32000000,33.26000000,33.29000000,4008.02000000,1631681819999,133370.56480000,120,2985.59000000,99355.08570000,0
1631681820000,33.27000000,33.31000000,33.20000000,33.24000000,4241.95000000,1631681879999,141118.62320000,167,2853.25000000,94942.28300000,0
1631681880000,33.22000000,33.25000000,33.17000000,33.17000000,2314.79000000,1631681939999,76904.08960000,140,1653.88000000,54946.72470000,0
1631681940000,33.17000000,33.18000000,33.09000000,33.15000000,5012.29000000,1631681999999,166080.43700000,198,918.24000000,30429.26740000,0
1631682000000,33.14000000,33.16000000,32.99000000,32.99000000,3991.33000000,1631682059999,131896.21720000,280,955.41000000,31592.32650000,0
1631682060000,32.99000000,33.11000000,32.97000000,33.08000000,5526.70000000,1631682119999,182511.79270000,210,3683.18000000,121655.39510000,0
1631682120000,33.09000000,33.17000000,33.08000000,33.17000000,3823.11000000,1631682179999,126573.80460000,136,1283.88000000,42528.78940000,0
1631682180000,33.15000000,33.25000000,33.14000000,33.24000000,3260.90000000,1631682239999,108193.98740000,177,2083.49000000,69156.13430000,0
1631682240000,33.24000000,33.29000000,33.21000000,33.27000000,3873.22000000,1631682299999,128827.06220000,171,2984.26000000,99275.06790000,0
1631682300000,33.27000000,33.43000000,33.27000000,33.39000000,12820.66000000,1631682359999,427854.37740000,315,10558.17000000,352361.43560000,0
1631682360000,33.37000000,33.46000000,33.36000000,33.44000000,2697.67000000,1631682419999,90174.21940000,449,2120.59000000,70893.05920000,0
1631682420000,33.44000000,33.46000000,33.37000000,33.40000000,4449.99000000,1631682479999,148711.65500000,168,3380.38000000,112976.27730000,0
1631682480000,33.41000000,33.48000000,33.33000000,33.33000000,2221.11000000,1631682539999,74218.74640000,442,631.90000000,21120.05340000,0
1631682540000,33.34000000,33.44000000,33.30000000,33.40000000,3582.11000000,1631682599999,119586.86820000,125,1921.02000000,64163.46070000,0
1631682600000,33.44000000,33.47000000,33.38000000,33.39000000,2316.10000000,1631682659999,77415.86920000,124,1259.24000000,42096.46220000,0
1631682660000,33.39000000,33.42000000,33.36000000,33.42000000,2379.29000000,1631682719999,79431.96490000,80,893.32000000,29823.97300000,0
1631682720000,33.43000000,33.43000000,33.37000000,33.37000000,1141.13000000,1631682779999,38110.56550000,63,287.51000000,9603.86580000,0
1631682780000,33.37000000,33.46000000,33.37000000,33.45000000,2279.59000000,1631682839999,76158.72750000,92,1907.08000000,63715.48170000,0
1631682840000,33.46000000,33.48000000,33.41000000,33.45000000,5419.83000000,1631682899999,181310.64910000,188,4209.11000000,140820.94210000,0
1631682900000,33.45000000,33.50000000,33.36000000,33.45000000,4940.24000000,1631682959999,165169.86490000,409,2210.00000000,73907.75990000,0
1631682960000,33.46000000,33.50000000,33.44000000,33.50000000,1699.11000000,1631683019999,56870.16530000,100,1127.95000000,37753.73750000,0
1631683020000,33.48000000,33.55000000,33.45000000,33.52000000,3807.27000000,1631683079999,127558.31390000,245,2736.64000000,91705.76180000,0
1631683080000,33.52000000,33.58000000,33.50000000,33.56000000,1915.59000000,1631683139999,64243.83670000,321,1330.26000000,44618.33800000,0
1631683140000,33.58000000,33.63000000,33.56000000,33.59000000,4290.85000000,1631683199999,144132.23470000,415,1668.02000000,56049.48030000,0
1631683200000,33.60000000,33.63000000,33.45000000,33.63000000,3611.45000000,1631683259999,121098.71880000,950,961.20000000,32250.44840000,0
1631683260000,33.62000000,33.66000000,33.60000000,33.65000000,2744.32000000,1631683319999,92268.89520000,208,1221.70000000,41086.43390000,0
1631683320000,33.65000000,33.68000000,33.53000000,33.58000000,6300.71000000,1631683379999,211934.73110000,428,3238.57000000,108958.92670000,0
1631683380000,33.58000000,33.61000000,33.55000000,33.60000000,1603.70000000,1631683439999,53859.38650000,130,1183.53000000,39749.76950000,0
1631683440000,33.60000000,33.60000000,33.51000000,33.55000000,4336.82000000,1631683499999,145463.48000000,173,898.33000000,30143.19190000,0
1631683500000,33.55000000,33.61000000,33.52000000,33.59000000,425.03000000,1631683559999,14259.28620000,80,312.89000000,10497.82570000,0
1631683560000,33.60000000,33.61000000,33.52000000,33.58000000,2375.77000000,1631683619999,79741.25630000,151,1170.81000000,39295.21320000,0
1631683620000,33.57000000,33.64000000,33.56000000,33.59000000,3835.68000000,1631683679999,128877.94470000,155,2376.48000000,79851.32670000,0
1631683680000,33.59000000,33.60000000,33.52000000,33.54000000,1138.17000000,1631683739999,38189.68180000,142,344.15000000,11551.83960000,0
1631683740000,33.54000000,33.55000000,33.50000000,33.51000000,1224.99000000,1631683799999,41061.38350000,128,468.49000000,15705.54100000,0
1631683800000,33.51000000,33.57000000,33.48000000,33.51000000,3177.83000000,1631683859999,106512.58910000,162,1897.02000000,63596.08030000,0
1631683860000,33.51000000,33.51000000,33.38000000,33.38000000,3528.89000000,1631683919999,117993.55380000,203,383.71000000,12835.76550000,0
1631683920000,33.38000000,33.46000000,33.37000000,33.39000000,1380.91000000,1631683979999,46134.29720000,131,867.10000000,28975.46230000,0
1631683980000,33.41000000,33.44000000,33.37000000,33.40000000,2087.52000000,1631684039999,69728.47400000,121,359.17000000,11996.89640000,0
1631684040000,33.42000000,33.50000000,33.40000000,33.42000000,2662.12000000,1631684099999,89028.85670000,161,1556.16000000,52055.53870000,0
1631684100000,33.41000000,33.53000000,33.40000000,33.53000000,1003.87000000,1631684159999,33587.20700000,97,795.24000000,26610.35250000,0
1631684160000,33.52000000,33.52000000,33.39000000,33.43000000,2793.14000000,1631684219999,93418.10170000,147,353.41000000,11816.34780000,0
1631684220000,33.41000000,33.43000000,33.36000000,33.39000000,1684.63000000,1631684279999,56256.12390000,106,790.86000000,26416.40290000,0
1631684280000,33.40000000,33.44000000,33.35000000,33.36000000,1531.06000000,1631684339999,51121.88870000,80,754.80000000,25218.89340000,0
1631684340000,33.37000000,33.38000000,33.33000000,33.37000000,1466.56000000,1631684399999,48912.46460000,71,1356.06000000,45227.99430000,0
1631684400000,33.38000000,33.40000000,33.33000000,33.34000000,2727.52000000,1631684459999,90954.18970000,142,551.71000000,18417.29820000,0
1631684460000,33.34000000,33.34000000,33.21000000,33.29000000,3170.43000000,1631684519999,105482.32200000,361,1239.82000000,41237.34900000,0
1631684520000,33.28000000,33.33000000,33.24000000,33.32000000,1735.15000000,1631684579999,57756.97310000,82,1576.79000000,52487.00540000,0
1631684580000,33.31000000,33.31000000,33.27000000,33.30000000,571.50000000,1631684639999,19030.32980000,63,419.77000000,13978.80700000,0
1631684640000,33.30000000,33.40000000,33.30000000,33.38000000,1630.85000000,1631684699999,54384.40590000,182,1450.97000000,48381.31490000,0
1631684700000,33.38000000,33.44000000,33.36000000,33.41000000,1059.61000000,1631684759999,35399.26340000,70,957.19000000,31979.37350000,0
1631684760000,33.43000000,33.46000000,33.36000000,33.37000000,3301.72000000,1631684819999,110376.33320000,157,1801.95000000,60250.91760000,0
1631684820000,33.38000000,33.41000000,33.31000000,33.40000000,1505.85000000,1631684879999,50239.01970000,101,878.38000000,29307.68740000,0
1631684880000,33.40000000,33.55000000,33.38000000,33.50000000,3042.13000000,1631684939999,101861.38770000,141,1521.46000000,50941.01920000,0
1631684940000,33.51000000,33.57000000,33.50000000,33.53000000,2389.03000000,1631684999999,80120.67260000,123,1575.52000000,52840.91980000,0
1631685000000,33.55000000,33.60000000,33.54000000,33.58000000,1427.75000000,1631685059999,47938.62250000,90,1207.74000000,40552.09620000,0
1631685060000,33.58000000,33.62000000,33.57000000,33.59000000,3975.45000000,1631685119999,133559.65520000,110,3344.42000000,112367.37590000,0
1631685120000,33.59000000,33.63000000,33.58000000,33.59000000,3809.57000000,1631685179999,128025.91050000,149,2753.10000000,92517.84040000,0
1631685180000,33.60000000,33.65000000,33.57000000,33.65000000,4352.32000000,1631685239999,146257.98500000,164,2180.92000000,73322.83020000,0
1631685240000,33.63000000,33.67000000,33.59000000,33.62000000,4746.26000000,1631685299999,159666.77760000,153,2072.08000000,69710.65620000,0
1631685300000,33.63000000,33.75000000,33.61000000,33.73000000,4906.96000000,1631685359999,165373.55280000,545,3599.24000000,121311.90750000,0
1631685360000,33.75000000,33.83000000,33.71000000,33.75000000,7117.82000000,1631685419999,240376.45350000,1719,4609.46000000,155687.42570000,0
1631685420000,33.73000000,33.82000000,33.72000000,33.78000000,3852.58000000,1631685479999,130097.82970000,416,1751.67000000,59169.58860000,0
1631685480000,33.77000000,33.84000000,33.68000000,33.74000000,3201.98000000,1631685539999,108155.61870000,330,1592.39000000,53800.55270000,0
1631685540000,33.73000000,33.75000000,33.60000000,33.69000000,5703.61000000,1631685599999,191924.57780000,237,1773.32000000,59682.53920000,0
1631685600000,33.69000000,33.69000000,33.49000000,33.53000000,6959.08000000,1631685659999,233811.74350000,277,1680.38000000,56457.12660000,0
1631685660000,33.51000000,33.62000000,33.50000000,33.54000000,2474.28000000,1631685719999,83031.33850000,141,1635.16000000,54879.83890000,0
1631685720000,33.55000000,33.58000000,33.37000000,33.37000000,6409.29000000,1631685779999,214669.91250000,298,4050.89000000,135786.27200000,0
1631685780000,33.38000000,33.48000000,33.38000000,33.40000000,3483.14000000,1631685839999,116429.39440000,732,1887.77000000,63126.53070000,0
1631685840000,33.40000000,33.50000000,33.34000000,33.43000000,5427.29000000,1631685899999,181320.61740000,283,3975.92000000,132818.89240000,0
1631685900000,33.44000000,33.55000000,33.44000000,33.52000000,5923.44000000,1631685959999,198443.17160000,268,4819.04000000,161461.08710000,0
1631685960000,33.51000000,33.52000000,33.45000000,33.51000000,1659.46000000,1631686019999,55563.53800000,185,652.69000000,21862.22010000,0
1631686020000,33.50000000,33.62000000,33.48000000,33.58000000,1639.08000000,1631686079999,55042.42850000,172,862.08000000,28955.65570000,0
1631686080000,33.58000000,33.61000000,33.56000000,33.57000000,1222.66000000,1631686139999,41074.17460000,108,927.49000000,31160.79320000,0
1631686140000,33.58000000,33.62000000,33.46000000,33.58000000,5499.56000000,1631686199999,184523.49900000,246,4012.25000000,134673.38590000,0
1631686200000,33.59000000,33.66000000,33.54000000,33.54000000,4404.19000000,1631686259999,148086.76160000,232,966.21000000,32500.17490000,0
1631686260000,33.54000000,33.57000000,33.49000000,33.50000000,1635.19000000,1631686319999,54824.71010000,122,837.37000000,28093.23280000,0
1631686320000,33.49000000,33.50000000,33.37000000,33.42000000,3112.39000000,1631686379999,104022.44470000,256,1461.45000000,48844.49270000,0
1631686380000,33.42000000,33.42000000,33.33000000,33.39000000,3289.96000000,1631686439999,109761.08360000,179,1875.17000000,62574.35430000,0
1631686440000,33.39000000,33.41000000,33.29000000,33.31000000,3632.29000000,1631686499999,121090.22480000,201,1553.21000000,51795.52840000,0
1631686500000,33.29000000,33.37000000,33.23000000,33.36000000,8275.28000000,1631686559999,275320.22430000,979,3876.32000000,129026.09270000,0
1631686560000,33.33000000,33.40000000,33.30000000,33.31000000,3331.19000000,1631686619999,111093.49990000,163,973.90000000,32497.51960000,0
1631686620000,33.31000000,33.33000000,33.21000000,33.30000000,4573.18000000,1631686679999,152124.03890000,327,1948.99000000,64795.89620000,0
1631686680000,33.31000000,33.34000000,33.24000000,33.27000000,4590.44000000,1631686739999,152781.06820000,182,2191.51000000,72932.64960000,0
1631686740000,33.26000000,33.28000000,33.18000000,33.19000000,8463.84000000,1631686799999,281218.37070000,332,3276.22000000,108867.84960000,0
1631686800000,33.19000000,33.19000000,33.04000000,33.05000000,14309.17000000,1631686859999,473799.74800000,1094,4883.35000000,161727.05010000,0
1631686860000,33.07000000,33.10000000,33.00000000,33.05000000,10264.73000000,1631686919999,339285.68000000,736,4736.71000000,156594.66550000,0
1631686920000,33.05000000,33.06000000,32.96000000,33.00000000,13300.80000000,1631686979999,438829.40510000,571,3435.27000000,113404.44280000,0
1631686980000,33.00000000,33.08000000,32.98000000,33.01000000,5606.97000000,1631687039999,185223.22350000,835,4436.10000000,146580.48720000,0
1631687040000,33.00000000,33.14000000,32.94000000,33.12000000,5524.82000000,1631687099999,182531.56560000,493,3040.91000000,100576.22740000,0
1631687100000,33.12000000,33.28000000,33.03000000,33.26000000,11136.56000000,1631687159999,368969.01250000,325,8425.29000000,279211.58210000,0
1631687160000,33.24000000,33.26000000,33.08000000,33.09000000,4739.69000000,1631687219999,157087.68390000,249,2164.49000000,71765.32450000,0
1631687220000,33.09000000,33.19000000,33.09000000,33.12000000,2225.69000000,1631687279999,73760.74250000,131,1370.11000000,45417.03400000,0
1631687280000,33.12000000,33.19000000,33.10000000,33.17000000,2651.71000000,1631687339999,87868.54580000,128,1634.76000000,54163.07040000,0
1631687340000,33.17000000,33.21000000,33.13000000,33.19000000,3554.86000000,1631687399999,117913.59470000,110,2118.93000000,70275.28440000,0
1631687400000,33.19000000,33.19000000,33.15000000,33.18000000,3095.92000000,1631687459999,102693.56790000,113,1340.94000000,44479.04420000,0
1631687460000,33.18000000,33.25000000,33.15000000,33.25000000,2033.68000000,1631687519999,67472.36790000,96,1346.61000000,44686.10330000,0
1631687520000,33.23000000,33.26000000,33.20000000,33.23000000,2351.69000000,1631687579999,78156.12920000,136,1342.22000000,44608.51320000,0
1631687580000,33.24000000,33.24000000,33.16000000,33.23000000,4530.73000000,1631687639999,150376.73030000,164,2534.71000000,84138.79100000,0
1631687640000,33.23000000,33.24000000,33.13000000,33.17000000,2231.63000000,1631687699999,74027.42070000,130,1514.13000000,50218.69140000,0
1631687700000,33.17000000,33.21000000,33.16000000,33.17000000,2012.93000000,1631687759999,66798.06440000,77,890.03000000,29540.22700000,0
1631687760000,33.20000000,33.20000000,33.12000000,33.15000000,1401.81000000,1631687819999,46486.91440000,89,831.09000000,27561.43940000,0
1631687820000,33.17000000,33.17000000,33.06000000,33.15000000,6059.14000000,1631687879999,200710.73370000,210,3989.66000000,132180.91250000,0
1631687880000,33.13000000,33.20000000,33.07000000,33.08000000,7902.54000000,1631687939999,261832.58170000,197,3393.76000000,112486.42360000,0
1631687940000,33.09000000,33.17000000,33.06000000,33.15000000,2711.73000000,1631687999999,89826.85540000,118,2294.15000000,75997.20920000,0
1631688000000,33.14000000,33.15000000,33.07000000,33.12000000,1218.95000000,1631688059999,40363.39400000,86,393.81000000,13040.14480000,0
1631688060000,33.12000000,33.24000000,33.12000000,33.23000000,2150.19000000,1631688119999,71377.58140000,141,1670.89000000,55464.46690000,0
1631688120000,33.24000000,33.35000000,33.23000000,33.28000000,1938.63000000,1631688179999,64542.02190000,144,1091.83000000,36363.55770000,0
1631688180000,33.25000000,33.36000000,33.23000000,33.34000000,2930.48000000,1631688239999,97631.54930000,130,1479.53000000,49288.55380000,0
1631688240000,33.34000000,33.37000000,33.32000000,33.37000000,1205.10000000,1631688299999,40182.43050000,90,744.98000000,24842.11390000,0
1631688300000,33.36000000,33.44000000,33.28000000,33.40000000,2867.03000000,1631688359999,95685.57160000,224,1797.37000000,59972.54330000,0
1631688360000,33.38000000,33.48000000,33.35000000,33.46000000,1560.76000000,1631688419999,52144.01380000,162,769.82000000,25733.00680000,0
1631688420000,33.46000000,33.50000000,33.28000000,33.37000000,5794.04000000,1631688479999,193327.68950000,495,1898.26000000,63398.84630000,0
1631688480000,33.37000000,33.52000000,33.37000000,33.42000000,6090.45000000,1631688539999,203758.75500000,380,4127.97000000,138105.40420000,0
1631688540000,33.40000000,33.64000000,33.40000000,33.63000000,24646.65000000,1631688599999,826567.67650000,1624,19836.08000000,665293.03450000,0
1631688600000,33.63000000,33.63000000,33.51000000,33.55000000,4190.04000000,1631688659999,140631.77670000,237,1649.73000000,55372.70220000,0
1631688660000,33.55000000,33.64000000,33.52000000,33.64000000,1432.37000000,1631688719999,48087.72660000,169,1060.76000000,35620.26100000,0
1631688720000,33.64000000,33.66000000,33.58000000,33.63000000,2491.39000000,1631688779999,83767.01820000,191,1876.03000000,63077.79990000,0
1631688780000,33.63000000,33.66000000,33.47000000,33.58000000,5221.03000000,1631688839999,175211.99150000,262,2413.42000000,81025.28680000,0
1631688840000,33.57000000,33.60000000,33.50000000,33.57000000,2649.90000000,1631688899999,88870.80420000,175,1918.98000000,64358.55500000,0
1631688900000,33.58000000,33.58000000,33.45000000,33.47000000,7293.36000000,1631688959999,244386.04000000,204,2712.26000000,90884.69150000,0
1631688960000,33.45000000,33.47000000,33.38000000,33.45000000,5260.93000000,1631689019999,175779.16390000,200,1707.12000000,57052.37680000,0
1631689020000,33.47000000,33.50000000,33.20000000,33.37000000,21682.66000000,1631689079999,723015.18120000,590,5176.19000000,172756.39050000,0
1631689080000,33.36000000,33.40000000,33.33000000,33.37000000,2540.18000000,1631689139999,84761.87020000,146,1643.94000000,54866.31290000,0
1631689140000,33.39000000,33.40000000,33.36000000,33.38000000,1407.05000000,1631689199999,46968.02370000,103,885.51000000,29563.65790000,0
1631689200000,33.39000000,33.46000000,33.36000000,33.37000000,3129.98000000,1631689259999,104599.89650000,156,1667.70000000,55734.55190000,0
1631689260000,33.37000000,33.37000000,33.29000000,33.32000000,3496.28000000,1631689319999,116496.72050000,131,1324.45000000,44135.13300000,0
1631689320000,33.32000000,33.35000000,33.20000000,33.23000000,2495.00000000,1631689379999,83041.25700000,153,864.47000000,28790.85640000,0
1631689380000,33.21000000,33.33000000,33.21000000,33.31000000,1915.41000000,1631689439999,63732.49140000,95,1278.34000000,42538.87050000,0
1631689440000,33.30000000,33.37000000,33.28000000,33.34000000,4063.59000000,1631689499999,135404.41380000,118,2515.02000000,83844.27110000,0
1631689500000,33.36000000,33.41000000,33.30000000,33.36000000,2197.62000000,1631689559999,73309.37720000,147,1324.77000000,44189.54000000,0
1631689560000,33.36000000,33.44000000,33.33000000,33.42000000,1294.60000000,1631689619999,43208.55330000,92,682.62000000,22792.55560000,0
1631689620000,33.44000000,33.51000000,33.44000000,33.49000000,2833.06000000,1631689679999,94837.30760000,153,2470.92000000,82717.61390000,0
1631689680000,33.49000000,33.52000000,33.44000000,33.52000000,1764.95000000,1631689739999,59082.46990000,106,1372.66000000,45952.31570000,0
1631689740000,33.50000000,33.56000000,33.49000000,33.55000000,1895.75000000,1631689799999,63565.55710000,124,1353.91000000,45402.81780000,0
1631689800000,33.54000000,33.63000000,33.54000000,33.63000000,3421.08000000,1631689859999,114895.60210000,215,2437.04000000,81859.59090000,0
1631689860000,33.62000000,33.65000000,33.55000000,33.58000000,3499.05000000,1631689919999,117553.38630000,169,1086.45000000,36528.15590000,0
1631689920000,33.61000000,33.63000000,33.57000000,33.63000000,1573.84000000,1631689979999,52885.01560000,89,636.58000000,21395.15370000,0
1631689980000,33.62000000,33.63000000,33.50000000,33.57000000,3454.05000000,1631690039999,115923.63180000,139,1066.00000000,35765.83010000,0
1631690040000,33.57000000,33.57000000,33.46000000,33.50000000,2331.15000000,1631690099999,78101.53710000,109,505.78000000,16944.56030000,0
1631690100000,33.50000000,33.52000000,33.46000000,33.49000000,2310.13000000,1631690159999,77374.77720000,102,1110.35000000,37199.52640000,0
1631690160000,33.47000000,33.49000000,33.41000000,33.42000000,2203.80000000,1631690219999,73697.83860000,124,849.46000000,28413.38830000,0
1631690220000,33.41000000,33.44000000,33.39000000,33.44000000,895.16000000,1631690279999,29914.19730000,76,476.89000000,15938.66730000,0
1631690280000,33.43000000,33.50000000,33.42000000,33.49000000,1798.99000000,1631690339999,60190.01240000,75,1628.08000000,54475.21350000,0
1631690340000,33.50000000,33.50000000,33.42000000,33.45000000,2433.24000000,1631690399999,81391.66020000,92,971.79000000,32514.35750000,0
1631690400000,33.44000000,33.47000000,33.42000000,33.46000000,1697.51000000,1631690459999,56772.69180000,74,763.07000000,25526.33150000,0
1631690460000,33.47000000,33.51000000,33.44000000,33.47000000,1841.59000000,1631690519999,61641.68200000,117,459.25000000,15381.97720000,0
1631690520000,33.49000000,33.58000000,33.46000000,33.56000000,7320.42000000,1631690579999,245378.40320000,211,5304.76000000,177866.35210000,0
1631690580000,33.56000000,33.64000000,33.55000000,33.64000000,5304.71000000,1631690639999,178257.83970000,175,3232.20000000,108592.95780000,0
1631690640000,33.62000000,33.69000000,33.61000000,33.64000000,4608.42000000,1631690699999,155040.42850000,254,2438.18000000,82049.46150000,0
1631690700000,33.66000000,33.68000000,33.61000000,33.66000000,1380.86000000,1631690759999,46458.02730000,111,732.67000000,24659.00850000,0
1631690760000,33.68000000,33.68000000,33.61000000,33.62000000,1412.69000000,1631690819999,47519.87370000,65,339.85000000,11434.23620000,0
1631690820000,33.63000000,33.64000000,33.57000000,33.61000000,1723.79000000,1631690879999,57941.88200000,99,445.83000000,14986.84090000,0
1631690880000,33.59000000,33.66000000,33.59000000,33.65000000,1426.03000000,1631690939999,47950.84510000,63,861.39000000,28959.91450000,0
1631690940000,33.65000000,33.79000000,33.64000000,33.78000000,9085.58000000,1631690999999,306482.55710000,665,6854.88000000,231213.41350000,0
1631691000000,33.78000000,33.80000000,33.70000000,33.70000000,3283.15000000,1631691059999,110860.34090000,255,1329.68000000,44918.67460000,0
1631691060000,33.70000000,33.75000000,33.64000000,33.73000000,1706.53000000,1631691119999,57474.76210000,167,638.00000000,21496.17650000,0
1631691120000,33.73000000,33.84000000,33.73000000,33.75000000,3374.81000000,1631691179999,114050.01590000,953,2001.39000000,67652.08020000,0
1631691180000,33.75000000,33.81000000,33.72000000,33.76000000,2195.08000000,1631691239999,74146.71860000,152,1475.19000000,49835.11000000,0
1631691240000,33.78000000,33.85000000,33.77000000,33.82000000,5034.33000000,1631691299999,170221.57350000,217,3694.26000000,124897.27970000,0
1631691300000,33.85000000,33.86000000,33.75000000,33.78000000,3966.29000000,1631691359999,134097.39240000,361,1736.63000000,58721.86360000,0
1631691360000,33.80000000,33.90000000,33.75000000,33.80000000,19375.51000000,1631691419999,655615.43070000,1666,12729.40000000,430869.52850000,0
1631691420000,33.81000000,33.86000000,33.81000000,33.85000000,1954.72000000,1631691479999,66126.87870000,97,1649.16000000,55793.62310000,0
1631691480000,33.84000000,33.86000000,33.73000000,33.77000000,3747.37000000,1631691539999,126618.47610000,173,1578.52000000,53353.69800000,0
1631691540000,33.76000000,33.91000000,33.75000000,33.88000000,5946.83000000,1631691599999,201175.36640000,248,4013.58000000,135840.72690000,0
1631691600000,33.88000000,33.91000000,33.83000000,33.88000000,2314.37000000,1631691659999,78377.27930000,191,397.49000000,13469.93230000,0
1631691660000,33.87000000,33.94000000,33.84000000,33.94000000,1733.02000000,1631691719999,58700.81020000,161,1210.43000000,41000.19920000,0
1631691720000,33.94000000,33.94000000,33.90000000,33.91000000,1741.98000000,1631691779999,59098.14930000,166,573.09000000,19447.06980000,0
1631691780000,33.92000000,33.99000000,33.92000000,33.96000000,3282.17000000,1631691839999,111447.27550000,282,2072.42000000,70379.36620000,0
1631691840000,33.97000000,34.04000000,33.92000000,34.04000000,8092.80000000,1631691899999,275112.91700000,810,5333.61000000,181351.87780000,0
1631691900000,34.05000000,34.16000000,34.03000000,34.15000000,10399.90000000,1631691959999,354700.56760000,2352,6925.99000000,236281.82850000,0
1631691960000,34.15000000,34.28000000,34.12000000,34.25000000,14321.02000000,1631692019999,489675.62380000,1157,9365.19000000,320237.21040000,0
1631692020000,34.27000000,34.37000000,34.20000000,34.36000000,8889.12000000,1631692079999,304732.72320000,2254,4758.30000000,163159.80540000,0
1631692080000,34.35000000,34.39000000,34.24000000,34.26000000,13667.63000000,1631692139999,469014.22340000,2062,6572.89000000,225627.72110000,0
1631692140000,34.26000000,34.26000000,34.12000000,34.15000000,15134.13000000,1631692199999,517426.96880000,609,2449.75000000,83686.22290000,0
1631692200000,34.13000000,34.13000000,33.91000000,33.95000000,12596.10000000,1631692259999,428182.55620000,700,3290.00000000,111850.57170000,0
1631692260000,33.98000000,34.05000000,33.92000000,34.02000000,4608.88000000,1631692319999,156656.95270000,192,2183.51000000,74236.89730000,0
1631692320000,34.04000000,34.13000000,34.02000000,34.11000000,3387.10000000,1631692379999,115470.23810000,283,2522.89000000,86018.43240000,0
1631692380000,34.09000000,34.14000000,34.06000000,34.09000000,2787.86000000,1631692439999,95012.67280000,116,784.62000000,26753.61520000,0
1631692440000,34.07000000,34.11000000,33.99000000,34.00000000,4751.85000000,1631692499999,161786.38800000,136,1217.89000000,41497.37620000,0
1631692500000,34.00000000,34.09000000,33.99000000,34.09000000,4206.24000000,1631692559999,143193.24850000,108,2865.55000000,97577.12760000,0
1631692560000,34.07000000,34.08000000,34.00000000,34.05000000,2555.20000000,1631692619999,86965.06250000,124,688.08000000,23432.48270000,0
1631692620000,34.05000000,34.19000000,34.05000000,34.09000000,4557.83000000,1631692679999,155536.29940000,181,2877.45000000,98181.83040000,0
1631692680000,34.11000000,34.18000000,34.11000000,34.11000000,1853.04000000,1631692739999,63236.24620000,99,619.16000000,21132.32620000,0
1631692740000,34.12000000,34.29000000,34.04000000,34.19000000,5547.36000000,1631692799999,189379.68640000,261,2560.14000000,87447.55760000,0
1631692800000,34.21000000,34.21000000,34.07000000,34.12000000,4103.66000000,1631692859999,140038.83280000,154,3007.04000000,102621.43870000,0
1631692860000,34.12000000,34.14000000,34.07000000,34.10000000,2409.15000000,1631692919999,82121.92340000,123,1312.75000000,44753.73650000,0
1631692920000,34.08000000,34.15000000,34.03000000,34.11000000,3833.87000000,1631692979999,130653.72390000,222,2114.67000000,72062.63550000,0
1631692980000,34.12000000,34.12000000,34.00000000,34.09000000,3060.83000000,1631693039999,104221.37310000,165,1813.18000000,61754.24080000,0
1631693040000,34.09000000,34.12000000,34.01000000,34.01000000,1505.53000000,1631693099999,51268.83870000,96,394.76000000,13454.47120000,0
1631693100000,34.03000000,34.10000000,33.98000000,34.10000000,6030.96000000,1631693159999,205170.76250000,191,2904.79000000,98855.22240000,0
1631693160000,34.11000000,34.15000000,34.04000000,34.06000000,2451.97000000,1631693219999,83626.13340000,113,875.29000000,29869.35290000,0
1631693220000,34.06000000,34.07000000,33.97000000,33.98000000,2979.72000000,1631693279999,101397.25790000,132,922.06000000,31374.12660000,0
1631693280000,33.99000000,34.04000000,33.93000000,34.04000000,5187.19000000,1631693339999,176200.06140000,228,2806.98000000,95372.31640000,0
1631693340000,34.04000000,34.06000000,33.79000000,33.86000000,4006.73000000,1631693399999,135806.17940000,301,396.62000000,13453.65680000,0
1631693400000,33.86000000,33.88000000,33.79000000,33.82000000,6028.51000000,1631693459999,203947.11250000,441,2853.92000000,96550.81450000,0
1631693460000,33.86000000,33.91000000,33.84000000,33.91000000,1445.66000000,1631693519999,48973.76080000,378,765.12000000,25928.41560000,0
1631693520000,33.89000000,33.98000000,33.89000000,33.96000000,1755.68000000,1631693579999,59590.35840000,197,792.86000000,26910.32330000,0
1631693580000,33.96000000,34.02000000,33.85000000,33.88000000,5223.12000000,1631693639999,177221.81270000,186,1913.16000000,65000.66770000,0
1631693640000,33.85000000,33.93000000,33.82000000,33.93000000,4919.90000000,1631693699999,166625.31930000,173,3060.12000000,103666.36580000,0
1631693700000,33.92000000,33.94000000,33.87000000,33.90000000,1776.18000000,1631693759999,60213.75630000,117,566.36000000,19208.56020000,0
1631693760000,33.91000000,33.91000000,33.70000000,33.76000000,7048.60000000,1631693819999,238111.48530000,436,2525.70000000,85304.26440000,0
1631693820000,33.77000000,33.77000000,33.68000000,33.77000000,2831.49000000,1631693879999,95497.46420000,324,539.79000000,18211.70740000,0
1631693880000,33.76000000,33.82000000,33.72000000,33.74000000,1831.61000000,1631693939999,61849.41960000,381,983.81000000,33229.03530000,0
1631693940000,33.76000000,33.85000000,33.73000000,33.82000000,5109.18000000,1631693999999,172640.20350000,239,4029.32000000,136173.03000000,0
1631694000000,33.82000000,33.90000000,33.79000000,33.89000000,2018.99000000,1631694059999,68323.15070000,125,960.50000000,32499.21910000,0
1631694060000,33.89000000,33.92000000,33.82000000,33.88000000,4596.64000000,1631694119999,155695.66370000,153,2274.85000000,77075.31800000,0
1631694120000,33.88000000,33.96000000,33.86000000,33.96000000,3899.92000000,1631694179999,132202.53510000,126,3241.33000000,109889.16310000,0
1631694180000,33.96000000,34.18000000,33.96000000,34.18000000,5019.00000000,1631694239999,170945.30700000,305,3947.17000000,134476.72850000,0
1631694240000,34.17000000,34.18000000,33.98000000,34.03000000,3725.86000000,1631694299999,126819.49660000,387,2075.95000000,70627.77420000,0
1631694300000,34.04000000,34.23000000,34.02000000,34.19000000,8419.29000000,1631694359999,287609.93280000,429,5975.97000000,204106.36560000,0
1631694360000,34.17000000,34.37000000,34.15000000,34.37000000,8436.98000000,1631694419999,289013.27030000,765,3993.78000000,136870.46470000,0
1631694420000,34.38000000,34.41000000,34.21000000,34.27000000,7231.18000000,1631694479999,248452.85630000,1241,3455.88000000,118757.64310000,0
1631694480000,34.27000000,34.38000000,34.22000000,34.33000000,3981.93000000,1631694539999,136625.39830000,146,2317.40000000,79502.02600000,0
1631694540000,34.33000000,34.35000000,34.16000000,34.18000000,5272.82000000,1631694599999,180841.16110000,196,2181.49000000,74843.09830000,0
1631694600000,34.17000000,34.18000000,34.05000000,34.12000000,2532.20000000,1631694659999,86453.14470000,186,1388.38000000,47426.57240000,0
1631694660000,34.12000000,34.28000000,34.09000000,34.26000000,5394.69000000,1631694719999,184280.67320000,193,4377.58000000,149561.70900000,0
1631694720000,34.26000000,34.34000000,34.19000000,34.23000000,9353.07000000,1631694779999,320527.88420000,350,6524.75000000,223598.09030000,0
1631694780000,34.21000000,34.28000000,34.15000000,34.16000000,6006.71000000,1631694839999,205489.32410000,219,1056.02000000,36132.05140000,0
1631694840000,34.15000000,34.23000000,34.12000000,34.18000000,6366.53000000,1631694899999,217628.46290000,169,5025.43000000,171806.81960000,0
1631694900000,34.18000000,34.18000000,34.00000000,34.03000000,12433.07000000,1631694959999,423509.53690000,320,3612.04000000,122958.96710000,0
1631694960000,34.01000000,34.07000000,33.98000000,33.99000000,2060.09000000,1631695019999,70113.76730000,137,746.31000000,25410.15380000,0
1631695020000,33.99000000,34.01000000,33.89000000,34.01000000,5349.42000000,1631695079999,181665.03590000,288,4204.59000000,142816.77430000,0
1631695080000,34.03000000,34.03000000,33.84000000,33.91000000,7834.14000000,1631695139999,265718.57610000,532,2377.35000000,80663.59060000,0
1631695140000,33.90000000,33.96000000,33.86000000,33.96000000,2882.03000000,1631695199999,97731.49640000,113,2245.98000000,76170.09000000,0
1631695200000,33.95000000,33.98000000,33.92000000,33.92000000,1047.70000000,1631695259999,35560.54800000,69,582.87000000,19788.54610000,0
1631695260000,33.92000000,33.94000000,33.88000000,33.94000000,2678.66000000,1631695319999,90852.10240000,104,1823.02000000,61844.39540000,0
1631695320000,33.95000000,33.95000000,33.86000000,33.89000000,2103.92000000,1631695379999,71315.49760000,74,559.80000000,18977.22260000,0
1631695380000,33.90000000,33.91000000,33.83000000,33.85000000,982.38000000,1631695439999,33264.30790000,65,277.11000000,9385.57360000,0
1631695440000,33.86000000,33.88000000,33.82000000,33.86000000,1888.00000000,1631695499999,63889.79490000,109,850.72000000,28799.46500000,0
1631695500000,33.84000000,33.88000000,33.84000000,33.88000000,808.45000000,1631695559999,27382.11090000,75,499.45000000,16917.04050000,0
1631695560000,33.88000000,34.03000000,33.87000000,34.03000000,7020.46000000,1631695619999,238339.29330000,583,4990.11000000,169458.65990000,0
1631695620000,34.02000000,34.03000000,33.93000000,33.97000000,6211.12000000,1631695679999,210982.99360000,154,1148.45000000,39029.33020000,0
1631695680000,33.96000000,33.97000000,33.93000000,33.97000000,1194.91000000,1631695739999,40569.91920000,63,724.77000000,24612.85850000,0
1631695740000,33.95000000,33.96000000,33.88000000,33.93000000,4260.82000000,1631695799999,144510.86230000,132,793.00000000,26915.11590000,0
1631695800000,33.92000000,34.02000000,33.90000000,34.02000000,2038.05000000,1631695859999,69253.01570000,108,1679.50000000,57072.79660000,0
1631695860000,34.01000000,34.08000000,33.99000000,34.06000000,2417.22000000,1631695919999,82232.07390000,96,478.17000000,16276.02920000,0
1631695920000,34.06000000,34.08000000,34.04000000,34.05000000,2027.92000000,1631695979999,69067.28460000,135,1125.13000000,38325.08280000,0
1631695980000,34.06000000,34.06000000,33.97000000,33.97000000,5371.64000000,1631696039999,182735.65170000,172,3649.96000000,124195.95250000,0
1631696040000,33.97000000,34.00000000,33.80000000,33.84000000,5718.15000000,1631696099999,193601.49710000,207,2009.01000000,67997.08030000,0
1631696100000,33.86000000,33.86000000,33.76000000,33.77000000,3353.55000000,1631696159999,113405.75880000,196,621.74000000,21030.20140000,0
1631696160000,33.77000000,33.91000000,33.77000000,33.89000000,2096.38000000,1631696219999,70959.76120000,164,723.08000000,24459.15750000,0
1631696220000,33.89000000,33.90000000,33.75000000,33.78000000,1495.34000000,1631696279999,50533.81030000,99,292.83000000,9905.30930000,0
1631696280000,33.78000000,33.82000000,33.71000000,33.71000000,3061.37000000,1631696339999,103343.78570000,175,971.95000000,32841.42610000,0
1631696340000,33.71000000,33.78000000,33.66000000,33.78000000,3810.88000000,1631696399999,128451.39200000,1118,2421.34000000,81642.27990000,0
1631696400000,33.76000000,33.88000000,33.75000000,33.87000000,8062.98000000,1631696459999,272710.50120000,327,5220.76000000,176594.52560000,0
1631696460000,33.84000000,33.91000000,33.84000000,33.90000000,2610.74000000,1631696519999,88462.81250000,126,2034.30000000,68934.37560000,0
1631696520000,33.90000000,33.91000000,33.88000000,33.91000000,2043.27000000,1631696579999,69265.27700000,93,1635.68000000,55449.50260000,0
1631696580000,33.91000000,33.93000000,33.88000000,33.93000000,1998.79000000,1631696639999,67755.98170000,100,927.24000000,31435.86160000,0
1631696640000,33.93000000,34.03000000,33.90000000,34.02000000,2474.11000000,1631696699999,84060.87450000,142,2251.12000000,76493.10500000,0
1631696700000,34.01000000,34.05000000,33.98000000,34.01000000,3297.09000000,1631696759999,112139.78460000,126,1295.69000000,44094.55970000,0
1631696760000,34.03000000,34.04000000,33.96000000,33.98000000,8875.86000000,1631696819999,301846.33250000,166,653.64000000,22240.89820000,0
1631696820000,33.97000000,33.97000000,33.91000000,33.92000000,1490.14000000,1631696879999,50575.88790000,91,581.75000000,19747.85960000,0
1631696880000,33.90000000,33.91000000,33.83000000,33.88000000,3719.79000000,1631696939999,125941.27640000,137,1406.96000000,47642.92970000,0
1631696940000,33.88000000,33.97000000,33.87000000,33.96000000,421.45000000,1631696999999,14289.87510000,54,385.77000000,13080.81830000,0
1631697000000,33.93000000,33.96000000,33.89000000,33.94000000,2270.69000000,1631697059999,77002.80240000,82,271.06000000,9200.25740000,0
1631697060000,33.94000000,33.96000000,33.85000000,33.85000000,7345.21000000,1631697119999,248976.62400000,131,1110.15000000,37652.01290000,0
1631697120000,33.85000000,33.89000000,33.80000000,33.88000000,6100.10000000,1631697179999,206390.19230000,159,1579.75000000,53453.53960000,0
1631697180000,33.88000000,33.95000000,33.88000000,33.92000000,4953.06000000,1631697239999,167976.31270000,117,1922.37000000,65162.53170000,0
1631697240000,33.91000000,34.01000000,33.90000000,33.95000000,8000.91000000,1631697299999,271648.44520000,160,4520.45000000,153531.83840000,0
1631697300000,33.96000000,33.96000000,33.89000000,33.91000000,2349.30000000,1631697359999,79736.87010000,98,1399.50000000,47506.90550000,0
1631697360000,33.93000000,33.93000000,33.83000000,33.86000000,3531.18000000,1631697419999,119668.66800000,109,897.49000000,30399.85290000,0
1631697420000,33.86000000,33.93000000,33.84000000,33.88000000,2544.04000000,1631697479999,86196.12410000,106,1960.10000000,66415.54160000,0
1631697480000,33.88000000,33.94000000,33.88000000,33.94000000,3784.65000000,1631697539999,128314.83810000,107,2929.79000000,99334.11180000,0
1631697540000,33.95000000,33.95000000,33.90000000,33.92000000,2875.79000000,1631697599999,97579.36280000,124,1660.49000000,56351.33930000,0
1631697600000,33.92000000,33.94000000,33.79000000,33.79000000,2332.65000000,1631697659999,78973.97780000,115,338.50000000,11478.52990000,0
1631697660000,33.78000000,33.81000000,33.73000000,33.78000000,2075.98000000,1631697719999,70090.25740000,129,1196.36000000,40398.47280000,0
1631697720000,33.77000000,33.85000000,33.74000000,33.77000000,1021.02000000,1631697779999,34501.77680000,69,336.07000000,11354.22730000,0
1631697780000,33.75000000,33.75000000,33.68000000,33.69000000,1537.30000000,1631697839999,51818.45610000,115,466.64000000,15731.77890000,0
1631697840000,33.69000000,33.81000000,33.66000000,33.78000000,5669.96000000,1631697899999,191334.05280000,163,3989.03000000,134586.91620000,0
1631697900000,33.74000000,33.87000000,33.74000000,33.87000000,2970.04000000,1631697959999,100423.92770000,111,2602.33000000,87990.45350000,0
1631697960000,33.85000000,33.96000000,33.82000000,33.85000000,5188.53000000,1631698019999,175879.38910000,183,3152.96000000,106921.95320000,0
1631698020000,33.85000000,33.85000000,33.71000000,33.78000000,3642.14000000,1631698079999,122938.13940000,198,994.19000000,33558.12290000,0
1631698080000,33.79000000,33.85000000,33.76000000,33.85000000,3643.43000000,1631698139999,123116.27690000,128,2349.89000000,79422.56030000,0
1631698140000,33.83000000,33.86000000,33.80000000,33.81000000,1765.85000000,1631698199999,59737.64050000,71,484.33000000,16390.99710000,0
1631698200000,33.80000000,33.88000000,33.79000000,33.86000000,1498.95000000,1631698259999,50711.40890000,93,1086.80000000,36771.78650000,0
1631698260000,33.86000000,34.01000000,33.86000000,33.98000000,4585.76000000,1631698319999,155698.76900000,232,4072.90000000,138300.90230000,0
1631698320000,33.98000000,34.01000000,33.90000000,33.92000000,2458.17000000,1631698379999,83445.31870000,162,1574.84000000,53464.16240000,0
1631698380000,33.92000000,33.98000000,33.88000000,33.91000000,2668.23000000,1631698439999,90555.78260000,107,913.88000000,31025.87050000,0
1631698440000,33.89000000,33.98000000,33.88000000,33.97000000,993.88000000,1631698499999,33729.86960000,78,672.69000000,22834.68560000,0
1631698500000,33.94000000,33.96000000,33.89000000,33.89000000,2958.38000000,1631698559999,100341.29070000,83,701.23000000,23783.32730000,0
1631698560000,33.88000000,33.93000000,33.82000000,33.82000000,5004.06000000,1631698619999,169453.43600000,130,1050.21000000,35595.61250000,0
1631698620000,33.80000000,33.82000000,33.75000000,33.78000000,1891.13000000,1631698679999,63905.29800000,110,593.01000000,20043.99000000,0
1631698680000,33.76000000,33.83000000,33.75000000,33.81000000,1613.01000000,1631698739999,54489.91040000,83,768.58000000,25965.23340000,0
1631698740000,33.83000000,33.88000000,33.75000000,33.80000000,2826.04000000,1631698799999,95510.73010000,115,1080.06000000,36528.09810000,0
1631698800000,33.81000000,33.81000000,33.71000000,33.74000000,977.65000000,1631698859999,33003.72120000,88,364.09000000,12296.90860000,0
1631698860000,33.71000000,33.80000000,33.71000000,33.80000000,1113.72000000,1631698919999,37587.88020000,101,929.57000000,31375.06620000,0
1631698920000,33.80000000,33.81000000,33.72000000,33.73000000,1544.20000000,1631698979999,52116.30150000,114,862.74000000,29121.97760000,0
1631698980000,33.73000000,33.78000000,33.71000000,33.77000000,1100.89000000,1631699039999,37139.78650000,87,627.26000000,21165.61440000,0
1631699040000,33.77000000,33.79000000,33.54000000,33.59000000,14309.59000000,1631699099999,481294.63990000,1431,4884.14000000,164199.85060000,0
1631699100000,33.59000000,33.63000000,33.56000000,33.62000000,1718.52000000,1631699159999,57751.99120000,194,812.59000000,27307.41390000,0
1631699160000,33.62000000,33.69000000,33.61000000,33.68000000,2311.82000000,1631699219999,77793.33380000,646,1650.68000000,55551.49020000,0
1631699220000,33.68000000,33.70000000,33.58000000,33.66000000,3722.23000000,1631699279999,125162.32830000,150,683.07000000,22990.77980000,0
1631699280000,33.67000000,33.67000000,33.58000000,33.58000000,985.68000000,1631699339999,33127.76860000,76,240.23000000,8074.62260000,0
1631699340000,33.59000000,33.63000000,33.57000000,33.62000000,963.50000000,1631699399999,32373.70920000,71,615.27000000,20674.88160000,0
1631699400000,33.62000000,33.64000000,33.59000000,33.61000000,685.44000000,1631699459999,23034.28750000,59,268.77000000,9034.67260000,0
1631699460000,33.61000000,33.65000000,33.57000000,33.60000000,3241.06000000,1631699519999,108924.31480000,143,1322.69000000,44472.47410000,0
1631699520000,33.60000000,33.64000000,33.57000000,33.58000000,1006.67000000,1631699579999,33841.69120000,87,744.51000000,25030.42130000,0
1631699580000,33.59000000,33.60000000,33.44000000,33.46000000,12420.60000000,1631699639999,416074.28200000,1064,2680.07000000,89792.16910000,0
1631699640000,33.47000000,33.50000000,33.41000000,33.44000000,3418.10000000,1631699699999,114377.20240000,242,1530.64000000,51236.30490000,0
1631699700000,33.44000000,33.46000000,33.40000000,33.45000000,3118.74000000,1631699759999,104259.98960000,156,1275.89000000,42656.38750000,0
1631699760000,33.45000000,33.48000000,33.40000000,33.45000000,782.83000000,1631699819999,26178.21050000,207,330.20000000,11046.61910000,0
1631699820000,33.43000000,33.45000000,33.33000000,33.34000000,5154.00000000,1631699879999,172140.26890000,247,1818.91000000,60786.96470000,0
1631699880000,33.37000000,33.39000000,33.33000000,33.36000000,2399.05000000,1631699939999,80010.76680000,150,998.55000000,33311.99250000,0
1631699940000,33.33000000,33.49000000,33.32000000,33.46000000,7732.26000000,1631699999999,258268.77980000,1702,6648.85000000,222109.76080000,0
1631700000000,33.46000000,33.52000000,33.41000000,33.45000000,3940.97000000,1631700059999,131822.50270000,224,1166.45000000,39042.03120000,0
1631700060000,33.46000000,33.57000000,33.46000000,33.53000000,2038.21000000,1631700119999,68302.36600000,126,1568.48000000,52560.89820000,0
1631700120000,33.52000000,33.54000000,33.46000000,33.51000000,1655.07000000,1631700179999,55421.36880000,81,588.25000000,19707.64390000,0
1631700180000,33.50000000,33.54000000,33.43000000,33.51000000,1182.99000000,1631700239999,39622.32350000,92,797.60000000,26722.51820000,0
1631700240000,33.52000000,33.52000000,33.47000000,33.49000000,775.66000000,1631700299999,25981.62040000,80,319.03000000,10688.70730000,0
1631700300000,33.47000000,33.50000000,33.45000000,33.47000000,906.02000000,1631700359999,30326.03050000,91,461.99000000,15464.60640000,0
1631700360000,33.49000000,33.57000000,33.49000000,33.56000000,2346.51000000,1631700419999,78645.20210000,104,1777.74000000,59578.65670000,0
1631700420000,33.55000000,33.58000000,33.52000000,33.55000000,1228.69000000,1631700479999,41226.06750000,79,637.80000000,21410.26950000,0
1631700480000,33.55000000,33.60000000,33.55000000,33.58000000,951.17000000,1631700539999,31929.36470000,70,419.01000000,14068.65820000,0
1631700540000,33.58000000,33.58000000,33.53000000,33.56000000,1256.76000000,1631700599999,42179.68030000,55,372.29000000,12494.78360000,0
1631700600000,33.55000000,33.56000000,33.47000000,33.47000000,1076.61000000,1631700659999,36083.28480000,73,283.37000000,9505.77560000,0
1631700660000,33.50000000,33.52000000,33.46000000,33.50000000,2638.02000000,1631700719999,88347.37470000,76,2062.81000000,69089.04370000,0
1631700720000,33.49000000,33.54000000,33.45000000,33.47000000,2023.73000000,1631700779999,67771.89270000,101,492.09000000,16485.23820000,0
1631700780000,33.48000000,33.58000000,33.46000000,33.58000000,3005.50000000,1631700839999,100698.82770000,111,2575.90000000,86306.61880000,0
1631700840000,33.57000000,33.62000000,33.53000000,33.61000000,934.28000000,1631700899999,31370.31250000,82,522.53000000,17550.42230000,0
1631700900000,33.61000000,33.62000000,33.46000000,33.47000000,2607.11000000,1631700959999,87429.97830000,108,892.76000000,29932.44110000,0
1631700960000,33.49000000,33.57000000,33.48000000,33.57000000,1248.26000000,1631701019999,41855.84370000,68,476.92000000,15996.79330000,0
1631701020000,33.58000000,33.58000000,33.51000000,33.58000000,425.34000000,1631701079999,14264.87730000,43,307.34000000,10307.79360000,0
1631701080000,33.58000000,33.58000000,33.54000000,33.56000000,1060.13000000,1631701139999,35572.59780000,53,594.73000000,19958.47430000,0
1631701140000,33.56000000,33.56000000,33.49000000,33.50000000,4694.86000000,1631701199999,157326.65180000,91,137.47000000,4607.72870000,0
1631701200000,33.52000000,33.52000000,33.45000000,33.47000000,786.53000000,1631701259999,26329.71560000,65,434.48000000,14545.14960000,0
1631701260000,33.47000000,33.56000000,33.45000000,33.55000000,1634.17000000,1631701319999,54759.31380000,84,1272.91000000,42657.88360000,0
1631701320000,33.55000000,33.61000000,33.51000000,33.56000000,3770.88000000,1631701379999,126586.07010000,153,2178.87000000,73168.49060000,0
1631701380000,33.54000000,33.56000000,33.50000000,33.54000000,1330.95000000,1631701439999,44627.71800000,90,318.19000000,10670.21300000,0
1631701440000,33.54000000,33.59000000,33.54000000,33.57000000,679.10000000,1631701499999,22791.43740000,61,404.65000000,13580.13350000,0
1631701500000,33.56000000,33.58000000,33.52000000,33.53000000,936.97000000,1631701559999,31442.13970000,70,656.86000000,22044.48070000,0
1631701560000,33.54000000,33.59000000,33.52000000,33.53000000,3097.01000000,1631701619999,103930.13480000,104,2246.49000000,75389.44650000,0
1631701620000,33.54000000,33.57000000,33.52000000,33.52000000,1061.42000000,1631701679999,35602.17480000,68,717.01000000,24053.73500000,0
1631701680000,33.52000000,33.52000000,33.48000000,33.50000000,2516.18000000,1631701739999,84301.61560000,95,961.21000000,32202.41660000,0
1631701740000,33.52000000,33.52000000,33.46000000,33.50000000,1109.22000000,1631701799999,37139.81040000,92,375.94000000,12586.91210000,0
1631701800000,33.50000000,33.53000000,33.36000000,33.40000000,13417.45000000,1631701859999,448348.80350000,358,7570.45000000,252979.11090000,0
1631701860000,33.40000000,33.53000000,33.39000000,33.50000000,14392.08000000,1631701919999,481093.61570000,307,12831.43000000,428829.69280000,0
1631701920000,33.50000000,33.58000000,33.50000000,33.56000000,2979.69000000,1631701979999,99930.74180000,153,1016.92000000,34117.58660000,0
1631701980000,33.55000000,33.59000000,33.44000000,33.51000000,2621.39000000,1631702039999,87844.33220000,125,726.18000000,24326.59600000,0
1631702040000,33.51000000,33.55000000,33.46000000,33.46000000,2480.43000000,1631702099999,83117.44390000,132,944.84000000,31662.61450000,0
1631702100000,33.47000000,33.59000000,33.46000000,33.55000000,1743.33000000,1631702159999,58456.10690000,120,1291.29000000,43293.91470000,0
1631702160000,33.57000000,33.60000000,33.55000000,33.60000000,895.24000000,1631702219999,30062.46210000,87,573.25000000,19253.37870000,0
1631702220000,33.59000000,33.69000000,33.58000000,33.69000000,2891.67000000,1631702279999,97274.93050000,253,2231.58000000,75076.93940000,0
1631702280000,33.69000000,33.72000000,33.60000000,33.62000000,3124.39000000,1631702339999,105203.25170000,172,1262.11000000,42515.38900000,0
1631702340000,33.62000000,33.66000000,33.60000000,33.62000000,570.89000000,1631702399999,19198.29300000,68,174.67000000,5875.67500000,0
1631702400000,33.62000000,33.69000000,33.62000000,33.66000000,1749.44000000,1631702459999,58861.38560000,104,619.62000000,20856.14500000,0
1631702460000,33.66000000,33.68000000,33.60000000,33.68000000,1832.78000000,1631702519999,61637.09210000,95,1051.44000000,35364.82410000,0
1631702520000,33.67000000,33.69000000,33.64000000,33.64000000,1385.10000000,1631702579999,46627.33580000,91,264.55000000,8910.29400000,0
1631702580000,33.65000000,33.69000000,33.62000000,33.65000000,2866.99000000,1631702639999,96469.32640000,157,1202.61000000,40474.94960000,0
1631702640000,33.65000000,33.68000000,33.61000000,33.61000000,3288.17000000,1631702699999,110613.79510000,118,1399.69000000,47102.65460000,0
1631702700000,33.62000000,33.64000000,33.57000000,33.60000000,1727.72000000,1631702759999,58066.87160000,117,633.22000000,21286.64460000,0
1631702760000,33.61000000,33.63000000,33.57000000,33.57000000,1514.97000000,1631702819999,50901.28940000,80,442.08000000,14857.62680000,0
1631702820000,33.57000000,33.59000000,33.43000000,33.46000000,5390.41000000,1631702879999,180572.43930000,235,1489.01000000,49898.99440000,0
1631702880000,33.47000000,33.47000000,33.40000000,33.47000000,2022.50000000,1631702939999,67599.32290000,118,976.36000000,32647.18540000,0
1631702940000,33.49000000,33.50000000,33.40000000,33.46000000,4458.75000000,1631702999999,149106.42190000,127,3237.78000000,108266.41460000,0
1631703000000,33.46000000,33.50000000,33.44000000,33.48000000,1511.90000000,1631703059999,50600.70540000,99,1086.87000000,36378.40590000,0
1631703060000,33.49000000,33.50000000,33.40000000,33.41000000,4033.89000000,1631703119999,134829.95410000,162,766.08000000,25610.67320000,0
1631703120000,33.42000000,33.42000000,33.33000000,33.36000000,9836.96000000,1631703179999,328273.06440000,215,2253.06000000,75200.06850000,0
1631703180000,33.33000000,33.44000000,33.19000000,33.43000000,18096.18000000,1631703239999,602650.82780000,1566,7506.26000000,250140.47720000,0
1631703240000,33.43000000,33.45000000,33.38000000,33.42000000,8793.76000000,1631703299999,293832.92350000,407,5394.94000000,180287.01220000,0
1631703300000,33.43000000,33.54000000,33.42000000,33.45000000,11684.83000000,1631703359999,391067.29080000,307,10255.89000000,343216.52380000,0
1631703360000,33.43000000,33.52000000,33.41000000,33.48000000,1583.83000000,1631703419999,52999.77010000,117,1133.48000000,37930.88640000,0
1631703420000,33.50000000,33.50000000,33.39000000,33.43000000,5926.95000000,1631703479999,198082.47970000,206,2303.01000000,76990.26870000,0
1631703480000,33.43000000,33.50000000,33.38000000,33.43000000,5236.26000000,1631703539999,175050.53440000,310,2493.18000000,83358.43890000,0
1631703540000,33.43000000,33.50000000,33.38000000,33.45000000,9347.16000000,1631703599999,312559.25810000,406,4488.09000000,150097.64920000,0
1631703600000,33.44000000,33.51000000,33.41000000,33.44000000,4533.54000000,1631703659999,151681.07120000,177,2410.44000000,80653.87250000,0
1631703660000,33.45000000,33.49000000,33.39000000,33.42000000,8421.11000000,1631703719999,281425.96200000,318,5148.21000000,172050.77180000,0
1631703720000,33.44000000,33.46000000,33.39000000,33.45000000,4735.13000000,1631703779999,158202.25020000,204,2960.00000000,98894.37200000,0
1631703780000,33.45000000,33.46000000,33.39000000,33.44000000,5779.59000000,1631703839999,193094.90400000,288,3916.13000000,130829.26450000,0
1631703840000,33.43000000,33.45000000,33.38000000,33.40000000,4536.52000000,1631703899999,151514.14600000,204,2945.97000000,98395.17430000,0
1631703900000,33.40000000,33.44000000,33.35000000,33.40000000,9237.95000000,1631703959999,308439.95080000,427,5339.53000000,178314.88030000,0
1631703960000,33.38000000,33.43000000,33.37000000,33.40000000,1690.53000000,1631704019999,56473.49920000,107,1292.71000000,43185.65780000,0
1631704020000,33.40000000,33.42000000,33.36000000,33.40000000,3100.22000000,1631704079999,103507.67650000,176,1736.76000000,58008.31420000,0
1631704080000,33.41000000,33.47000000,33.40000000,33.46000000,2500.81000000,1631704139999,83605.75260000,125,1135.21000000,37960.13730000,0
1631704140000,33.45000000,33.47000000,33.42000000,33.44000000,853.45000000,1631704199999,28546.12120000,61,517.13000000,17300.00470000,0
1631704200000,33.46000000,33.48000000,33.43000000,33.46000000,2120.17000000,1631704259999,70927.22660000,78,1281.65000000,42882.58670000,0
1631704260000,33.45000000,33.46000000,33.40000000,33.40000000,1798.37000000,1631704319999,60121.02070000,135,767.80000000,25672.48080000,0
1631704320000,33.43000000,33.46000000,33.41000000,33.43000000,1519.19000000,1631704379999,50800.19170000,87,1196.44000000,40010.25140000,0
1631704380000,33.43000000,33.46000000,33.41000000,33.44000000,2027.84000000,1631704439999,67801.09820000,84,614.19000000,20537.00180000,0
1631704440000,33.46000000,33.49000000,33.43000000,33.45000000,2648.15000000,1631704499999,88604.89670000,130,1951.81000000,65311.06060000,0
1631704500000,33.45000000,33.46000000,33.37000000,33.40000000,4107.56000000,1631704559999,137205.01170000,247,1133.42000000,37867.22940000,0
1631704560000,33.42000000,33.44000000,33.38000000,33.40000000,2131.58000000,1631704619999,71207.91570000,147,1005.86000000,33611.62200000,0
1631704620000,33.40000000,33.43000000,33.38000000,33.39000000,685.31000000,1631704679999,22891.39020000,74,400.82000000,13390.55430000,0
1631704680000,33.40000000,33.44000000,33.37000000,33.43000000,3901.94000000,1631704739999,130323.80150000,125,723.02000000,24165.73780000,0
1631704740000,33.43000000,33.43000000,33.40000000,33.42000000,1562.50000000,1631704799999,52217.41420000,104,1163.52000000,38886.62010000,0
1631704800000,33.41000000,33.43000000,33.38000000,33.39000000,2568.58000000,1631704859999,85825.81280000,187,1344.58000000,44941.79680000,0
1631704860000,33.40000000,33.42000000,33.34000000,33.38000000,4065.10000000,1631704919999,135691.09320000,219,1011.51000000,33780.69910000,0
1631704920000,33.38000000,33.39000000,33.26000000,33.29000000,8290.94000000,1631704979999,276193.45300000,474,2829.27000000,94315.58430000,0
1631704980000,33.30000000,33.31000000,33.23000000,33.24000000,6152.82000000,1631705039999,204700.77900000,368,4465.34000000,148572.72220000,0
1631705040000,33.25000000,33.32000000,33.24000000,33.29000000,5063.83000000,1631705099999,168511.20510000,261,2882.37000000,95930.72380000,0
1631705100000,33.31000000,33.32000000,33.27000000,33.29000000,1212.65000000,1631705159999,40378.20110000,118,748.39000000,24924.78510000,0
1631705160000,33.30000000,33.35000000,33.28000000,33.31000000,1713.74000000,1631705219999,57098.10960000,109,1395.15000000,46489.33860000,0
1631705220000,33.31000000,33.40000000,33.31000000,33.39000000,3843.39000000,1631705279999,128202.85090000,144,3399.45000000,113395.21160000,0
1631705280000,33.38000000,33.39000000,33.31000000,33.31000000,1558.62000000,1631705339999,51999.44160000,107,770.11000000,25703.12930000,0
1631705340000,33.32000000,33.42000000,33.30000000,33.38000000,2707.82000000,1631705399999,90281.41100000,159,771.81000000,25757.00430000,0
1631705400000,33.40000000,33.41000000,33.31000000,33.34000000,807.64000000,1631705459999,26934.87120000,119,192.64000000,6430.23150000,0
1631705460000,33.34000000,33.38000000,33.33000000,33.37000000,652.81000000,1631705519999,21781.36460000,88,422.06000000,14082.54380000,0
1631705520000,33.36000000,33.36000000,33.30000000,33.31000000,1344.88000000,1631705579999,44830.77640000,127,442.05000000,14739.66400000,0
1631705580000,33.32000000,33.33000000,33.25000000,33.30000000,2205.51000000,1631705639999,73402.84380000,151,1072.32000000,35688.65340000,0
1631705640000,33.30000000,33.32000000,33.25000000,33.26000000,683.47000000,1631705699999,22747.60410000,92,468.89000000,15608.05910000,0
1631705700000,33.26000000,33.28000000,33.20000000,33.24000000,1912.65000000,1631705759999,63572.76920000,210,956.36000000,31789.18990000,0
1631705760000,33.26000000,33.28000000,33.18000000,33.18000000,2615.55000000,1631705819999,86859.99990000,214,605.51000000,20131.34530000,0
1631705820000,33.18000000,33.19000000,33.10000000,33.13000000,5560.71000000,1631705879999,184294.79060000,685,1978.63000000,65607.14620000,0
1631705880000,33.14000000,33.18000000,33.13000000,33.16000000,1147.44000000,1631705939999,38037.48260000,129,656.61000000,21770.71910000,0
1631705940000,33.18000000,33.27000000,33.15000000,33.25000000,2954.82000000,1631705999999,98118.25180000,391,2601.87000000,86398.98770000,0
1631706000000,33.26000000,33.30000000,33.18000000,33.18000000,2008.70000000,1631706059999,66747.06950000,286,775.36000000,25767.69510000,0
1631706060000,33.19000000,33.25000000,33.16000000,33.23000000,1420.66000000,1631706119999,47166.46370000,126,1115.24000000,37029.48050000,0
1631706120000,33.23000000,33.23000000,33.18000000,33.20000000,2025.63000000,1631706179999,67254.57710000,100,850.97000000,28264.42950000,0
1631706180000,33.20000000,33.21000000,33.18000000,33.19000000,1416.78000000,1631706239999,47020.51260000,76,487.66000000,16187.34480000,0
1631706240000,33.19000000,33.24000000,33.17000000,33.23000000,682.87000000,1631706299999,22671.37430000,79,460.12000000,15279.69210000,0
1631706300000,33.22000000,33.24000000,33.13000000,33.18000000,5919.04000000,1631706359999,196354.86470000,181,450.01000000,14939.58100000,0
1631706360000,33.18000000,33.24000000,33.16000000,33.20000000,1104.03000000,1631706419999,36649.87870000,99,777.42000000,25815.93800000,0
1631706420000,33.19000000,33.24000000,33.16000000,33.23000000,3719.66000000,1631706479999,123462.85150000,154,2923.24000000,97036.46730000,0
1631706480000,33.24000000,33.28000000,33.00000000,33.15000000,16773.05000000,1631706539999,555475.74220000,1259,1760.20000000,58435.34000000,0
1631706540000,33.15000000,33.17000000,33.11000000,33.16000000,3185.07000000,1631706599999,105583.51700000,348,2076.57000000,68840.06060000,0
1631706600000,33.16000000,33.17000000,33.15000000,33.16000000,1021.38000000,1631706659999,33874.57120000,88,774.18000000,25679.04800000,0
1631706660000,33.16000000,33.22000000,33.15000000,33.20000000,1412.85000000,1631706719999,46882.55580000,120,860.84000000,28579.00990000,0
1631706720000,33.19000000,33.20000000,33.16000000,33.19000000,1444.63000000,1631706779999,47930.83370000,91,811.59000000,26929.37480000,0
1631706780000,33.18000000,33.26000000,33.18000000,33.26000000,2794.03000000,1631706839999,92861.33340000,116,2672.41000000,88821.34230000,0
1631706840000,33.25000000,33.32000000,33.25000000,33.29000000,4396.33000000,1631706899999,146382.03170000,157,3257.68000000,108473.95950000,0
1631706900000,33.29000000,33.30000000,33.25000000,33.26000000,1201.10000000,1631706959999,39965.88630000,76,427.99000000,14242.01290000,0
1631706960000,33.26000000,33.33000000,33.24000000,33.31000000,4782.43000000,1631707019999,159207.05050000,201,3417.80000000,113802.19620000,0
1631707020000,33.32000000,33.34000000,33.25000000,33.27000000,2490.06000000,1631707079999,82897.69240000,183,1376.06000000,45817.94610000,0
1631707080000,33.27000000,33.33000000,33.25000000,33.30000000,1612.87000000,1631707139999,53686.54020000,102,734.79000000,24467.69490000,0
1631707140000,33.30000000,33.35000000,33.30000000,33.34000000,1321.26000000,1631707199999,44043.81080000,100,748.60000000,24952.89880000,0
1631707200000,33.35000000,33.35000000,33.23000000,33.30000000,2826.54000000,1631707259999,94079.59650000,150,1144.82000000,38113.01530000,0
1631707260000,33.27000000,33.38000000,33.26000000,33.35000000,6029.40000000,1631707319999,200953.87610000,200,4923.92000000,164111.06120000,0
1631707320000,33.34000000,33.36000000,33.25000000,33.31000000,4724.61000000,1631707379999,157277.55130000,160,2422.92000000,80644.92490000,0
1631707380000,33.31000000,33.45000000,33.29000000,33.41000000,2795.01000000,1631707439999,93318.60240000,212,1535.50000000,51306.83890000,0
1631707440000,33.42000000,33.43000000,33.37000000,33.39000000,2040.33000000,1631707499999,68160.06070000,121,383.67000000,12816.86240000,0
1631707500000,33.38000000,33.49000000,33.36000000,33.46000000,4677.82000000,1631707559999,156358.59500000,183,4465.14000000,149249.79110000,0
1631707560000,33.44000000,33.58000000,33.44000000,33.54000000,13405.64000000,1631707619999,449353.33170000,746,12211.76000000,409356.07050000,0
1631707620000,33.53000000,33.55000000,33.45000000,33.45000000,7381.52000000,1631707679999,247165.65070000,196,1794.00000000,60056.19670000,0
1631707680000,33.46000000,33.51000000,33.39000000,33.46000000,3949.76000000,1631707739999,132112.75090000,152,2212.53000000,74016.80800000,0
1631707740000,33.46000000,33.54000000,33.45000000,33.50000000,2449.11000000,1631707799999,82039.12370000,114,2071.17000000,69379.49780000,0
1631707800000,33.50000000,33.76000000,33.49000000,33.68000000,20814.70000000,1631707859999,700530.33760000,1898,14103.96000000,474551.03790000,0
1631707860000,33.68000000,33.75000000,33.67000000,33.74000000,4868.77000000,1631707919999,164077.67770000,317,3229.44000000,108851.90190000,0
1631707920000,33.73000000,33.76000000,33.70000000,33.73000000,2278.63000000,1631707979999,76866.23490000,204,1671.87000000,56406.65350000,0
1631707980000,33.73000000,33.75000000,33.59000000,33.68000000,4811.96000000,1631708039999,161996.50550000,329,1314.74000000,44237.79440000,0
1631708040000,33.68000000,33.71000000,33.61000000,33.71000000,3849.36000000,1631708099999,129557.26470000,187,3316.06000000,111607.93850000,0
1631708100000,33.71000000,33.76000000,33.68000000,33.71000000,4297.74000000,1631708159999,144892.59090000,217,1542.36000000,52006.90520000,0
1631708160000,33.67000000,33.67000000,33.53000000,33.56000000,2297.36000000,1631708219999,77151.07250000,178,690.83000000,23207.75060000,0
1631708220000,33.57000000,33.62000000,33.57000000,33.60000000,950.53000000,1631708279999,31931.54720000,101,362.49000000,12177.02010000,0
1631708280000,33.60000000,33.60000000,33.54000000,33.60000000,1324.05000000,1631708339999,44450.99700000,93,636.62000000,21381.55420000,0
1631708340000,33.60000000,33.61000000,33.50000000,33.53000000,5437.54000000,1631708399999,182539.22890000,138,2993.25000000,100540.05030000,0
1631708400000,33.51000000,33.52000000,33.41000000,33.49000000,8875.64000000,1631708459999,296864.63970000,266,3196.73000000,106907.22960000,0
1631708460000,33.50000000,33.56000000,33.45000000,33.54000000,2400.23000000,1631708519999,80455.12280000,130,1617.05000000,54216.88450000,0
1631708520000,33.54000000,33.56000000,33.41000000,33.43000000,2286.35000000,1631708579999,76494.72550000,120,382.12000000,12785.59730000,0
1631708580000,33.43000000,33.45000000,33.33000000,33.44000000,3590.43000000,1631708639999,119896.90090000,281,1898.93000000,63421.77180000,0
1631708640000,33.44000000,33.50000000,33.39000000,33.50000000,2948.35000000,1631708699999,98545.34810000,129,445.70000000,14908.98030000,0
1631708700000,33.49000000,33.49000000,33.39000000,33.40000000,915.94000000,1631708759999,30614.01740000,101,295.55000000,9878.67190000,0
1631708760000,33.40000000,33.52000000,33.39000000,33.47000000,2752.49000000,1631708819999,92105.66750000,135,1958.72000000,65533.55330000,0
1631708820000,33.47000000,33.50000000,33.33000000,33.39000000,6060.81000000,1631708879999,202387.85990000,202,926.66000000,31011.63100000,0
1631708880000,33.38000000,33.39000000,33.32000000,33.38000000,4502.27000000,1631708939999,150123.44800000,186,1096.10000000,36562.14250000,0
1631708940000,33.38000000,33.40000000,33.32000000,33.40000000,1746.19000000,1631708999999,58254.24590000,124,733.05000000,24463.20800000,0
1631709000000,33.41000000,33.44000000,33.38000000,33.41000000,967.55000000,1631709059999,32324.77200000,99,230.45000000,7701.76660000,0
1631709060000,33.40000000,33.42000000,33.36000000,33.37000000,881.92000000,1631709119999,29449.66250000,84,443.42000000,14807.61670000,0
1631709120000,33.37000000,33.52000000,33.37000000,33.50000000,2721.18000000,1631709179999,91055.96780000,200,2017.58000000,67508.80180000,0
1631709180000,33.49000000,33.49000000,33.42000000,33.44000000,1340.69000000,1631709239999,44868.28250000,111,225.99000000,7564.36370000,0
1631709240000,33.43000000,33.54000000,33.41000000,33.50000000,1317.58000000,1631709299999,44144.70890000,117,661.89000000,22179.01520000,0
1631709300000,33.50000000,33.57000000,33.47000000,33.55000000,2030.49000000,1631709359999,68073.64810000,117,1488.03000000,49898.47780000,0
1631709360000,33.56000000,33.57000000,33.48000000,33.51000000,1411.07000000,1631709419999,47302.63830000,117,288.53000000,9671.30570000,0
1631709420000,33.51000000,33.55000000,33.48000000,33.55000000,1239.70000000,1631709479999,41535.78170000,115,745.00000000,24967.82190000,0
1631709480000,33.54000000,33.54000000,33.50000000,33.52000000,383.57000000,1631709539999,12855.69120000,49,223.94000000,7504.82860000,0
1631709540000,33.51000000,33.53000000,33.45000000,33.46000000,1636.08000000,1631709599999,54785.69010000,120,677.72000000,22687.96690000,0
1631709600000,33.46000000,33.46000000,33.42000000,33.44000000,2315.64000000,1631709659999,77421.95230000,103,711.75000000,23805.95460000,0
1631709660000,33.45000000,33.45000000,33.30000000,33.31000000,2735.83000000,1631709719999,91229.55380000,165,473.83000000,15787.61220000,0
1631709720000,33.30000000,33.40000000,33.30000000,33.31000000,2050.40000000,1631709779999,68367.33010000,108,805.85000000,26868.82520000,0
1631709780000,33.33000000,33.35000000,33.28000000,33.34000000,2397.58000000,1631709839999,79855.46080000,129,808.57000000,26938.54900000,0
1631709840000,33.32000000,33.32000000,33.23000000,33.26000000,2141.74000000,1631709899999,71251.49270000,136,830.24000000,27623.25620000,0
1631709900000,33.25000000,33.26000000,33.09000000,33.20000000,6596.94000000,1631709959999,218850.41220000,911,2033.99000000,67504.91670000,0
1631709960000,33.22000000,33.27000000,33.18000000,33.21000000,1811.23000000,1631710019999,60160.82740000,166,548.20000000,18214.65300000,0
1631710020000,33.23000000,33.27000000,33.21000000,33.27000000,766.74000000,1631710079999,25481.58340000,66,527.22000000,17525.19190000,0
1631710080000,33.25000000,33.29000000,33.24000000,33.25000000,1104.31000000,1631710139999,36739.59630000,94,349.04000000,11612.77570000,0
1631710140000,33.25000000,33.26000000,33.15000000,33.19000000,1326.08000000,1631710199999,44037.68570000,106,198.77000000,6600.55660000,0
1631710200000,33.20000000,33.24000000,33.14000000,33.15000000,3017.92000000,1631710259999,100126.66820000,108,928.14000000,30795.63580000,0
1631710260000,33.15000000,33.16000000,33.10000000,33.11000000,2896.90000000,1631710319999,95963.10730000,129,2191.95000000,72612.81090000,0
1631710320000,33.11000000,33.13000000,33.03000000,33.07000000,6868.82000000,1631710379999,227169.82820000,663,2710.55000000,89637.30800000,0
1631710380000,33.05000000,33.11000000,33.03000000,33.04000000,2935.31000000,1631710439999,97057.40060000,138,568.02000000,18788.71570000,0
1631710440000,33.05000000,33.09000000,33.00000000,33.05000000,6731.86000000,1631710499999,222324.30640000,254,1823.53000000,60259.48370000,0
1631710500000,33.06000000,33.09000000,33.04000000,33.08000000,3027.64000000,1631710559999,100136.00920000,136,1945.12000000,64339.22870000,0
1631710560000,33.05000000,33.06000000,32.83000000,32.86000000,19703.20000000,1631710619999,649439.02540000,928,5295.59000000,174476.41410000,0
1631710620000,32.86000000,32.96000000,32.81000000,32.84000000,11103.24000000,1631710679999,365203.28170000,2008,5231.56000000,172144.86310000,0
1631710680000,32.86000000,32.93000000,32.71000000,32.88000000,24950.92000000,1631710739999,818881.18130000,2948,8403.97000000,275992.18210000,0
1631710740000,32.88000000,32.95000000,32.82000000,32.92000000,2557.17000000,1631710799999,84118.56400000,167,1767.49000000,58156.55190000,0
1631710800000,32.92000000,33.02000000,32.91000000,32.97000000,5527.34000000,1631710859999,182186.50450000,325,3467.83000000,114348.05530000,0
1631710860000,32.98000000,32.99000000,32.90000000,32.95000000,2200.73000000,1631710919999,72509.31840000,201,1112.70000000,36675.47630000,0
1631710920000,32.93000000,33.05000000,32.92000000,33.05000000,2278.99000000,1631710979999,75178.68270000,145,1136.09000000,37484.80650000,0
1631710980000,33.05000000,33.08000000,32.94000000,32.97000000,4697.86000000,1631711039999,155080.81880000,266,2111.49000000,69719.42670000,0
1631711040000,32.97000000,33.02000000,32.94000000,32.95000000,3528.41000000,1631711099999,116320.37140000,144,638.40000000,21049.66200000,0
1631711100000,32.95000000,32.96000000,32.85000000,32.92000000,5730.42000000,1631711159999,188579.68520000,239,2874.00000000,94589.11240000,0
1631711160000,32.92000000,32.99000000,32.90000000,32.96000000,933.56000000,1631711219999,30746.89840000,83,546.53000000,18005.97350000,0
1631711220000,32.97000000,33.23000000,32.96000000,33.17000000,18394.37000000,1631711279999,609034.61250000,1350,16368.51000000,541951.50910000,0
1631711280000,33.18000000,33.18000000,33.05000000,33.10000000,2680.75000000,1631711339999,88731.18350000,175,1286.88000000,42590.71430000,0
1631711340000,33.12000000,33.16000000,33.06000000,33.07000000,2175.05000000,1631711399999,72011.65060000,119,1214.88000000,40241.00870000,0
1631711400000,33.06000000,33.13000000,33.02000000,33.05000000,3100.88000000,1631711459999,102525.87920000,152,1012.88000000,33508.53240000,0
1631711460000,33.04000000,33.11000000,33.04000000,33.07000000,840.38000000,1631711519999,27799.89170000,86,526.48000000,17416.48760000,0
1631711520000,33.06000000,33.12000000,33.04000000,33.10000000,1117.87000000,1631711579999,36985.11760000,82,661.77000000,21893.62600000,0
1631711580000,33.10000000,33.21000000,33.10000000,33.18000000,2751.95000000,1631711639999,91277.73730000,132,2471.80000000,81989.84320000,0
1631711640000,33.17000000,33.24000000,33.14000000,33.16000000,4040.13000000,1631711699999,134063.14260000,599,1011.00000000,33564.16100000,0
1631711700000,33.15000000,33.16000000,33.11000000,33.13000000,1086.75000000,1631711759999,36003.60250000,82,697.09000000,23096.30160000,0
1631711760000,33.13000000,33.16000000,33.10000000,33.15000000,3704.05000000,1631711819999,122734.97100000,108,3094.20000000,102542.36840000,0
1631711820000,33.16000000,33.21000000,33.14000000,33.20000000,1352.68000000,1631711879999,44875.41360000,79,1200.87000000,39839.19690000,0
1631711880000,33.20000000,33.21000000,33.09000000,33.11000000,5965.02000000,1631711939999,197795.58710000,139,2861.13000000,94877.48890000,0
1631711940000,33.13000000,33.17000000,33.11000000,33.14000000,636.33000000,1631711999999,21092.22560000,68,395.97000000,13126.79140000,0
1631712000000,33.14000000,33.15000000,33.06000000,33.08000000,1937.18000000,1631712059999,64120.52200000,125,311.26000000,10306.91510000,0
1631712060000,33.08000000,33.08000000,33.01000000,33.05000000,3523.14000000,1631712119999,116384.21620000,138,2540.48000000,83926.03980000,0
1631712120000,33.04000000,33.05000000,32.91000000,33.00000000,8029.88000000,1631712179999,264730.97960000,272,3273.98000000,107930.05440000,0
1631712180000,33.01000000,33.09000000,33.01000000,33.09000000,745.91000000,1631712239999,24661.70140000,56,521.14000000,17235.03770000,0
1631712240000,33.09000000,33.14000000,33.07000000,33.13000000,1899.69000000,1631712299999,62875.02170000,96,1450.07000000,47996.70980000,0
1631712300000,33.12000000,33.17000000,33.12000000,33.14000000,2646.38000000,1631712359999,87712.62630000,119,1214.88000000,40272.91910000,0
1631712360000,33.15000000,33.18000000,33.09000000,33.11000000,2353.60000000,1631712419999,77996.89840000,106,725.20000000,24046.25650000,0
1631712420000,33.12000000,33.12000000,33.06000000,33.07000000,1685.10000000,1631712479999,55744.82370000,68,145.91000000,4827.70510000,0
1631712480000,33.07000000,33.18000000,33.06000000,33.17000000,3985.59000000,1631712539999,131902.09500000,99,1883.13000000,62358.61870000,0
1631712540000,33.18000000,33.22000000,33.16000000,33.20000000,1616.37000000,1631712599999,53644.74440000,93,1030.00000000,34191.93960000,0
1631712600000,33.21000000,33.22000000,33.14000000,33.21000000,2147.81000000,1631712659999,71244.91820000,116,1077.12000000,35727.08390000,0
1631712660000,33.20000000,33.23000000,33.10000000,33.14000000,2351.39000000,1631712719999,77978.25770000,132,1233.58000000,40920.77760000,0
1631712720000,33.12000000,33.18000000,33.11000000,33.15000000,1227.10000000,1631712779999,40680.08450000,78,532.77000000,17663.59660000,0
1631712780000,33.15000000,33.20000000,33.14000000,33.19000000,3209.24000000,1631712839999,106425.15230000,183,2603.97000000,86359.84520000,0
1631712840000,33.19000000,33.25000000,33.17000000,33.23000000,3886.42000000,1631712899999,129084.20910000,170,2584.86000000,85834.16310000,0
1631712900000,33.24000000,33.25000000,33.09000000,33.12000000,3228.26000000,1631712959999,106988.48990000,166,814.25000000,27010.11190000,0
1631712960000,33.10000000,33.22000000,33.10000000,33.19000000,1649.59000000,1631713019999,54724.46410000,98,960.86000000,31866.42620000,0
1631713020000,33.19000000,33.19000000,33.11000000,33.14000000,849.53000000,1631713079999,28148.37750000,71,366.38000000,12142.90260000,0
1631713080000,33.14000000,33.20000000,33.13000000,33.17000000,3250.74000000,1631713139999,107817.52460000,142,1718.61000000,56990.28460000,0
1631713140000,33.16000000,33.18000000,33.12000000,33.15000000,653.45000000,1631713199999,21661.42930000,71,199.63000000,6618.23820000,0
1631713200000,33.16000000,33.18000000,33.13000000,33.16000000,1751.20000000,1631713259999,58064.04970000,103,907.48000000,30094.33860000,0
1631713260000,33.17000000,33.22000000,33.14000000,33.22000000,2433.86000000,1631713319999,80747.81450000,114,1832.98000000,60819.85910000,0
1631713320000,33.22000000,33.25000000,33.18000000,33.22000000,2875.38000000,1631713379999,95513.56020000,147,1559.63000000,51827.82270000,0
1631713380000,33.23000000,33.25000000,33.14000000,33.15000000,1636.15000000,1631713439999,54254.34690000,119,198.68000000,6595.46660000,0
1631713440000,33.16000000,33.22000000,33.16000000,33.21000000,2018.98000000,1631713499999,67010.50570000,122,1722.47000000,57167.44540000,0
1631713500000,33.21000000,33.27000000,33.20000000,33.23000000,3753.62000000,1631713559999,124743.73340000,225,2869.90000000,95374.92920000,0
1631713560000,33.24000000,33.27000000,33.16000000,33.21000000,2009.35000000,1631713619999,66733.57310000,152,1011.30000000,33605.94880000,0
1631713620000,33.22000000,33.25000000,33.14000000,33.16000000,3103.25000000,1631713679999,103014.15600000,131,685.71000000,22763.81330000,0
1631713680000,33.16000000,33.25000000,33.16000000,33.18000000,1810.07000000,1631713739999,60123.45320000,179,738.35000000,24530.23790000,0
1631713740000,33.18000000,33.23000000,33.08000000,33.18000000,5588.02000000,1631713799999,185195.17320000,241,2098.03000000,69552.19160000,0
1631713800000,33.19000000,33.23000000,33.13000000,33.13000000,1877.91000000,1631713859999,62326.86180000,129,1070.53000000,35544.61830000,0
1631713860000,33.14000000,33.22000000,33.13000000,33.20000000,1973.81000000,1631713919999,65478.66440000,124,911.73000000,30248.69050000,0
1631713920000,33.22000000,33.32000000,33.21000000,33.30000000,5194.00000000,1631713979999,172798.16180000,593,3459.32000000,115093.34990000,0
1631713980000,33.30000000,33.34000000,33.26000000,33.29000000,4931.16000000,1631714039999,164287.76600000,701,3602.85000000,120062.28520000,0
1631714040000,33.30000000,33.31000000,33.22000000,33.29000000,2232.89000000,1631714099999,74248.14650000,218,795.96000000,26478.99950000,0
1631714100000,33.30000000,33.32000000,33.25000000,33.29000000,2645.74000000,1631714159999,88049.35540000,190,906.09000000,30166.98620000,0
1631714160000,33.31000000,33.31000000,33.25000000,33.30000000,2544.87000000,1631714219999,84695.83620000,142,1071.28000000,35650.12670000,0
1631714220000,33.31000000,33.40000000,33.30000000,33.39000000,6447.39000000,1631714279999,214987.69090000,523,4537.33000000,151320.43120000,0
1631714280000,33.39000000,33.40000000,33.30000000,33.38000000,2654.91000000,1631714339999,88550.65790000,286,712.75000000,23772.51190000,0
1631714340000,33.38000000,33.39000000,33.27000000,33.28000000,3854.19000000,1631714399999,128437.45570000,287,853.77000000,28471.28680000,0
1631714400000,33.28000000,33.35000000,33.26000000,33.29000000,3140.82000000,1631714459999,104610.28120000,177,2093.82000000,69738.93490000,0
1631714460000,33.30000000,33.36000000,33.27000000,33.35000000,2476.70000000,1631714519999,82481.77620000,150,1837.28000000,61198.09990000,0
1631714520000,33.36000000,33.40000000,33.34000000,33.39000000,3162.93000000,1631714579999,105536.31640000,199,2257.78000000,75341.68540000,0
1631714580000,33.40000000,33.40000000,33.31000000,33.38000000,4550.59000000,1631714639999,151793.74930000,204,1942.47000000,64828.16010000,0
1631714640000,33.38000000,33.42000000,33.28000000,33.30000000,4746.62000000,1631714699999,158336.84700000,806,1775.17000000,59269.67110000,0
1631714700000,33.31000000,33.35000000,33.29000000,33.35000000,5423.39000000,1631714759999,180714.38190000,194,3498.28000000,116566.83510000,0
1631714760000,33.34000000,33.40000000,33.34000000,33.40000000,3055.37000000,1631714819999,101938.17070000,172,2125.95000000,70942.48340000,0
1631714820000,33.39000000,33.40000000,33.31000000,33.33000000,1666.04000000,1631714879999,55583.64160000,104,1191.56000000,39757.10490000,0
1631714880000,33.33000000,33.37000000,33.33000000,33.34000000,1456.65000000,1631714939999,48565.77510000,99,819.71000000,27327.41960000,0
1631714940000,33.34000000,33.36000000,33.29000000,33.29000000,2423.85000000,1631714999999,80792.47270000,129,683.09000000,22778.02940000,0
1631715000000,33.29000000,33.37000000,33.28000000,33.36000000,2380.91000000,1631715059999,79316.48550000,119,1503.84000000,50112.75170000,0
1631715060000,33.35000000,33.36000000,33.27000000,33.28000000,1178.53000000,1631715119999,39251.50960000,98,369.62000000,12310.97880000,0
1631715120000,33.28000000,33.39000000,33.28000000,33.33000000,2804.63000000,1631715179999,93529.09520000,147,2171.60000000,72427.24300000,0
1631715180000,33.33000000,33.34000000,33.29000000,33.30000000,1740.35000000,1631715239999,57978.19230000,124,481.94000000,16059.70730000,0
1631715240000,33.31000000,33.34000000,33.27000000,33.29000000,1553.02000000,1631715299999,51726.64870000,106,836.14000000,27858.40560000,0
1631715300000,33.28000000,33.38000000,33.27000000,33.33000000,3976.72000000,1631715359999,132485.98870000,153,2435.04000000,81136.69620000,0
1631715360000,33.33000000,33.41000000,33.29000000,33.29000000,7178.02000000,1631715419999,239476.14980000,271,4451.38000000,148559.29710000,0
1631715420000,33.30000000,33.32000000,33.21000000,33.24000000,4520.08000000,1631715479999,150367.25280000,272,2948.68000000,98096.63520000,0
1631715480000,33.25000000,33.26000000,33.17000000,33.19000000,4458.30000000,1631715539999,148049.97890000,283,1952.74000000,64876.39980000,0
1631715540000,33.20000000,33.25000000,33.17000000,33.24000000,2695.00000000,1631715599999,89495.86820000,156,1561.75000000,51873.61780000,0
1631715600000,33.22000000,33.32000000,33.22000000,33.30000000,2273.51000000,1631715659999,75686.82790000,159,1816.61000000,60482.65930000,0
1631715660000,33.28000000,33.30000000,33.27000000,33.28000000,1102.49000000,1631715719999,36696.09030000,71,241.85000000,8050.94440000,0
1631715720000,33.27000000,33.29000000,33.16000000,33.19000000,2172.79000000,1631715779999,72201.92230000,147,531.07000000,17642.27540000,0
1631715780000,33.18000000,33.24000000,33.16000000,33.16000000,2683.04000000,1631715839999,89054.07170000,154,1607.60000000,53380.13250000,0
1631715840000,33.16000000,33.22000000,33.12000000,33.19000000,5823.77000000,1631715899999,193067.19350000,258,2688.68000000,89164.33330000,0
1631715900000,33.18000000,33.19000000,33.12000000,33.18000000,3113.69000000,1631715959999,103224.92910000,128,1825.66000000,60550.53920000,0
1631715960000,33.18000000,33.20000000,33.12000000,33.16000000,1937.67000000,1631716019999,64240.70090000,125,1079.39000000,35788.60240000,0
1631716020000,33.16000000,33.18000000,33.14000000,33.16000000,2045.75000000,1631716079999,67848.09110000,117,1216.27000000,40342.50200000,0
1631716080000,33.16000000,33.18000000,33.13000000,33.16000000,2233.12000000,1631716139999,74057.58040000,113,893.59000000,29634.41600000,0
1631716140000,33.17000000,33.19000000,33.14000000,33.14000000,3011.13000000,1631716199999,99871.83830000,132,1215.91000000,40336.42080000,0
1631716200000,33.16000000,33.16000000,33.09000000,33.10000000,2539.07000000,1631716259999,84089.19870000,154,445.60000000,14762.87940000,0
1631716260000,33.11000000,33.15000000,33.00000000,33.04000000,3765.38000000,1631716319999,124487.61790000,342,1332.68000000,44069.21070000,0
1631716320000,33.04000000,33.11000000,33.03000000,33.08000000,3998.87000000,1631716379999,132199.38120000,244,3288.30000000,108713.10140000,0
1631716380000,33.09000000,33.15000000,33.01000000,33.10000000,6550.82000000,1631716439999,216769.52130000,291,4374.46000000,144762.81120000,0
1631716440000,33.11000000,33.12000000,33.01000000,33.04000000,1924.91000000,1631716499999,63634.07870000,125,1130.02000000,37363.59770000,0
1631716500000,33.04000000,33.06000000,32.98000000,33.00000000,6560.87000000,1631716559999,216684.35120000,247,3157.95000000,104333.98210000,0
1631716560000,33.00000000,33.07000000,33.00000000,33.05000000,3154.42000000,1631716619999,104168.05480000,178,2272.40000000,75048.78280000,0
1631716620000,33.06000000,33.08000000,32.99000000,33.03000000,1815.99000000,1631716679999,59969.89810000,93,505.43000000,16701.02950000,0
1631716680000,33.01000000,33.03000000,32.97000000,32.99000000,2156.66000000,1631716739999,71152.44170000,118,756.69000000,24967.95300000,0
1631716740000,32.97000000,33.05000000,32.96000000,32.98000000,2519.20000000,1631716799999,83177.77140000,186,939.68000000,31028.60850000,0
1631716800000,32.99000000,33.00000000,32.90000000,32.96000000,5380.27000000,1631716859999,177268.88320000,418,2135.32000000,70369.55670000,0
1631716860000,32.97000000,33.00000000,32.92000000,32.94000000,2725.27000000,1631716919999,89822.44000000,131,897.06000000,29578.94730000,0
1631716920000,32.94000000,32.96000000,32.92000000,32.95000000,2608.65000000,1631716979999,85928.08800000,101,700.13000000,23068.85520000,0
1631716980000,32.93000000,32.98000000,32.92000000,32.98000000,1987.38000000,1631717039999,65484.23420000,88,1262.07000000,41592.95840000,0
1631717040000,32.99000000,32.99000000,32.92000000,32.97000000,2544.50000000,1631717099999,83832.16310000,106,1800.38000000,59315.63760000,0
1631717100000,32.95000000,33.04000000,32.95000000,32.99000000,1614.80000000,1631717159999,53280.76360000,94,987.85000000,32592.48930000,0
1631717160000,32.98000000,33.07000000,32.98000000,33.05000000,1938.93000000,1631717219999,64036.10390000,180,1419.39000000,46873.40910000,0
1631717220000,33.05000000,33.12000000,33.03000000,33.11000000,1412.31000000,1631717279999,46710.57190000,107,961.93000000,31816.21310000,0
1631717280000,33.10000000,33.10000000,33.00000000,33.04000000,2213.04000000,1631717339999,73156.39820000,116,1163.11000000,38450.85150000,0
1631717340000,33.02000000,33.08000000,33.01000000,33.06000000,1174.02000000,1631717399999,38799.57530000,78,315.05000000,10412.93060000,0
1631717400000,33.06000000,33.11000000,33.04000000,33.04000000,1430.95000000,1631717459999,47330.16400000,79,480.27000000,15884.89700000,0
1631717460000,33.06000000,33.09000000,33.02000000,33.04000000,2649.57000000,1631717519999,87601.93040000,107,1609.32000000,53212.71320000,0
1631717520000,33.02000000,33.07000000,33.02000000,33.04000000,3963.95000000,1631717579999,131005.94700000,170,2455.21000000,81148.81950000,0
1631717580000,33.04000000,33.06000000,33.01000000,33.02000000,713.72000000,1631717639999,23573.35190000,68,329.16000000,10874.68250000,0
1631717640000,33.02000000,33.07000000,33.00000000,33.01000000,2165.12000000,1631717699999,71507.90100000,128,783.94000000,25901.01370000,0
1631717700000,33.02000000,33.04000000,32.92000000,32.97000000,3177.81000000,1631717759999,104767.74690000,160,1039.17000000,34270.94120000,0
1631717760000,32.98000000,32.99000000,32.91000000,32.97000000,1598.87000000,1631717819999,52690.95270000,134,868.15000000,28614.00870000,0
1631717820000,32.97000000,33.00000000,32.94000000,32.98000000,1346.76000000,1631717879999,44391.97530000,114,415.95000000,13711.58400000,0
1631717880000,32.99000000,33.01000000,32.97000000,32.99000000,932.85000000,1631717939999,30775.26300000,89,509.81000000,16819.25390000,0
1631717940000,32.99000000,33.04000000,32.97000000,33.03000000,2655.68000000,1631717999999,87652.65850000,108,1479.26000000,48834.49840000,0
1631718000000,33.01000000,33.03000000,32.93000000,32.96000000,4432.15000000,1631718059999,146214.83770000,219,671.37000000,22156.70870000,0
1631718060000,32.96000000,33.03000000,32.94000000,33.00000000,2957.64000000,1631718119999,97560.90870000,159,1880.04000000,62003.29360000,0
1631718120000,33.00000000,33.05000000,32.96000000,33.01000000,2711.43000000,1631718179999,89535.37180000,152,1720.28000000,56814.55280000,0
1631718180000,33.02000000,33.04000000,32.98000000,33.01000000,2481.76000000,1631718239999,81933.60380000,105,1347.93000000,44512.98590000,0
1631718240000,33.00000000,33.04000000,32.94000000,32.96000000,2095.91000000,1631718299999,69164.65040000,156,1130.12000000,37307.61080000,0
1631718300000,32.97000000,33.04000000,32.92000000,32.99000000,3950.69000000,1631718359999,130293.14190000,178,2119.68000000,69944.84400000,0
1631718360000,33.00000000,33.06000000,33.00000000,33.02000000,2894.56000000,1631718419999,95595.01700000,166,1888.85000000,62386.81290000,0
1631718420000,33.00000000,33.05000000,32.95000000,33.05000000,2331.70000000,1631718479999,76960.62220000,150,1177.00000000,38856.34510000,0
1631718480000,33.04000000,33.05000000,32.99000000,33.05000000,2958.65000000,1631718539999,97664.08600000,135,1282.87000000,42349.24310000,0
1631718540000,33.04000000,33.09000000,33.02000000,33.04000000,2060.52000000,1631718599999,68122.95620000,113,365.66000000,12090.01870000,0
1631718600000,33.05000000,33.13000000,33.05000000,33.09000000,9713.02000000,1631718659999,321542.37850000,235,5353.02000000,177213.56380000,0
1631718660000,33.09000000,33.12000000,33.03000000,33.12000000,3511.94000000,1631718719999,116106.57140000,174,610.65000000,20203.44200000,0
1631718720000,33.12000000,33.15000000,33.09000000,33.13000000,1964.76000000,1631718779999,65077.96480000,222,857.39000000,28402.27050000,0
1631718780000,33.14000000,33.17000000,33.07000000,33.07000000,3364.03000000,1631718839999,111430.94850000,245,1913.95000000,63436.02310000,0
1631718840000,33.08000000,33.17000000,33.07000000,33.14000000,2786.20000000,1631718899999,92320.21320000,205,1395.55000000,46234.13700000,0
1631718900000,33.14000000,33.15000000,33.07000000,33.08000000,5693.98000000,1631718959999,188471.92390000,311,1844.51000000,61063.39990000,0
1631718960000,33.09000000,33.10000000,33.05000000,33.08000000,2228.46000000,1631719019999,73698.15720000,182,392.90000000,12999.08210000,0
1631719020000,33.08000000,33.11000000,33.03000000,33.09000000,4024.65000000,1631719079999,133090.92230000,271,2315.32000000,76583.17670000,0
1631719080000,33.11000000,33.11000000,33.02000000,33.09000000,4139.11000000,1631719139999,136873.65820000,159,1897.23000000,62745.72850000,0
1631719140000,33.08000000,33.12000000,33.03000000,33.10000000,3099.15000000,1631719199999,102501.31060000,179,1496.66000000,49499.36080000,0
1631719200000,33.10000000,33.11000000,33.05000000,33.08000000,2549.81000000,1631719259999,84341.51770000,160,1333.11000000,44113.47420000,0
1631719260000,33.08000000,33.10000000,33.05000000,33.05000000,1194.48000000,1631719319999,39510.00770000,125,832.26000000,27532.86220000,0
1631719320000,33.05000000,33.08000000,33.02000000,33.08000000,3323.45000000,1631719379999,109833.94430000,167,1664.81000000,55033.13280000,0
1631719380000,33.06000000,33.10000000,33.02000000,33.09000000,4400.85000000,1631719439999,145470.74680000,206,2092.80000000,69200.83430000,0
1631719440000,33.08000000,33.16000000,33.07000000,33.13000000,2885.87000000,1631719499999,95558.24720000,132,2313.06000000,76596.82100000,0
1631719500000,33.14000000,33.34000000,33.10000000,33.34000000,6702.18000000,1631719559999,222827.40660000,384,5713.42000000,190063.86770000,0
1631719560000,33.33000000,33.38000000,33.31000000,33.38000000,4249.61000000,1631719619999,141680.16530000,455,1600.85000000,53384.65510000,0
1631719620000,33.38000000,33.45000000,33.37000000,33.41000000,8120.33000000,1631719679999,271293.01860000,571,6608.80000000,220798.70800000,0
1631719680000,33.41000000,33.48000000,33.38000000,33.41000000,6575.42000000,1631719739999,219907.59910000,652,1889.83000000,63223.53860000,0
1631719740000,33.41000000,33.48000000,33.41000000,33.46000000,2878.69000000,1631719799999,96266.51800000,172,1517.45000000,50753.49930000,0
1631719800000,33.46000000,33.48000000,33.30000000,33.38000000,6806.31000000,1631719859999,227129.47360000,380,3660.65000000,122153.99430000,0
1631719860000,33.38000000,33.43000000,33.37000000,33.41000000,2962.46000000,1631719919999,98926.60650000,201,1503.18000000,50208.10600000,0
1631719920000,33.41000000,33.42000000,33.34000000,33.39000000,4519.86000000,1631719979999,150889.01580000,144,1419.17000000,47385.30980000,0
1631719980000,33.36000000,33.44000000,33.36000000,33.38000000,4104.15000000,1631720039999,137134.66110000,152,3444.16000000,115095.00230000,0
1631720040000,33.38000000,33.40000000,33.34000000,33.35000000,1333.43000000,1631720099999,44485.61740000,113,651.50000000,21735.89680000,0
1631720100000,33.36000000,33.40000000,33.33000000,33.34000000,923.60000000,1631720159999,30820.78980000,114,439.70000000,14679.41760000,0
1631720160000,33.34000000,33.44000000,33.34000000,33.40000000,3282.75000000,1631720219999,109669.77810000,167,2175.52000000,72688.65220000,0
1631720220000,33.41000000,33.45000000,33.39000000,33.41000000,3219.27000000,1631720279999,107610.03970000,151,1563.06000000,52258.79300000,0
1631720280000,33.40000000,33.45000000,33.34000000,33.36000000,3186.35000000,1631720339999,106371.87420000,171,949.77000000,31718.98800000,0
1631720340000,33.36000000,33.39000000,33.33000000,33.37000000,3196.07000000,1631720399999,106627.06220000,117,2557.81000000,85338.11360000,0
1631720400000,33.37000000,33.40000000,33.35000000,33.37000000,3778.08000000,1631720459999,126104.12260000,131,2749.93000000,91799.89870000,0
1631720460000,33.37000000,33.38000000,33.32000000,33.34000000,1880.01000000,1631720519999,62692.69130000,141,571.90000000,19076.74940000,0
1631720520000,33.33000000,33.35000000,33.13000000,33.18000000,14039.98000000,1631720579999,466516.45550000,490,2952.35000000,98084.51990000,0
1631720580000,33.18000000,33.25000000,33.12000000,33.19000000,8583.15000000,1631720639999,284824.04880000,451,2949.61000000,97933.08170000,0
1631720640000,33.19000000,33.33000000,33.14000000,33.29000000,5468.38000000,1631720699999,181933.56700000,336,3939.49000000,131095.86030000,0
1631720700000,33.29000000,33.30000000,33.15000000,33.16000000,4399.93000000,1631720759999,146079.19070000,228,1148.29000000,38148.28380000,0
1631720760000,33.16000000,33.18000000,33.11000000,33.18000000,4313.61000000,1631720819999,142977.91170000,217,1863.75000000,61797.10260000,0
1631720820000,33.18000000,33.25000000,33.17000000,33.20000000,1698.99000000,1631720879999,56428.49820000,143,1095.44000000,36384.28570000,0
1631720880000,33.21000000,33.21000000,33.18000000,33.19000000,1648.78000000,1631720939999,54733.95040000,130,755.86000000,25093.27970000,0
1631720940000,33.21000000,33.24000000,33.21000000,33.22000000,1095.14000000,1631720999999,36382.36160000,120,634.58000000,21081.22240000,0
1631721000000,33.22000000,33.24000000,33.18000000,33.23000000,1244.59000000,1631721059999,41330.76480000,106,560.30000000,18609.15400000,0
1631721060000,33.23000000,33.28000000,33.18000000,33.18000000,4671.59000000,1631721119999,155208.39650000,198,1307.86000000,43459.53940000,0
1631721120000,33.19000000,33.22000000,33.15000000,33.19000000,1611.41000000,1631721179999,53471.85680000,135,991.15000000,32899.19900000,0
1631721180000,33.21000000,33.27000000,33.18000000,33.27000000,1788.84000000,1631721239999,59438.90280000,121,1191.66000000,39606.28430000,0
1631721240000,33.27000000,33.29000000,33.23000000,33.26000000,1758.73000000,1631721299999,58491.13930000,124,625.66000000,20818.32750000,0
1631721300000,33.26000000,33.29000000,33.24000000,33.28000000,1796.28000000,1631721359999,59762.03340000,179,1128.45000000,37548.12450000,0
1631721360000,33.27000000,33.32000000,33.24000000,33.32000000,2000.09000000,1631721419999,66550.71050000,214,1269.17000000,42241.15850000,0
1631721420000,33.32000000,33.43000000,33.31000000,33.38000000,4161.48000000,1631721479999,138870.58740000,324,2816.87000000,94002.15580000,0
1631721480000,33.39000000,33.44000000,33.37000000,33.43000000,6106.66000000,1631721539999,203976.41530000,239,4518.20000000,150934.50840000,0
1631721540000,33.43000000,33.43000000,33.32000000,33.36000000,4009.00000000,1631721599999,133777.82330000,177,431.19000000,14385.19880000,0
1631721600000,33.37000000,33.37000000,33.27000000,33.27000000,736.43000000,1631721659999,24540.68770000,123,159.06000000,5303.09240000,0
1631721660000,33.27000000,33.29000000,33.21000000,33.23000000,3607.82000000,1631721719999,119967.23090000,180,1480.50000000,49222.23770000,0
1631721720000,33.22000000,33.23000000,33.15000000,33.18000000,4141.77000000,1631721779999,137449.76700000,213,1119.55000000,37153.82160000,0
1631721780000,33.21000000,33.26000000,33.17000000,33.19000000,3222.11000000,1631721839999,107000.29640000,166,2160.38000000,71758.30010000,0
1631721840000,33.18000000,33.22000000,33.04000000,33.07000000,9898.68000000,1631721899999,327767.40370000,448,3716.58000000,123071.26810000,0
1631721900000,33.06000000,33.11000000,32.98000000,33.06000000,14062.31000000,1631721959999,464590.22230000,671,4860.70000000,160634.62220000,0
1631721960000,33.07000000,33.15000000,33.05000000,33.11000000,2802.76000000,1631722019999,92724.94350000,218,2306.81000000,76318.56380000,0
1631722020000,33.13000000,33.15000000,33.08000000,33.13000000,1916.98000000,1631722079999,63474.42290000,159,738.65000000,24462.99750000,0
1631722080000,33.15000000,33.23000000,33.12000000,33.12000000,7145.04000000,1631722139999,237128.63230000,243,6098.89000000,202424.02900000,0
1631722140000,33.14000000,33.17000000,33.08000000,33.08000000,5289.79000000,1631722199999,175160.71540000,202,557.55000000,18469.53730000,0
1631722200000,33.10000000,33.16000000,33.08000000,33.15000000,4009.46000000,1631722259999,132797.23500000,177,2849.81000000,94389.64140000,0
1631722260000,33.16000000,33.18000000,33.10000000,33.18000000,2989.97000000,1631722319999,99071.94520000,162,1981.18000000,65655.14860000,0
1631722320000,33.17000000,33.22000000,33.16000000,33.21000000,1846.63000000,1631722379999,61282.21810000,157,559.18000000,18560.92240000,0
1631722380000,33.21000000,33.23000000,33.18000000,33.20000000,5319.87000000,1631722439999,176689.32560000,267,3672.09000000,121979.38420000,0
1631722440000,33.22000000,33.22000000,33.13000000,33.16000000,3959.58000000,1631722499999,131314.45420000,247,1184.70000000,39287.44480000,0
1631722500000,33.15000000,33.25000000,33.15000000,33.23000000,5689.65000000,1631722559999,188899.45510000,202,4259.10000000,141404.51860000,0
1631722560000,33.24000000,33.26000000,33.20000000,33.23000000,2337.53000000,1631722619999,77678.26960000,219,1182.88000000,39320.01240000,0
1631722620000,33.23000000,33.28000000,33.21000000,33.28000000,3277.87000000,1631722679999,108966.18260000,276,2331.28000000,77506.33040000,0
1631722680000,33.28000000,33.32000000,33.26000000,33.28000000,4890.43000000,1631722739999,162831.96490000,327,2504.81000000,83403.97460000,0
1631722740000,33.29000000,33.29000000,33.21000000,33.25000000,3798.21000000,1631722799999,126330.59960000,209,1913.47000000,63634.50580000,0
1631722800000,33.24000000,33.27000000,33.15000000,33.20000000,7095.47000000,1631722859999,235650.47850000,302,1642.88000000,54549.29860000,0
1631722860000,33.19000000,33.20000000,33.14000000,33.17000000,3561.99000000,1631722919999,118139.88600000,178,2126.52000000,70542.54950000,0
1631722920000,33.17000000,33.20000000,33.15000000,33.17000000,2545.29000000,1631722979999,84430.45890000,149,1606.91000000,53311.86290000,0
1631722980000,33.16000000,33.20000000,33.15000000,33.20000000,1720.80000000,1631723039999,57110.73410000,151,448.59000000,14890.28070000,0
1631723040000,33.20000000,33.21000000,33.15000000,33.17000000,3312.58000000,1631723099999,109891.46010000,197,1507.06000000,50011.99660000,0
1631723100000,33.19000000,33.19000000,33.15000000,33.17000000,1753.56000000,1631723159999,58157.38050000,158,1016.54000000,33718.59210000,0
1631723160000,33.16000000,33.22000000,33.16000000,33.17000000,1343.02000000,1631723219999,44576.53820000,132,709.17000000,23542.05700000,0
1631723220000,33.17000000,33.19000000,33.13000000,33.14000000,1841.28000000,1631723279999,61043.41330000,160,605.55000000,20081.24370000,0
1631723280000,33.14000000,33.16000000,33.10000000,33.11000000,4349.28000000,1631723339999,144079.78040000,192,1366.09000000,45264.00460000,0
1631723340000,33.11000000,33.12000000,33.07000000,33.12000000,3676.10000000,1631723399999,121667.68080000,185,3043.42000000,100734.75380000,0
1631723400000,33.11000000,33.17000000,33.11000000,33.14000000,1234.61000000,1631723459999,40922.47230000,128,478.27000000,15854.12360000,0
1631723460000,33.14000000,33.17000000,33.13000000,33.16000000,1866.73000000,1631723519999,61889.58030000,106,1087.78000000,36069.93950000,0
1631723520000,33.15000000,33.26000000,33.15000000,33.26000000,2019.40000000,1631723579999,67030.76930000,150,1566.25000000,51991.76650000,0
1631723580000,33.25000000,33.29000000,33.25000000,33.26000000,3503.24000000,1631723639999,116553.76230000,219,2024.33000000,67353.70340000,0
1631723640000,33.26000000,33.31000000,33.24000000,33.29000000,3676.20000000,1631723699999,122337.39660000,204,2474.29000000,82345.85770000,0
1631723700000,33.28000000,33.34000000,33.28000000,33.34000000,3398.91000000,1631723759999,113240.36070000,208,2338.46000000,77922.06840000,0
1631723760000,33.35000000,33.36000000,33.33000000,33.36000000,1499.98000000,1631723819999,50019.56020000,132,1030.99000000,34383.32600000,0
1631723820000,33.36000000,33.45000000,33.33000000,33.43000000,6070.47000000,1631723879999,202604.55090000,307,3327.77000000,111137.36520000,0
1631723880000,33.44000000,33.65000000,33.42000000,33.64000000,23535.51000000,1631723939999,789319.17610000,2096,17191.05000000,576646.71870000,0
1631723940000,33.63000000,33.72000000,33.53000000,33.72000000,15682.26000000,1631723999999,527148.32930000,1979,6900.67000000,232119.98190000,0
1631724000000,33.71000000,33.87000000,33.67000000,33.86000000,14651.39000000,1631724059999,494773.64180000,2471,9436.40000000,318717.89570000,0
1631724060000,33.86000000,34.03000000,33.77000000,33.82000000,21767.67000000,1631724119999,738502.50600000,4988,12134.98000000,411928.51740000,0
1631724120000,33.83000000,34.11000000,33.82000000,34.09000000,18292.23000000,1631724179999,621161.78220000,1863,10697.90000000,363485.60890000,0
1631724180000,34.09000000,34.17000000,33.99000000,34.06000000,18703.18000000,1631724239999,637599.81750000,3137,7684.86000000,262078.16060000,0
1631724240000,34.06000000,34.10000000,34.03000000,34.09000000,6774.09000000,1631724299999,230742.25370000,349,3601.52000000,122696.08110000,0
1631724300000,34.09000000,34.10000000,33.92000000,33.99000000,8559.89000000,1631724359999,290981.23410000,437,3007.22000000,102197.93810000,0
1631724360000,34.00000000,34.00000000,33.80000000,33.84000000,7221.22000000,1631724419999,244744.61820000,512,2934.25000000,99430.28870000,0
1631724420000,33.84000000,33.85000000,33.71000000,33.75000000,6647.32000000,1631724479999,224480.29570000,403,1908.07000000,64457.56960000,0
1631724480000,33.75000000,34.05000000,33.74000000,34.04000000,13738.26000000,1631724539999,465662.04670000,675,8652.87000000,293359.83490000,0
1631724540000,34.03000000,34.20000000,34.03000000,34.14000000,10207.28000000,1631724599999,348535.00900000,895,5206.06000000,177764.05460000,0
1631724600000,34.13000000,34.13000000,33.95000000,34.07000000,7693.93000000,1631724659999,261950.13830000,583,3983.97000000,135634.37460000,0
1631724660000,34.06000000,34.10000000,33.95000000,33.99000000,9336.15000000,1631724719999,317693.62260000,423,3946.85000000,134284.77430000,0
1631724720000,33.98000000,34.03000000,33.92000000,33.92000000,5665.10000000,1631724779999,192549.04150000,238,2554.86000000,86833.94470000,0
1631724780000,33.94000000,34.05000000,33.92000000,33.96000000,6850.02000000,1631724839999,232712.07370000,241,3096.22000000,105217.43780000,0
1631724840000,33.95000000,34.04000000,33.92000000,33.97000000,5416.07000000,1631724899999,184080.26610000,226,3769.35000000,128108.49580000,0
1631724900000,33.95000000,33.97000000,33.88000000,33.89000000,4777.07000000,1631724959999,162042.28380000,256,2153.63000000,73073.96450000,0
1631724960000,33.88000000,33.91000000,33.81000000,33.84000000,3913.03000000,1631725019999,132478.79880000,302,977.30000000,33109.51030000,0
1631725020000,33.83000000,33.84000000,33.74000000,33.75000000,6666.99000000,1631725079999,225172.70000000,349,3961.97000000,133807.83700000,0
1631725080000,33.76000000,33.83000000,33.75000000,33.81000000,4990.32000000,1631725139999,168631.07660000,263,3527.84000000,119191.88660000,0
1631725140000,33.82000000,33.82000000,33.74000000,33.74000000,2739.58000000,1631725199999,92549.97500000,174,916.75000000,30976.78760000,0
1631725200000,33.75000000,33.94000000,33.74000000,33.91000000,3393.87000000,1631725259999,114900.29470000,263,2214.20000000,74937.99970000,0
1631725260000,33.90000000,33.91000000,33.76000000,33.82000000,4004.69000000,1631725319999,135484.88850000,250,2206.76000000,74656.08640000,0
1631725320000,33.83000000,33.93000000,33.82000000,33.90000000,3886.05000000,1631725379999,131742.09090000,248,2584.60000000,87611.53330000,0
1631725380000,33.91000000,34.03000000,33.87000000,34.01000000,7296.64000000,1631725439999,247743.21030000,368,3741.34000000,127033.11560000,0
1631725440000,33.99000000,34.00000000,33.93000000,33.98000000,2445.55000000,1631725499999,83051.70990000,181,1256.09000000,42661.78930000,0
1631725500000,34.00000000,34.09000000,33.99000000,34.08000000,3599.06000000,1631725559999,122546.13820000,288,2283.62000000,77748.65830000,0
1631725560000,34.09000000,34.25000000,34.08000000,34.19000000,9969.01000000,1631725619999,340632.04620000,931,6947.97000000,237431.42480000,0
1631725620000,34.18000000,34.33000000,34.12000000,34.33000000,10488.13000000,1631725679999,359209.91050000,1282,6250.43000000,214166.35370000,0
1631725680000,34.33000000,34.39000000,34.29000000,34.31000000,12904.02000000,1631725739999,443252.66390000,2263,6502.66000000,223366.73480000,0
1631725740000,34.31000000,34.43000000,34.29000000,34.42000000,11687.19000000,1631725799999,401592.07210000,518,8497.72000000,292072.07000000,0
1631725800000,34.42000000,34.49000000,34.34000000,34.39000000,13738.08000000,1631725859999,473018.83620000,3853,5244.73000000,180673.29150000,0
1631725860000,34.40000000,34.47000000,34.32000000,34.47000000,12794.87000000,1631725919999,439954.87460000,561,9468.48000000,325610.93760000,0
1631725920000,34.46000000,34.62000000,34.45000000,34.60000000,16554.79000000,1631725979999,571595.66050000,1753,10338.92000000,356967.40260000,0
1631725980000,34.61000000,34.80000000,34.49000000,34.75000000,29005.95000000,1631726039999,1004984.61630000,8206,14651.06000000,507729.09170000,0
1631726040000,34.74000000,34.89000000,34.70000000,34.87000000,15972.61000000,1631726099999,555600.95620000,1683,8093.25000000,281594.89000000,0
1631726100000,34.88000000,35.05000000,34.87000000,35.01000000,43952.36000000,1631726159999,1537347.24940000,6013,26748.38000000,935871.25740000,0
1631726160000,35.00000000,35.02000000,34.62000000,34.71000000,25172.65000000,1631726219999,875180.90490000,3436,9896.63000000,344110.46560000,0
1631726220000,34.71000000,34.74000000,34.50000000,34.54000000,28374.87000000,1631726279999,981255.92240000,1477,11486.94000000,396949.77480000,0
1631726280000,34.56000000,34.88000000,34.56000000,34.68000000,16673.49000000,1631726339999,579336.71660000,1046,11579.36000000,402216.05020000,0
1631726340000,34.68000000,34.79000000,34.66000000,34.71000000,8240.62000000,1631726399999,286041.01890000,403,4670.39000000,162117.35260000,0
1631726400000,34.73000000,34.88000000,34.71000000,34.78000000,10917.45000000,1631726459999,380183.38560000,427,7805.30000000,271802.69750000,0
1631726460000,34.77000000,34.78000000,34.67000000,34.70000000,14683.57000000,1631726519999,509989.09240000,590,5978.57000000,207619.20180000,0
1631726520000,34.70000000,34.78000000,34.67000000,34.73000000,6353.27000000,1631726579999,220614.46710000,324,3486.29000000,121085.78610000,0
1631726580000,34.72000000,34.75000000,34.67000000,34.68000000,6999.88000000,1631726639999,242960.06520000,279,2323.66000000,80672.68210000,0
1631726640000,34.67000000,34.73000000,34.65000000,34.65000000,7774.06000000,1631726699999,269624.96250000,322,2364.15000000,82028.80300000,0
1631726700000,34.66000000,34.67000000,34.53000000,34.56000000,3974.56000000,1631726759999,137496.35760000,318,1675.01000000,57959.19860000,0
1631726760000,34.56000000,34.63000000,34.55000000,34.61000000,5181.69000000,1631726819999,179319.81880000,255,1432.82000000,49582.67840000,0
1631726820000,34.60000000,34.65000000,34.59000000,34.63000000,2613.83000000,1631726879999,90491.19290000,211,1093.22000000,37855.97260000,0
1631726880000,34.63000000,34.76000000,34.63000000,34.66000000,4652.23000000,1631726939999,161356.43190000,260,2508.52000000,86984.20660000,0
1631726940000,34.66000000,34.71000000,34.64000000,34.68000000,2790.68000000,1631726999999,96759.80840000,174,1542.13000000,53474.74030000,0
1631727000000,34.68000000,34.74000000,34.59000000,34.63000000,4304.11000000,1631727059999,149210.20890000,258,2312.41000000,80195.26050000,0
1631727060000,34.63000000,34.63000000,34.42000000,34.48000000,20353.03000000,1631727119999,702442.49220000,2328,7320.97000000,252681.07970000,0
1631727120000,34.48000000,34.66000000,34.45000000,34.64000000,5738.83000000,1631727179999,198170.00480000,378,3308.27000000,114272.77520000,0
1631727180000,34.64000000,34.71000000,34.61000000,34.63000000,4494.22000000,1631727239999,155752.53430000,240,2089.57000000,72449.92980000,0
1631727240000,34.63000000,34.63000000,34.55000000,34.56000000,6077.85000000,1631727299999,210173.61610000,224,1207.74000000,41755.93350000,0
1631727300000,34.56000000,34.64000000,34.55000000,34.57000000,5936.19000000,1631727359999,205366.49580000,254,2583.65000000,89371.88170000,0
1631727360000,34.58000000,34.61000000,34.55000000,34.58000000,3186.40000000,1631727419999,110162.10940000,159,1270.36000000,43930.71660000,0
1631727420000,34.58000000,34.69000000,34.57000000,34.69000000,5988.77000000,1631727479999,207346.05260000,242,3679.10000000,127410.49900000,0
1631727480000,34.70000000,34.79000000,34.70000000,34.75000000,6711.37000000,1631727539999,233217.35920000,325,3042.51000000,105715.82620000,0
1631727540000,34.75000000,34.78000000,34.65000000,34.65000000,7760.57000000,1631727599999,269450.24830000,300,1338.48000000,46491.46640000,0
1631727600000,34.65000000,34.70000000,34.64000000,34.67000000,4145.44000000,1631727659999,143722.30790000,277,2522.17000000,87440.60180000,0
1631727660000,34.67000000,34.68000000,34.60000000,34.62000000,5019.82000000,1631727719999,173937.61990000,224,730.53000000,25325.32390000,0
1631727720000,34.60000000,34.66000000,34.59000000,34.65000000,3638.98000000,1631727779999,125995.31590000,204,2188.84000000,75809.98020000,0
1631727780000,34.66000000,34.67000000,34.56000000,34.58000000,3906.71000000,1631727839999,135244.90320000,145,1234.41000000,42738.95140000,0
1631727840000,34.58000000,34.61000000,34.56000000,34.59000000,2575.85000000,1631727899999,89072.35320000,134,877.60000000,30356.56620000,0
1631727900000,34.57000000,34.61000000,34.56000000,34.57000000,1506.35000000,1631727959999,52092.68450000,134,544.81000000,18845.25850000,0
1631727960000,34.57000000,34.60000000,34.56000000,34.59000000,1376.70000000,1631728019999,47599.73080000,150,558.79000000,19323.71270000,0
1631728020000,34.57000000,34.67000000,34.57000000,34.63000000,4739.74000000,1631728079999,164114.39350000,195,3606.79000000,124906.07050000,0
1631728080000,34.65000000,34.79000000,34.63000000,34.79000000,4077.66000000,1631728139999,141611.07840000,309,1897.09000000,65855.20880000,0
1631728140000,34.78000000,34.80000000,34.63000000,34.64000000,4846.68000000,1631728199999,168305.24560000,247,2693.22000000,93484.07030000,0
1631728200000,34.65000000,34.66000000,34.59000000,34.64000000,3547.49000000,1631728259999,122822.79350000,167,2376.85000000,82295.83420000,0
1631728260000,34.63000000,34.65000000,34.56000000,34.60000000,2826.65000000,1631728319999,97812.51010000,199,1807.77000000,62564.27320000,0
1631728320000,34.59000000,34.63000000,34.56000000,34.56000000,1257.13000000,1631728379999,43480.05190000,91,703.74000000,24341.34890000,0
1631728380000,34.56000000,34.58000000,34.48000000,34.54000000,5354.59000000,1631728439999,184962.11470000,222,1183.30000000,40863.88690000,0
1631728440000,34.55000000,34.55000000,34.51000000,34.55000000,3533.71000000,1631728499999,122046.33010000,146,2179.95000000,75306.71470000,0
1631728500000,34.54000000,34.54000000,34.47000000,34.50000000,3751.19000000,1631728559999,129419.57620000,171,2217.58000000,76522.68690000,0
1631728560000,34.49000000,34.52000000,34.46000000,34.47000000,4315.57000000,1631728619999,148823.37030000,155,3585.93000000,123657.93590000,0
1631728620000,34.48000000,34.56000000,34.47000000,34.54000000,4292.19000000,1631728679999,148104.17720000,184,3583.41000000,123655.77250000,0
1631728680000,34.55000000,34.55000000,34.48000000,34.53000000,2466.62000000,1631728739999,85124.10710000,177,1046.27000000,36120.09200000,0
1631728740000,34.53000000,34.55000000,34.46000000,34.47000000,1011.65000000,1631728799999,34897.72830000,111,393.77000000,13585.11290000,0
1631728800000,34.48000000,34.56000000,34.44000000,34.53000000,4763.80000000,1631728859999,164277.15320000,285,1885.20000000,65051.76060000,0
1631728860000,34.52000000,34.55000000,34.45000000,34.45000000,1726.66000000,1631728919999,59562.40140000,151,417.87000000,14431.93010000,0
1631728920000,34.47000000,34.51000000,34.33000000,34.36000000,7948.93000000,1631728979999,273610.09850000,477,2601.25000000,89618.69270000,0
1631728980000,34.37000000,34.37000000,34.12000000,34.28000000,16957.64000000,1631729039999,580278.11970000,3125,6708.13000000,229412.18160000,0
1631729040000,34.28000000,34.32000000,34.20000000,34.20000000,3625.00000000,1631729099999,124214.37950000,729,1150.81000000,39453.61470000,0
1631729100000,34.21000000,34.22000000,34.04000000,34.10000000,7621.41000000,1631729159999,259962.67270000,525,3663.82000000,124967.05600000,0
1631729160000,34.09000000,34.15000000,34.01000000,34.09000000,2747.83000000,1631729219999,93665.11300000,482,872.49000000,29747.33500000,0
1631729220000,34.10000000,34.12000000,33.97000000,33.99000000,6059.05000000,1631729279999,206081.58570000,388,1217.28000000,41443.87810000,0
1631729280000,33.99000000,34.02000000,33.96000000,34.00000000,5139.94000000,1631729339999,174671.90720000,242,3252.47000000,110542.46860000,0
1631729340000,34.02000000,34.22000000,34.01000000,34.06000000,5704.06000000,1631729399999,194669.57230000,1157,3880.60000000,132439.27380000,0
1631729400000,34.07000000,34.12000000,34.00000000,34.05000000,2516.55000000,1631729459999,85685.60690000,143,1240.35000000,42234.88380000,0
1631729460000,34.08000000,34.10000000,34.05000000,34.09000000,1454.88000000,1631729519999,49572.72310000,89,1260.10000000,42938.69000000,0
1631729520000,34.09000000,34.10000000,34.02000000,34.07000000,3966.62000000,1631729579999,135102.02180000,131,1251.34000000,42632.99780000,0
1631729580000,34.10000000,34.10000000,34.06000000,34.07000000,2885.56000000,1631729639999,98334.93880000,113,1289.77000000,43961.05780000,0
1631729640000,34.07000000,34.09000000,34.01000000,34.05000000,2570.46000000,1631729699999,87509.58130000,106,376.66000000,12825.92780000,0
1631729700000,34.05000000,34.07000000,34.00000000,34.05000000,6082.85000000,1631729759999,207048.01700000,184,4137.78000000,140866.48560000,0
1631729760000,34.04000000,34.07000000,34.01000000,34.04000000,2789.63000000,1631729819999,94974.37680000,96,1814.02000000,61765.12090000,0
1631729820000,34.03000000,34.05000000,33.94000000,34.00000000,8081.96000000,1631729879999,274791.21860000,295,4231.98000000,143948.97760000,0
1631729880000,34.00000000,34.05000000,33.99000000,34.03000000,2041.35000000,1631729939999,69443.11260000,611,1142.05000000,38862.19090000,0
1631729940000,34.02000000,34.05000000,33.92000000,33.93000000,3243.98000000,1631729999999,110218.78960000,195,483.44000000,16424.66510000,0
1631730000000,33.95000000,34.03000000,33.94000000,33.97000000,3559.40000000,1631730059999,120946.41350000,227,1210.23000000,41122.60810000,0
1631730060000,33.99000000,33.99000000,33.93000000,33.93000000,938.97000000,1631730119999,31880.49180000,74,494.49000000,16795.28570000,0
1631730120000,33.94000000,33.94000000,33.79000000,33.87000000,10702.27000000,1631730179999,362390.16390000,1242,5617.77000000,190227.48770000,0
1631730180000,33.87000000,33.89000000,33.84000000,33.86000000,2004.30000000,1631730239999,67867.69250000,102,478.60000000,16211.34760000,0
1631730240000,33.86000000,33.88000000,33.80000000,33.81000000,2804.34000000,1631730299999,94900.31780000,149,886.07000000,30000.80790000,0
1631730300000,33.83000000,33.84000000,33.78000000,33.79000000,3292.86000000,1631730359999,111310.70690000,185,777.26000000,26289.16020000,0
1631730360000,33.82000000,33.82000000,33.72000000,33.79000000,4525.57000000,1631730419999,152850.62570000,558,1527.73000000,51605.16120000,0
1631730420000,33.80000000,33.80000000,33.72000000,33.77000000,1774.11000000,1631730479999,59886.75790000,128,604.76000000,20421.38060000,0
1631730480000,33.76000000,33.78000000,33.72000000,33.75000000,2730.58000000,1631730539999,92156.38810000,124,1046.49000000,35332.17150000,0
1631730540000,33.74000000,33.88000000,33.73000000,33.81000000,6694.33000000,1631730599999,226251.99920000,735,5435.30000000,183712.37740000,0
1631730600000,33.81000000,34.01000000,33.81000000,33.95000000,6453.02000000,1631730659999,219051.41750000,787,5235.59000000,177742.36640000,0
1631730660000,33.95000000,34.06000000,33.90000000,33.91000000,7569.91000000,1631730719999,257190.59980000,267,1883.28000000,63958.61230000,0
1631730720000,33.91000000,33.94000000,33.78000000,33.80000000,3056.11000000,1631730779999,103457.12680000,193,1133.05000000,38396.07820000,0
1631730780000,33.79000000,33.98000000,33.78000000,33.89000000,4675.08000000,1631730839999,158439.09780000,200,1546.21000000,52422.24410000,0
1631730840000,33.87000000,33.89000000,33.76000000,33.78000000,1873.89000000,1631730899999,63351.99810000,162,258.14000000,8736.58750000,0
1631730900000,33.76000000,33.92000000,33.76000000,33.85000000,2963.84000000,1631730959999,100219.46610000,110,2208.74000000,74675.35020000,0
1631730960000,33.85000000,33.95000000,33.84000000,33.91000000,2020.67000000,1631731019999,68496.04970000,97,1336.23000000,45286.97880000,0
1631731020000,33.90000000,33.94000000,33.88000000,33.90000000,1620.34000000,1631731079999,54939.49710000,81,688.27000000,23344.07080000,0
1631731080000,33.89000000,33.92000000,33.88000000,33.91000000,1186.45000000,1631731139999,40211.82230000,72,469.07000000,15902.34010000,0
1631731140000,33.91000000,33.95000000,33.90000000,33.92000000,788.95000000,1631731199999,26761.57790000,76,428.27000000,14531.31720000,0
1631731200000,33.91000000,33.96000000,33.89000000,33.93000000,2124.58000000,1631731259999,72067.17300000,90,1424.95000000,48344.76960000,0
1631731260000,33.93000000,33.96000000,33.90000000,33.90000000,1176.80000000,1631731319999,39936.50590000,68,633.66000000,21506.71850000,0
1631731320000,33.89000000,33.92000000,33.89000000,33.90000000,595.10000000,1631731379999,20174.00050000,86,384.47000000,13035.73980000,0
1631731380000,33.90000000,33.96000000,33.90000000,33.96000000,1019.08000000,1631731439999,34577.08600000,116,947.04000000,32133.23980000,0
1631731440000,33.95000000,33.96000000,33.91000000,33.94000000,1370.71000000,1631731499999,46516.11780000,118,194.23000000,6593.67710000,0
1631731500000,33.94000000,33.99000000,33.86000000,33.97000000,9615.06000000,1631731559999,326124.17590000,245,7372.58000000,250086.56400000,0
1631731560000,33.95000000,34.07000000,33.93000000,34.05000000,4192.89000000,1631731619999,142589.61440000,235,2741.22000000,93211.07850000,0
1631731620000,34.04000000,34.06000000,33.94000000,34.02000000,5428.73000000,1631731679999,184544.07500000,181,2590.44000000,88058.88450000,0
1631731680000,34.04000000,34.06000000,34.02000000,34.03000000,825.06000000,1631731739999,28084.06110000,97,419.74000000,14289.03300000,0
1631731740000,34.05000000,34.05000000,34.00000000,34.00000000,2536.09000000,1631731799999,86277.58250000,129,306.68000000,10438.30130000,0
1631731800000,34.00000000,34.03000000,33.93000000,33.94000000,2821.65000000,1631731859999,95907.89160000,152,683.71000000,23243.56190000,0
1631731860000,33.96000000,34.08000000,33.96000000,34.03000000,5301.27000000,1631731919999,180391.58190000,183,4607.71000000,156798.97710000,0
1631731920000,34.02000000,34.05000000,33.98000000,34.03000000,1115.87000000,1631731979999,37961.48920000,91,623.96000000,21231.02150000,0
1631731980000,34.03000000,34.10000000,33.95000000,34.06000000,4546.98000000,1631732039999,154725.67760000,237,2339.32000000,79652.30330000,0
1631732040000,34.05000000,34.14000000,33.99000000,34.03000000,6254.89000000,1631732099999,213007.26380000,237,2048.50000000,69857.53570000,0
1631732100000,34.01000000,34.07000000,34.01000000,34.06000000,1252.79000000,1631732159999,42661.24430000,81,1108.76000000,37760.43840000,0
1631732160000,34.05000000,34.07000000,34.04000000,34.04000000,1522.14000000,1631732219999,51838.79650000,96,828.90000000,28234.89330000,0
1631732220000,34.04000000,34.05000000,34.00000000,34.01000000,1219.48000000,1631732279999,41476.23100000,68,141.32000000,4806.83640000,0
1631732280000,34.01000000,34.02000000,33.94000000,33.96000000,3312.21000000,1631732339999,112549.12570000,118,2224.44000000,75573.12940000,0
1631732340000,33.95000000,34.00000000,33.93000000,33.97000000,1249.89000000,1631732399999,42437.64640000,66,713.09000000,24212.58340000,0
1631732400000,33.96000000,34.05000000,33.96000000,34.05000000,1041.35000000,1631732459999,35399.64280000,80,600.62000000,20422.12580000,0
1631732460000,34.06000000,34.07000000,34.03000000,34.03000000,1413.52000000,1631732519999,48133.15630000,82,720.76000000,24546.71290000,0
1631732520000,34.04000000,34.06000000,34.02000000,34.06000000,879.72000000,1631732579999,29951.92860000,55,774.88000000,26383.15540000,0
1631732580000,34.04000000,34.06000000,34.00000000,34.02000000,1691.56000000,1631732639999,57553.70880000,80,67.25000000,2289.97860000,0
1631732640000,34.00000000,34.02000000,33.98000000,34.00000000,1326.32000000,1631732699999,45095.55350000,70,275.51000000,9370.32310000,0
1631732700000,34.02000000,34.06000000,34.01000000,34.02000000,1165.47000000,1631732759999,39675.03710000,53,937.21000000,31908.70540000,0
1631732760000,34.02000000,34.04000000,33.90000000,33.92000000,2329.38000000,1631732819999,79134.93460000,106,920.99000000,31297.73160000,0
1631732820000,33.92000000,33.92000000,33.80000000,33.82000000,2868.32000000,1631732879999,97075.79270000,201,1129.69000000,38238.33490000,0
1631732880000,33.82000000,33.91000000,33.82000000,33.91000000,2935.65000000,1631732939999,99411.66760000,104,1911.70000000,64733.60360000,0
1631732940000,33.89000000,33.91000000,33.83000000,33.88000000,2351.26000000,1631732999999,79636.39920000,71,1102.68000000,37339.30760000,0
1631733000000,33.86000000,33.90000000,33.85000000,33.86000000,2172.31000000,1631733059999,73595.57200000,75,513.95000000,17417.10600000,0
1631733060000,33.86000000,33.89000000,33.86000000,33.88000000,1820.96000000,1631733119999,61667.14470000,50,210.96000000,7147.37960000,0
1631733120000,33.87000000,33.90000000,33.86000000,33.90000000,1560.84000000,1631733179999,52883.40340000,67,1233.87000000,41810.36360000,0
1631733180000,33.90000000,33.91000000,33.87000000,33.91000000,511.77000000,1631733239999,17344.88280000,42,264.54000000,8968.10510000,0
1631733240000,33.91000000,33.93000000,33.90000000,33.93000000,412.04000000,1631733299999,13973.29200000,40,343.56000000,11651.37220000,0
1631733300000,33.93000000,33.93000000,33.88000000,33.90000000,1616.61000000,1631733359999,54814.38200000,72,854.75000000,28981.64820000,0
1631733360000,33.88000000,33.89000000,33.81000000,33.81000000,1576.48000000,1631733419999,53350.03050000,124,579.10000000,19601.24060000,0
1631733420000,33.84000000,33.90000000,33.82000000,33.87000000,861.57000000,1631733479999,29181.56080000,52,570.42000000,19324.52570000,0
1631733480000,33.88000000,33.88000000,33.80000000,33.83000000,841.95000000,1631733539999,28483.53110000,61,213.43000000,7222.06140000,0
1631733540000,33.80000000,33.85000000,33.79000000,33.80000000,3364.66000000,1631733599999,113788.28480000,71,1520.98000000,51459.01510000,0
1631733600000,33.80000000,33.85000000,33.79000000,33.79000000,2998.37000000,1631733659999,101390.41790000,71,2481.11000000,83900.99080000,0
1631733660000,33.80000000,33.87000000,33.77000000,33.85000000,2210.29000000,1631733719999,74729.20310000,101,1727.58000000,58410.21310000,0
1631733720000,33.87000000,33.87000000,33.79000000,33.79000000,1298.76000000,1631733779999,43913.58740000,55,564.89000000,19100.05170000,0
1631733780000,33.81000000,33.81000000,33.58000000,33.64000000,12587.09000000,1631733839999,423666.62980000,2483,3313.01000000,111457.67890000,0
1631733840000,33.64000000,33.72000000,33.63000000,33.69000000,2127.88000000,1631733899999,71642.57820000,470,853.84000000,28756.60940000,0
1631733900000,33.69000000,33.70000000,33.62000000,33.69000000,3329.42000000,1631733959999,112078.21370000,128,1681.60000000,56623.03700000,0
1631733960000,33.69000000,33.70000000,33.63000000,33.68000000,1494.98000000,1631734019999,50332.68910000,73,1036.71000000,34903.60690000,0
1631734020000,33.68000000,33.71000000,33.60000000,33.62000000,5902.94000000,1631734079999,198581.08570000,173,1104.87000000,37169.58740000,0
1631734080000,33.63000000,33.72000000,33.63000000,33.67000000,2141.97000000,1631734139999,72134.08570000,102,1652.54000000,55662.49770000,0
1631734140000,33.69000000,33.74000000,33.68000000,33.69000000,1211.08000000,1631734199999,40822.90560000,76,537.82000000,18128.89650000,0
1631734200000,33.69000000,33.74000000,33.69000000,33.73000000,1123.99000000,1631734259999,37897.07660000,74,638.14000000,21517.26290000,0
1631734260000,33.71000000,33.73000000,33.63000000,33.63000000,1876.72000000,1631734319999,63185.49330000,104,712.05000000,23977.21670000,0
1631734320000,33.65000000,33.69000000,33.62000000,33.64000000,4062.87000000,1631734379999,136734.52190000,118,3044.74000000,102467.79450000,0
1631734380000,33.66000000,33.72000000,33.64000000,33.70000000,2681.16000000,1631734439999,90324.75510000,94,1727.39000000,58197.99110000,0
1631734440000,33.70000000,33.72000000,33.67000000,33.71000000,960.08000000,1631734499999,32342.60430000,56,573.84000000,19333.65130000,0
1631734500000,33.69000000,33.82000000,33.69000000,33.82000000,3673.05000000,1631734559999,123986.34770000,771,3543.73000000,119618.29580000,0
1631734560000,33.82000000,33.84000000,33.75000000,33.75000000,5200.66000000,1631734619999,175772.76810000,147,2164.29000000,73186.79760000,0
1631734620000,33.75000000,33.77000000,33.70000000,33.75000000,4045.06000000,1631734679999,136459.59470000,115,1735.62000000,58564.88680000,0
1631734680000,33.75000000,33.81000000,33.75000000,33.81000000,3846.96000000,1631734739999,129937.25830000,88,3019.04000000,101960.20450000,0
1631734740000,33.81000000,33.85000000,33.79000000,33.85000000,1577.25000000,1631734799999,53342.71270000,88,1086.87000000,36765.42080000,0
1631734800000,33.86000000,33.86000000,33.78000000,33.81000000,1245.08000000,1631734859999,42113.75660000,68,229.75000000,7773.83850000,0
1631734860000,33.82000000,33.86000000,33.80000000,33.83000000,778.95000000,1631734919999,26344.26430000,58,484.59000000,16389.10690000,0
1631734920000,33.81000000,33.93000000,33.80000000,33.92000000,1577.02000000,1631734979999,53429.06060000,121,1154.26000000,39105.13550000,0
1631734980000,33.93000000,33.97000000,33.91000000,33.91000000,2912.58000000,1631735039999,98850.03440000,137,1316.05000000,44669.33400000,0
1631735040000,33.91000000,33.91000000,33.85000000,33.86000000,1662.60000000,1631735099999,56327.72290000,74,523.45000000,17730.46600000,0
1631735100000,33.86000000,33.88000000,33.81000000,33.81000000,1641.95000000,1631735159999,55577.07630000,62,910.59000000,30829.59180000,0
1631735160000,33.83000000,33.89000000,33.81000000,33.88000000,971.66000000,1631735219999,32881.26190000,51,399.79000000,13538.61930000,0
1631735220000,33.88000000,33.98000000,33.88000000,33.98000000,1000.97000000,1631735279999,33971.07250000,61,739.06000000,25087.50950000,0
1631735280000,33.96000000,34.03000000,33.95000000,34.02000000,5404.47000000,1631735339999,183734.60820000,722,2232.43000000,75887.59790000,0
1631735340000,34.02000000,34.05000000,33.97000000,33.99000000,2677.21000000,1631735399999,91065.90560000,911,670.99000000,22832.39090000,0
1631735400000,33.99000000,33.99000000,33.93000000,33.96000000,1828.33000000,1631735459999,62082.06760000,68,962.57000000,32686.36760000,0
1631735460000,33.96000000,33.96000000,33.86000000,33.86000000,874.12000000,1631735519999,29646.82400000,57,374.87000000,12723.71550000,0
1631735520000,33.85000000,33.91000000,33.85000000,33.91000000,528.66000000,1631735579999,17907.41380000,49,265.20000000,8984.33610000,0
1631735580000,33.91000000,33.93000000,33.91000000,33.93000000,538.40000000,1631735639999,18260.66010000,41,386.86000000,13120.37840000,0
1631735640000,33.92000000,33.95000000,33.92000000,33.94000000,893.71000000,1631735699999,30325.08560000,38,491.83000000,16690.17840000,0
1631735700000,33.95000000,33.96000000,33.91000000,33.91000000,546.47000000,1631735759999,18547.37970000,40,312.43000000,10606.62140000,0
1631735760000,33.91000000,33.95000000,33.87000000,33.89000000,2020.10000000,1631735819999,68500.37680000,60,222.93000000,7563.60990000,0
1631735820000,33.86000000,33.91000000,33.82000000,33.91000000,3094.73000000,1631735879999,104805.56560000,124,1758.86000000,59551.11050000,0
1631735880000,33.91000000,33.91000000,33.85000000,33.90000000,902.73000000,1631735939999,30595.69790000,38,646.39000000,21912.06190000,0
1631735940000,33.91000000,33.98000000,33.91000000,33.98000000,3471.09000000,1631735999999,117803.12340000,120,2837.09000000,96280.17560000,0
1631736000000,33.96000000,33.98000000,33.92000000,33.96000000,629.45000000,1631736059999,21376.47290000,160,459.64000000,15612.92360000,0
1631736060000,33.96000000,34.08000000,33.96000000,34.06000000,4525.88000000,1631736119999,153926.46240000,178,4273.22000000,145337.16420000,0
1631736120000,34.05000000,34.09000000,34.00000000,34.03000000,4433.52000000,1631736179999,150985.85720000,248,2921.84000000,99528.76830000,0
1631736180000,34.02000000,34.05000000,34.01000000,34.05000000,611.07000000,1631736239999,20795.81980000,55,377.82000000,12859.91370000,0
1631736240000,34.03000000,34.10000000,34.03000000,34.06000000,2173.72000000,1631736299999,74042.91350000,103,817.55000000,27853.80900000,0
1631736300000,34.06000000,34.08000000,34.04000000,34.08000000,1646.53000000,1631736359999,56090.80160000,85,1523.24000000,51893.00830000,0
1631736360000,34.06000000,34.08000000,34.04000000,34.06000000,1944.44000000,1631736419999,66223.74020000,92,1185.04000000,40366.77400000,0
1631736420000,34.06000000,34.06000000,33.98000000,34.02000000,2285.88000000,1631736479999,77785.16510000,81,838.69000000,28548.16560000,0
1631736480000,34.02000000,34.07000000,33.98000000,34.02000000,2020.82000000,1631736539999,68739.84410000,82,988.77000000,33644.59880000,0
1631736540000,34.02000000,34.03000000,33.99000000,34.02000000,833.87000000,1631736599999,28361.21620000,53,312.11000000,10618.04320000,0
1631736600000,34.02000000,34.02000000,33.89000000,33.91000000,3173.43000000,1631736659999,107737.23960000,137,624.49000000,21182.20730000,0
1631736660000,33.90000000,33.91000000,33.81000000,33.82000000,2320.71000000,1631736719999,78575.81830000,144,708.55000000,23983.58480000,0
1631736720000,33.80000000,33.89000000,33.79000000,33.87000000,2662.23000000,1631736779999,90099.11170000,142,1770.98000000,59947.38710000,0
1631736780000,33.87000000,33.88000000,33.72000000,33.76000000,3703.43000000,1631736839999,125110.07780000,198,686.86000000,23198.74240000,0
1631736840000,33.76000000,33.78000000,33.71000000,33.73000000,4331.04000000,1631736899999,146084.44870000,178,2237.33000000,75472.44050000,0
1631736900000,33.73000000,33.81000000,33.72000000,33.79000000,1593.78000000,1631736959999,53839.78030000,472,1297.02000000,43821.19820000,0
1631736960000,33.80000000,33.80000000,33.76000000,33.77000000,922.52000000,1631737019999,31169.69360000,84,450.90000000,15238.96060000,0
1631737020000,33.78000000,33.78000000,33.74000000,33.77000000,2295.65000000,1631737079999,77509.56880000,129,1122.66000000,37913.90730000,0
1631737080000,33.77000000,33.80000000,33.76000000,33.79000000,691.33000000,1631737139999,23351.41980000,65,328.48000000,11094.83770000,0
1631737140000,33.79000000,33.80000000,33.76000000,33.78000000,1113.72000000,1631737199999,37631.51430000,68,686.94000000,23215.67930000,0
1631737200000,33.77000000,33.78000000,33.66000000,33.70000000,3726.01000000,1631737259999,125553.36610000,202,1446.57000000,48739.92070000,0
1631737260000,33.69000000,33.76000000,33.67000000,33.69000000,5513.75000000,1631737319999,185832.49400000,1145,4271.49000000,143977.39050000,0
1631737320000,33.70000000,33.71000000,33.62000000,33.65000000,1486.36000000,1631737379999,50044.92910000,139,516.27000000,17386.64600000,0
1631737380000,33.65000000,33.65000000,33.59000000,33.63000000,3823.29000000,1631737439999,128509.99260000,157,3034.68000000,102005.03090000,0
1631737440000,33.63000000,33.67000000,33.60000000,33.62000000,3086.71000000,1631737499999,103804.24760000,182,1307.13000000,43969.41180000,0
1631737500000,33.61000000,33.62000000,33.51000000,33.54000000,3003.59000000,1631737559999,100787.26790000,358,875.75000000,29389.23710000,0
1631737560000,33.53000000,33.60000000,33.52000000,33.57000000,3423.78000000,1631737619999,114879.12190000,629,2639.40000000,88578.59330000,0
1631737620000,33.56000000,33.63000000,33.50000000,33.50000000,8259.90000000,1631737679999,277038.57090000,921,969.94000000,32582.21820000,0
1631737680000,33.53000000,33.55000000,33.45000000,33.50000000,5289.39000000,1631737739999,177186.37950000,404,1074.55000000,36019.76250000,0
1631737740000,33.49000000,33.56000000,33.49000000,33.56000000,1796.97000000,1631737799999,60261.43830000,223,1704.40000000,57158.33140000,0
1631737800000,33.55000000,33.59000000,33.50000000,33.52000000,2129.50000000,1631737859999,71439.33770000,149,1205.89000000,40470.66430000,0
1631737860000,33.51000000,33.51000000,33.47000000,33.49000000,1185.32000000,1631737919999,39689.41880000,112,236.31000000,7915.81750000,0
1631737920000,33.50000000,33.50000000,33.40000000,33.42000000,7362.45000000,1631737979999,246155.18420000,394,2737.38000000,91510.53970000,0
1631737980000,33.42000000,33.47000000,33.40000000,33.44000000,2975.26000000,1631738039999,99480.21860000,181,1447.38000000,48399.51390000,0
1631738040000,33.43000000,33.46000000,33.42000000,33.45000000,673.40000000,1631738099999,22522.17620000,48,471.24000000,15762.29260000,0
1631738100000,33.45000000,33.54000000,33.45000000,33.54000000,1108.66000000,1631738159999,37138.55860000,141,973.61000000,32617.76650000,0
1631738160000,33.53000000,33.55000000,33.51000000,33.51000000,950.83000000,1631738219999,31880.76340000,90,625.09000000,20962.62850000,0
1631738220000,33.51000000,33.62000000,33.49000000,33.61000000,6293.30000000,1631738279999,211137.82510000,822,3369.02000000,113079.62340000,0
1631738280000,33.60000000,33.60000000,33.47000000,33.53000000,1973.75000000,1631738339999,66140.08860000,140,864.03000000,28963.27710000,0
1631738340000,33.54000000,33.58000000,33.52000000,33.57000000,2137.62000000,1631738399999,71737.08420000,89,2009.42000000,67437.67210000,0
1631738400000,33.57000000,33.66000000,33.57000000,33.62000000,7253.22000000,1631738459999,243923.14420000,235,5546.14000000,186540.46480000,0
1631738460000,33.60000000,33.63000000,33.57000000,33.61000000,1508.68000000,1631738519999,50688.11880000,97,992.58000000,33348.24150000,0
1631738520000,33.62000000,33.62000000,33.55000000,33.61000000,860.76000000,1631738579999,28904.06510000,112,596.12000000,20017.52810000,0
1631738580000,33.60000000,33.62000000,33.57000000,33.59000000,2312.10000000,1631738639999,77670.57900000,89,509.37000000,17118.86150000,0
1631738640000,33.59000000,33.63000000,33.57000000,33.58000000,2158.86000000,1631738699999,72534.32060000,94,899.56000000,30229.97950000,0
1631738700000,33.57000000,33.58000000,33.49000000,33.51000000,1193.53000000,1631738759999,40004.96330000,124,404.80000000,13568.01160000,0
1631738760000,33.50000000,33.55000000,33.50000000,33.53000000,1122.95000000,1631738819999,37656.41350000,94,940.95000000,31555.54310000,0
1631738820000,33.53000000,33.54000000,33.51000000,33.53000000,1001.91000000,1631738879999,33585.48600000,84,785.93000000,26345.86610000,0
1631738880000,33.52000000,33.54000000,33.51000000,33.52000000,835.94000000,1631738939999,28020.80180000,77,266.05000000,8921.01720000,0
1631738940000,33.51000000,33.52000000,33.50000000,33.51000000,756.06000000,1631738999999,25333.76040000,73,149.33000000,5004.79400000,0
1631739000000,33.50000000,33.52000000,33.48000000,33.52000000,916.93000000,1631739059999,30719.65190000,98,416.91000000,13971.60580000,0
1631739060000,33.52000000,33.52000000,33.44000000,33.46000000,2958.17000000,1631739119999,99083.86340000,136,1425.95000000,47771.28140000,0
1631739120000,33.46000000,33.48000000,33.41000000,33.48000000,1434.18000000,1631739179999,47961.42990000,101,596.01000000,19940.89900000,0
1631739180000,33.48000000,33.53000000,33.46000000,33.49000000,1198.57000000,1631739239999,40138.40040000,95,649.94000000,21769.85450000,0
1631739240000,33.47000000,33.47000000,33.41000000,33.41000000,1854.30000000,1631739299999,61987.30680000,127,736.68000000,24635.36210000,0
1631739300000,33.41000000,33.41000000,33.33000000,33.40000000,6741.14000000,1631739359999,224898.77240000,646,3066.63000000,102283.29660000,0
1631739360000,33.40000000,33.49000000,33.38000000,33.41000000,2069.63000000,1631739419999,69208.92330000,1107,1363.03000000,45596.74430000,0
1631739420000,33.43000000,33.44000000,33.36000000,33.39000000,1673.53000000,1631739479999,55892.21950000,186,575.94000000,19248.91660000,0
1631739480000,33.38000000,33.44000000,33.36000000,33.40000000,1317.22000000,1631739539999,43997.74260000,102,785.42000000,26240.18060000,0
1631739540000,33.40000000,33.43000000,33.38000000,33.38000000,994.71000000,1631739599999,33213.56860000,99,253.30000000,8460.62140000,0
1631739600000,33.37000000,33.40000000,33.34000000,33.37000000,1262.00000000,1631739659999,42115.19870000,113,720.28000000,24038.82800000,0
1631739660000,33.35000000,33.40000000,33.31000000,33.40000000,2647.83000000,1631739719999,88293.32780000,613,1027.30000000,34268.87120000,0
1631739720000,33.38000000,33.46000000,33.36000000,33.42000000,2352.77000000,1631739779999,78605.04380000,161,1179.06000000,39408.56000000,0
1631739780000,33.45000000,33.49000000,33.41000000,33.46000000,2772.44000000,1631739839999,92724.53770000,451,1827.22000000,61130.09890000,0
1631739840000,33.43000000,33.53000000,33.43000000,33.51000000,2290.79000000,1631739899999,76717.60820000,118,1966.00000000,65842.87450000,0
1631739900000,33.50000000,33.53000000,33.44000000,33.44000000,827.92000000,1631739959999,27723.04620000,64,132.03000000,4423.26360000,0
1631739960000,33.45000000,33.46000000,33.39000000,33.40000000,1410.67000000,1631740019999,47155.66750000,87,247.47000000,8277.49430000,0
1631740020000,33.42000000,33.43000000,33.36000000,33.36000000,614.02000000,1631740079999,20503.86340000,59,210.94000000,7047.11720000,0
1631740080000,33.36000000,33.38000000,33.32000000,33.33000000,921.15000000,1631740139999,30713.47670000,67,128.86000000,4296.86170000,0
1631740140000,33.34000000,33.35000000,33.26000000,33.32000000,6122.60000000,1631740199999,203899.04580000,891,3593.64000000,119706.15320000,0
1631740200000,33.33000000,33.34000000,33.31000000,33.32000000,500.38000000,1631740259999,16673.85970000,73,270.74000000,9023.88170000,0
1631740260000,33.32000000,33.34000000,33.28000000,33.30000000,1399.17000000,1631740319999,46607.42600000,90,743.03000000,24755.71140000,0
1631740320000,33.31000000,33.43000000,33.31000000,33.43000000,2779.28000000,1631740379999,92755.19110000,256,2248.35000000,75044.20800000,0
1631740380000,33.43000000,33.44000000,33.39000000,33.41000000,521.12000000,1631740439999,17419.20650000,84,375.02000000,12536.91150000,0
1631740440000,33.41000000,33.43000000,33.37000000,33.42000000,1065.49000000,1631740499999,35594.96490000,90,576.93000000,19278.90760000,0
1631740500000,33.42000000,33.52000000,33.40000000,33.49000000,2598.03000000,1631740559999,86949.17320000,162,2219.72000000,74293.17240000,0
1631740560000,33.49000000,33.51000000,33.41000000,33.42000000,838.69000000,1631740619999,28067.40360000,72,457.97000000,15334.18120000,0
1631740620000,33.42000000,33.42000000,33.38000000,33.40000000,956.80000000,1631740679999,31957.52410000,47,203.43000000,6798.12100000,0
1631740680000,33.40000000,33.41000000,33.38000000,33.39000000,653.68000000,1631740739999,21829.32610000,64,303.04000000,10121.76900000,0
1631740740000,33.40000000,33.43000000,33.38000000,33.42000000,1391.68000000,1631740799999,46487.78800000,68,824.11000000,27531.65770000,0
1631740800000,33.41000000,33.42000000,33.37000000,33.41000000,1526.10000000,1631740859999,50957.22590000,108,762.39000000,25461.09970000,0
1631740860000,33.41000000,33.49000000,33.41000000,33.49000000,1111.65000000,1631740919999,37190.60920000,66,919.83000000,30778.21520000,0
1631740920000,33.49000000,33.50000000,33.46000000,33.47000000,2067.95000000,1631740979999,69243.29810000,83,1685.00000000,56423.09270000,0
1631740980000,33.48000000,33.48000000,33.46000000,33.47000000,763.28000000,1631741039999,25547.62360000,55,458.07000000,15334.45870000,0
1631741040000,33.47000000,33.54000000,33.43000000,33.54000000,1793.05000000,1631741099999,60043.74880000,136,1449.53000000,48551.19470000,0
1631741100000,33.54000000,33.57000000,33.51000000,33.55000000,2470.49000000,1631741159999,82877.14210000,131,1430.60000000,47998.84550000,0
1631741160000,33.55000000,33.59000000,33.53000000,33.59000000,1435.23000000,1631741219999,48167.76970000,84,1303.09000000,43733.93940000,0
1631741220000,33.60000000,33.67000000,33.58000000,33.65000000,4868.97000000,1631741279999,163846.20740000,186,3827.46000000,128811.22540000,0
1631741280000,33.64000000,33.66000000,33.58000000,33.61000000,3628.09000000,1631741339999,121994.35940000,156,1804.72000000,60717.23940000,0
1631741340000,33.60000000,33.62000000,33.52000000,33.55000000,2863.05000000,1631741399999,96122.44880000,123,1666.46000000,55935.99990000,0
1631741400000,33.56000000,33.60000000,33.51000000,33.59000000,4073.77000000,1631741459999,136646.51560000,155,2008.67000000,67405.36520000,0
1631741460000,33.60000000,33.64000000,33.59000000,33.63000000,861.84000000,1631741519999,28972.94570000,51,640.43000000,21530.84280000,0
1631741520000,33.63000000,33.63000000,33.60000000,33.62000000,1415.53000000,1631741579999,47578.43950000,76,393.83000000,13242.88990000,0
1631741580000,33.63000000,33.63000000,33.60000000,33.62000000,500.72000000,1631741639999,16831.59960000,53,224.85000000,7559.80630000,0
1631741640000,33.63000000,33.63000000,33.58000000,33.61000000,1778.35000000,1631741699999,59749.85210000,99,739.89000000,24865.61510000,0
1631741700000,33.59000000,33.60000000,33.58000000,33.60000000,1432.62000000,1631741759999,48126.04070000,74,714.36000000,24002.28730000,0
1631741760000,33.60000000,33.62000000,33.59000000,33.61000000,702.14000000,1631741819999,23596.02700000,58,567.43000000,19070.06700000,0
1631741820000,33.62000000,33.65000000,33.60000000,33.63000000,3614.60000000,1631741879999,121546.38620000,139,2175.54000000,73175.92460000,0
1631741880000,33.61000000,33.69000000,33.61000000,33.67000000,2001.59000000,1631741939999,67345.35700000,85,1154.29000000,38837.71450000,0
1631741940000,33.69000000,33.70000000,33.65000000,33.70000000,1130.37000000,1631741999999,38058.99460000,88,376.34000000,12676.02350000,0
1631742000000,33.70000000,33.74000000,33.69000000,33.74000000,1357.05000000,1631742059999,45754.52210000,481,820.82000000,27673.34680000,0
1631742060000,33.74000000,33.77000000,33.72000000,33.75000000,2790.29000000,1631742119999,94157.71700000,190,1735.48000000,58580.51650000,0
1631742120000,33.75000000,33.80000000,33.75000000,33.79000000,3340.92000000,1631742179999,112841.20170000,344,1767.57000000,59711.60490000,0
1631742180000,33.79000000,33.79000000,33.76000000,33.77000000,1053.55000000,1631742239999,35586.08600000,65,356.90000000,12058.82130000,0
1631742240000,33.76000000,33.76000000,33.66000000,33.67000000,2724.52000000,1631742299999,91790.08610000,147,727.65000000,24510.84210000,0
1631742300000,33.67000000,33.75000000,33.61000000,33.75000000,3130.22000000,1631742359999,105343.53520000,137,1916.38000000,64485.89370000,0
1631742360000,33.73000000,33.76000000,33.73000000,33.74000000,1262.92000000,1631742419999,42621.48170000,81,808.30000000,27280.82150000,0
1631742420000,33.71000000,33.72000000,33.65000000,33.66000000,963.15000000,1631742479999,32444.64620000,68,254.23000000,8563.19190000,0
1631742480000,33.68000000,33.78000000,33.66000000,33.78000000,2425.10000000,1631742539999,81786.09690000,103,2061.84000000,69543.81370000,0
1631742540000,33.77000000,33.80000000,33.74000000,33.76000000,4030.84000000,1631742599999,136139.80250000,119,3184.25000000,107567.93770000,0
1631742600000,33.76000000,33.76000000,33.70000000,33.72000000,1023.94000000,1631742659999,34535.79040000,68,299.21000000,10088.35200000,0
1631742660000,33.72000000,33.81000000,33.72000000,33.75000000,3525.05000000,1631742719999,119026.91140000,165,3100.14000000,104675.97560000,0
1631742720000,33.73000000,33.78000000,33.73000000,33.77000000,652.36000000,1631742779999,22026.77320000,43,608.94000000,20561.36690000,0
1631742780000,33.77000000,33.78000000,33.70000000,33.70000000,2400.66000000,1631742839999,80979.68400000,94,781.58000000,26359.01080000,0
1631742840000,33.71000000,33.78000000,33.70000000,33.78000000,1416.61000000,1631742899999,47803.25370000,97,840.96000000,28388.97570000,0
1631742900000,33.78000000,33.82000000,33.76000000,33.81000000,3099.13000000,1631742959999,104739.77940000,136,2648.45000000,89516.22200000,0
1631742960000,33.81000000,33.82000000,33.79000000,33.79000000,2911.15000000,1631743019999,98390.55410000,89,451.00000000,15250.82650000,0
1631743020000,33.81000000,33.81000000,33.73000000,33.75000000,2173.75000000,1631743079999,73384.39250000,84,239.38000000,8083.13960000,0
1631743080000,33.76000000,33.76000000,33.60000000,33.73000000,7301.49000000,1631743139999,245953.53190000,225,667.44000000,22503.11720000,0
1631743140000,33.72000000,33.73000000,33.71000000,33.73000000,524.33000000,1631743199999,17682.94710000,37,321.88000000,10856.91800000,0
1631743200000,33.73000000,33.74000000,33.70000000,33.72000000,1110.39000000,1631743259999,37444.96810000,66,210.32000000,7095.76310000,0
1631743260000,33.72000000,33.73000000,33.68000000,33.72000000,2119.84000000,1631743319999,71460.31870000,67,436.44000000,14710.98500000,0
1631743320000,33.70000000,33.73000000,33.70000000,33.71000000,774.38000000,1631743379999,26100.97310000,81,303.35000000,10226.68060000,0
1631743380000,33.72000000,33.72000000,33.68000000,33.68000000,666.26000000,1631743439999,22451.44280000,62,204.25000000,6884.62150000,0
1631743440000,33.67000000,33.75000000,33.65000000,33.71000000,3430.92000000,1631743499999,115625.31060000,106,2586.76000000,87186.53910000,0
1631743500000,33.72000000,33.73000000,33.68000000,33.68000000,1600.71000000,1631743559999,53965.38900000,60,291.18000000,9817.64270000,0
1631743560000,33.70000000,33.70000000,33.66000000,33.70000000,474.82000000,1631743619999,15991.71660000,48,185.31000000,6241.33260000,0
1631743620000,33.70000000,33.72000000,33.67000000,33.69000000,1126.22000000,1631743679999,37945.01420000,61,197.94000000,6669.91630000,0
1631743680000,33.70000000,33.70000000,33.64000000,33.66000000,1099.59000000,1631743739999,37015.96670000,60,439.30000000,14795.42770000,0
1631743740000,33.67000000,33.76000000,33.65000000,33.76000000,4778.61000000,1631743799999,161154.50600000,135,4362.68000000,147150.63570000,0
1631743800000,33.76000000,33.79000000,33.71000000,33.74000000,1130.10000000,1631743859999,38144.82000000,93,634.25000000,21415.71610000,0
1631743860000,33.74000000,33.83000000,33.74000000,33.81000000,2228.77000000,1631743919999,75304.07910000,117,1627.37000000,54988.31420000,0
1631743920000,33.82000000,33.83000000,33.79000000,33.81000000,2544.26000000,1631743979999,86032.62690000,107,800.55000000,27077.61950000,0
1631743980000,33.83000000,33.89000000,33.82000000,33.87000000,4111.17000000,1631744039999,139164.49230000,278,3040.61000000,102929.93120000,0
1631744040000,33.85000000,33.86000000,33.73000000,33.74000000,3978.13000000,1631744099999,134407.58620000,192,466.97000000,15763.53910000,0
1631744100000,33.73000000,33.80000000,33.73000000,33.79000000,889.08000000,1631744159999,30015.44970000,50,679.25000000,22934.70850000,0
1631744160000,33.79000000,33.79000000,33.70000000,33.71000000,1106.57000000,1631744219999,37324.36610000,73,275.11000000,9275.63480000,0
1631744220000,33.71000000,33.84000000,33.71000000,33.83000000,2284.23000000,1631744279999,77160.89650000,99,1901.33000000,64234.83230000,0
1631744280000,33.84000000,33.88000000,33.81000000,33.81000000,925.00000000,1631744339999,31308.16930000,60,486.43000000,16463.30240000,0
1631744340000,33.82000000,33.83000000,33.75000000,33.79000000,843.25000000,1631744399999,28491.89830000,67,516.37000000,17448.21140000,0
1631744400000,33.79000000,33.82000000,33.74000000,33.75000000,1060.96000000,1631744459999,35825.99500000,65,83.60000000,2826.06630000,0
1631744460000,33.75000000,33.77000000,33.72000000,33.74000000,788.47000000,1631744519999,26608.16560000,58,436.21000000,14723.23980000,0
1631744520000,33.75000000,33.76000000,33.72000000,33.72000000,788.59000000,1631744579999,26600.79100000,48,290.29000000,9794.12430000,0
1631744580000,33.73000000,33.84000000,33.73000000,33.82000000,2053.38000000,1631744639999,69370.40400000,100,1789.00000000,60435.12910000,0
1631744640000,33.82000000,33.83000000,33.74000000,33.77000000,2158.43000000,1631744699999,72871.86840000,55,140.30000000,4744.72800000,0
1631744700000,33.77000000,33.83000000,33.72000000,33.80000000,4495.11000000,1631744759999,151722.34290000,124,1936.77000000,65395.37440000,0
1631744760000,33.77000000,33.81000000,33.73000000,33.78000000,2261.38000000,1631744819999,76322.88410000,67,703.65000000,23757.12700000,0
1631744820000,33.77000000,33.77000000,33.73000000,33.75000000,392.82000000,1631744879999,13256.72540000,42,285.67000000,9641.40820000,0
1631744880000,33.75000000,33.76000000,33.68000000,33.70000000,3471.40000000,1631744939999,117011.55000000,107,1410.09000000,47525.47120000,0
1631744940000,33.69000000,33.71000000,33.64000000,33.67000000,1114.35000000,1631744999999,37529.97250000,58,705.71000000,23775.68320000,0
1631745000000,33.65000000,33.68000000,33.59000000,33.61000000,1276.61000000,1631745059999,42920.78350000,101,551.58000000,18548.18990000,0
1631745060000,33.61000000,33.66000000,33.59000000,33.62000000,2051.18000000,1631745119999,68983.26410000,79,877.49000000,29512.21620000,0
1631745120000,33.63000000,33.72000000,33.63000000,33.68000000,1297.32000000,1631745179999,43688.56030000,77,916.44000000,30857.57850000,0
1631745180000,33.70000000,33.71000000,33.67000000,33.68000000,1066.58000000,1631745239999,35935.16040000,57,662.49000000,22326.43980000,0
1631745240000,33.69000000,33.77000000,33.68000000,33.76000000,1288.07000000,1631745299999,43440.40460000,67,1080.59000000,36443.90330000,0
1631745300000,33.76000000,33.79000000,33.72000000,33.72000000,987.26000000,1631745359999,33329.62890000,80,432.59000000,14608.70600000,0
1631745360000,33.72000000,33.76000000,33.71000000,33.72000000,670.44000000,1631745419999,22615.42500000,39,228.61000000,7713.94840000,0
1631745420000,33.71000000,33.87000000,33.71000000,33.80000000,4832.58000000,1631745479999,163397.45060000,158,4033.76000000,136392.92880000,0
1631745480000,33.79000000,33.84000000,33.76000000,33.84000000,1923.27000000,1631745539999,64990.86170000,62,1442.65000000,48757.29750000,0
1631745540000,33.84000000,33.87000000,33.79000000,33.84000000,3252.21000000,1631745599999,109996.38650000,102,327.31000000,11074.70230000,0
1631745600000,33.81000000,33.81000000,33.67000000,33.72000000,12596.13000000,1631745659999,424928.68030000,160,1460.64000000,49278.79830000,0
1631745660000,33.70000000,33.83000000,33.70000000,33.82000000,1979.51000000,1631745719999,66840.49210000,95,1790.54000000,60461.59190000,0
1631745720000,33.83000000,33.88000000,33.81000000,33.81000000,1509.87000000,1631745779999,51111.37790000,91,770.79000000,26099.86450000,0
1631745780000,33.81000000,33.88000000,33.81000000,33.81000000,2574.93000000,1631745839999,87128.51130000,62,621.35000000,21034.70190000,0
1631745840000,33.80000000,33.82000000,33.73000000,33.82000000,1309.60000000,1631745899999,44215.26810000,62,932.94000000,31496.32050000,0
1631745900000,33.80000000,33.90000000,33.79000000,33.87000000,3784.41000000,1631745959999,128110.85540000,153,1607.52000000,54408.86140000,0
1631745960000,33.89000000,33.96000000,33.83000000,33.95000000,9607.18000000,1631746019999,325665.47590000,381,7638.28000000,258943.92030000,0
1631746020000,33.94000000,34.05000000,33.91000000,34.03000000,5688.07000000,1631746079999,193358.25550000,1456,3196.41000000,108687.19120000,0
1631746080000,34.03000000,34.03000000,33.93000000,33.97000000,2665.43000000,1631746139999,90586.94660000,116,1873.88000000,63689.28170000,0
1631746140000,33.98000000,34.00000000,33.96000000,33.97000000,901.36000000,1631746199999,30625.81330000,79,562.44000000,19111.51470000,0
1631746200000,33.97000000,34.20000000,33.95000000,34.16000000,11258.41000000,1631746259999,383703.06280000,1817,7141.68000000,243306.26410000,0
1631746260000,34.16000000,34.27000000,34.12000000,34.22000000,6237.37000000,1631746319999,213329.95470000,1983,3812.82000000,130452.76560000,0
1631746320000,34.21000000,34.22000000,34.04000000,34.11000000,4427.63000000,1631746379999,150995.16230000,256,1937.09000000,66077.88360000,0
1631746380000,34.12000000,34.16000000,34.06000000,34.11000000,3094.84000000,1631746439999,105569.32970000,144,1702.90000000,58084.45870000,0
1631746440000,34.12000000,34.15000000,34.11000000,34.15000000,936.59000000,1631746499999,31970.84420000,83,825.33000000,28174.19430000,0
1631746500000,34.15000000,34.15000000,34.03000000,34.10000000,1960.43000000,1631746559999,66839.44500000,154,1306.57000000,44546.73500000,0
1631746560000,34.11000000,34.11000000,34.04000000,34.05000000,1078.50000000,1631746619999,36751.37680000,78,369.94000000,12606.48720000,0
1631746620000,34.04000000,34.07000000,34.00000000,34.06000000,3060.01000000,1631746679999,104128.38140000,143,2049.24000000,69724.39510000,0
1631746680000,34.09000000,34.18000000,34.08000000,34.18000000,799.92000000,1631746739999,27296.50500000,73,510.77000000,17427.38440000,0
1631746740000,34.17000000,34.39000000,34.15000000,34.39000000,17242.79000000,1631746799999,591110.40020000,2444,7176.48000000,245920.79030000,0
1631746800000,34.37000000,34.39000000,34.26000000,34.35000000,6919.45000000,1631746859999,237438.52180000,468,2605.39000000,89424.95360000,0
1631746860000,34.35000000,34.36000000,34.18000000,34.20000000,5474.90000000,1631746919999,187720.03950000,187,765.36000000,26254.70810000,0
1631746920000,34.18000000,34.26000000,34.16000000,34.22000000,2788.70000000,1631746979999,95425.89440000,127,1552.34000000,53111.03830000,0
1631746980000,34.24000000,34.27000000,34.19000000,34.20000000,2002.01000000,1631747039999,68530.18180000,84,1356.77000000,46455.25000000,0
1631747040000,34.22000000,34.41000000,34.20000000,34.39000000,4988.68000000,1631747099999,171114.44210000,359,3302.88000000,113261.38310000,0
1631747100000,34.39000000,34.41000000,34.22000000,34.27000000,8175.16000000,1631747159999,280496.70240000,365,4345.55000000,149111.13780000,0
1631747160000,34.27000000,34.33000000,34.22000000,34.31000000,2785.26000000,1631747219999,95466.28360000,124,1130.48000000,38743.36350000,0
1631747220000,34.30000000,34.33000000,34.23000000,34.24000000,3049.20000000,1631747279999,104592.81560000,89,1748.89000000,60001.14490000,0
1631747280000,34.22000000,34.27000000,34.19000000,34.24000000,1801.38000000,1631747339999,61648.40550000,97,993.35000000,33999.89330000,0
1631747340000,34.23000000,34.33000000,34.23000000,34.33000000,2285.54000000,1631747399999,78394.09590000,87,1954.37000000,67039.61840000,0
1631747400000,34.33000000,34.33000000,34.26000000,34.30000000,4062.68000000,1631747459999,139359.28560000,115,2311.23000000,79300.41700000,0
1631747460000,34.28000000,34.31000000,34.26000000,34.26000000,1414.53000000,1631747519999,48502.99520000,77,534.03000000,18312.17980000,0
1631747520000,34.28000000,34.29000000,34.15000000,34.16000000,1647.58000000,1631747579999,56338.11010000,76,190.88000000,6526.14500000,0
1631747580000,34.15000000,34.16000000,33.99000000,34.11000000,14361.42000000,1631747639999,488877.38220000,496,6733.04000000,229073.92120000,0
1631747640000,34.09000000,34.13000000,34.01000000,34.09000000,3778.88000000,1631747699999,128800.91350000,144,2638.57000000,89957.47030000,0
1631747700000,34.09000000,34.09000000,34.03000000,34.07000000,1742.93000000,1631747759999,59372.19990000,103,1105.71000000,37671.98160000,0
1631747760000,34.09000000,34.13000000,34.00000000,34.08000000,3002.36000000,1631747819999,102294.99480000,110,1848.63000000,63023.72340000,0
1631747820000,34.09000000,34.09000000,33.99000000,33.99000000,1835.58000000,1631747879999,62456.26880000,74,346.34000000,11795.19260000,0
1631747880000,34.02000000,34.08000000,34.01000000,34.08000000,1364.56000000,1631747939999,46444.17310000,77,1079.44000000,36741.59490000,0
1631747940000,34.05000000,34.08000000,33.93000000,33.93000000,3156.49000000,1631747999999,107338.53260000,163,833.72000000,28385.66900000,0
1631748000000,33.95000000,34.02000000,33.88000000,33.91000000,2361.44000000,1631748059999,80187.82040000,194,609.35000000,20709.67080000,0
1631748060000,33.87000000,33.87000000,33.72000000,33.82000000,11797.28000000,1631748119999,398524.27710000,1057,2888.00000000,97610.97810000,0
1631748120000,33.86000000,33.95000000,33.84000000,33.92000000,1716.90000000,1631748179999,58175.54930000,221,1073.72000000,36380.65620000,0
1631748180000,33.92000000,33.93000000,33.85000000,33.89000000,670.72000000,1631748239999,22724.76010000,55,456.94000000,15484.25360000,0
1631748240000,33.90000000,33.95000000,33.86000000,33.86000000,2083.53000000,1631748299999,70671.11920000,78,1477.38000000,50107.12920000,0
1631748300000,33.88000000,33.93000000,33.84000000,33.87000000,2850.52000000,1631748359999,96516.95080000,91,466.68000000,15811.48790000,0
1631748360000,33.87000000,33.88000000,33.78000000,33.84000000,5290.69000000,1631748419999,178924.95150000,192,2284.80000000,77274.27660000,0
1631748420000,33.83000000,33.84000000,33.77000000,33.79000000,537.99000000,1631748479999,18191.72840000,48,135.01000000,4563.81060000,0
1631748480000,33.80000000,33.80000000,33.69000000,33.79000000,4110.71000000,1631748539999,138649.06440000,1254,1276.50000000,43080.19790000,0
1631748540000,33.79000000,33.82000000,33.76000000,33.76000000,1059.35000000,1631748599999,35802.60540000,60,281.57000000,9520.05700000,0
1631748600000,33.77000000,33.82000000,33.73000000,33.74000000,2627.52000000,1631748659999,88765.92880000,166,1595.92000000,53926.57660000,0
1631748660000,33.74000000,33.83000000,33.73000000,33.80000000,1035.12000000,1631748719999,34969.57650000,83,661.93000000,22365.61830000,0
1631748720000,33.80000000,33.83000000,33.76000000,33.79000000,770.06000000,1631748779999,26015.92530000,52,270.78000000,9147.69940000,0
1631748780000,33.78000000,33.85000000,33.78000000,33.80000000,2499.74000000,1631748839999,84491.29850000,93,1404.69000000,47486.08380000,0
1631748840000,33.80000000,33.85000000,33.77000000,33.83000000,1256.16000000,1631748899999,42480.84750000,58,546.44000000,18492.03550000,0
1631748900000,33.84000000,33.84000000,33.76000000,33.78000000,1190.31000000,1631748959999,40226.60430000,65,272.64000000,9217.53250000,0
1631748960000,33.77000000,33.80000000,33.75000000,33.79000000,1062.10000000,1631749019999,35870.24620000,36,163.55000000,5523.86990000,0
1631749020000,33.79000000,33.81000000,33.74000000,33.75000000,1273.38000000,1631749079999,42986.08740000,45,361.58000000,12205.08040000,0
1631749080000,33.75000000,33.79000000,33.73000000,33.79000000,1685.12000000,1631749139999,56888.99930000,69,1254.77000000,42363.00460000,0
1631749140000,33.79000000,33.81000000,33.76000000,33.77000000,705.94000000,1631749199999,23842.62690000,50,138.03000000,4663.91880000,0
1631749200000,33.75000000,33.77000000,33.68000000,33.69000000,1010.51000000,1631749259999,34063.70880000,79,12.42000000,418.86010000,0
1631749260000,33.69000000,33.70000000,33.64000000,33.69000000,1676.68000000,1631749319999,56424.36900000,134,809.51000000,27244.59630000,0
1631749320000,33.69000000,33.75000000,33.69000000,33.72000000,460.76000000,1631749379999,15538.03050000,393,420.80000000,14191.39510000,0
1631749380000,33.72000000,33.73000000,33.68000000,33.70000000,709.49000000,1631749439999,23908.38130000,40,257.35000000,8674.03510000,0
1631749440000,33.69000000,33.71000000,33.67000000,33.68000000,268.93000000,1631749499999,9063.94270000,34,222.61000000,7503.34500000,0
1631749500000,33.67000000,33.72000000,33.67000000,33.72000000,1101.21000000,1631749559999,37105.19800000,44,1083.62000000,36512.70590000,0
1631749560000,33.72000000,33.79000000,33.70000000,33.76000000,2272.60000000,1631749619999,76722.60890000,86,1935.41000000,65338.97430000,0
1631749620000,33.76000000,33.76000000,33.68000000,33.71000000,830.34000000,1631749679999,28008.86610000,41,61.72000000,2080.39310000,0
1631749680000,33.71000000,33.79000000,33.71000000,33.77000000,583.11000000,1631749739999,19680.66760000,41,428.18000000,14451.76110000,0
1631749740000,33.77000000,33.80000000,33.71000000,33.72000000,2411.56000000,1631749799999,81433.17190000,87,782.86000000,26447.89090000,0
1631749800000,33.71000000,33.80000000,33.70000000,33.80000000,940.12000000,1631749859999,31742.34590000,54,758.92000000,25624.32230000,0
1631749860000,33.81000000,33.82000000,33.78000000,33.78000000,484.77000000,1631749919999,16387.66580000,95,263.72000000,8915.89750000,0
1631749920000,33.77000000,33.85000000,33.77000000,33.85000000,389.54000000,1631749979999,13173.89190000,41,309.13000000,10456.23470000,0
1631749980000,33.85000000,33.92000000,33.81000000,33.90000000,3148.46000000,1631750039999,106690.42890000,158,2226.92000000,75467.27470000,0
1631750040000,33.90000000,33.93000000,33.87000000,33.92000000,1553.95000000,1631750099999,52674.14490000,129,532.68000000,18060.93260000,0
1631750100000,33.91000000,33.95000000,33.89000000,33.94000000,1696.92000000,1631750159999,57542.89770000,63,325.58000000,11046.71050000,0
1631750160000,33.94000000,33.98000000,33.93000000,33.94000000,718.12000000,1631750219999,24382.60790000,61,493.65000000,16760.36470000,0
1631750220000,33.95000000,34.07000000,33.95000000,34.07000000,3605.79000000,1631750279999,122664.46040000,164,3423.53000000,116468.26720000,0
1631750280000,34.05000000,34.15000000,34.05000000,34.10000000,3395.65000000,1631750339999,115812.02090000,649,2041.43000000,69640.28020000,0
1631750340000,34.12000000,34.12000000,34.02000000,34.12000000,1661.86000000,1631750399999,56619.93300000,91,968.73000000,33015.15100000,0
