1632873600000,0.10529000,0.10546000,0.10511000,0.10546000,2085.10000000,1632873659999,219.52747900,3,303.40000000,31.99656400,0
1632873660000,0.10535000,0.10537000,0.10535000,0.10537000,1701.60000000,1632873719999,179.27469600,3,1144.80000000,120.60468000,0
1632873720000,0.10546000,0.10546000,0.10523000,0.10539000,32200.00000000,1632873779999,3392.41133000,8,0.00000000,0.00000000,0
1632873780000,0.10539000,0.10539000,0.10539000,0.10539000,0.00000000,1632873839999,0.00000000,0,0.00000000,0.00000000,0
1632873840000,0.10548000,0.10569000,0.10548000,0.10569000,128303.50000000,1632873899999,13555.54978700,36,118258.50000000,12495.54415700,0
1632873900000,0.10577000,0.10596000,0.10569000,0.10577000,40307.40000000,1632873959999,4263.77852400,20,37469.00000000,3963.78802800,0
1632873960000,0.10577000,0.10577000,0.10576000,0.10577000,27007.20000000,1632874019999,2856.53566800,7,27007.20000000,2856.53566800,0
1632874020000,0.10577000,0.10577000,0.10577000,0.10577000,0.00000000,1632874079999,0.00000000,0,0.00000000,0.00000000,0
1632874080000,0.10577000,0.10620000,0.10577000,0.10604000,76659.50000000,1632874139999,8125.56568600,31,72288.50000000,7662.31132600,0
1632874140000,0.10624000,0.10665000,0.10605000,0.10665000,63183.50000000,1632874199999,6717.40811900,30,54262.50000000,5770.72406900,0
1632874200000,0.10661000,0.10674000,0.10623000,0.10623000,52274.70000000,1632874259999,5570.86839400,68,44317.80000000,4723.38552900,0
1632874260000,0.10650000,0.10650000,0.10563000,0.10563000,10964.30000000,1632874319999,1160.65069900,15,0.00000000,0.00000000,0
1632874320000,0.10564000,0.10567000,0.10461000,0.10516000,52319.80000000,1632874379999,5501.76191600,58,13970.10000000,1470.05021900,0
1632874380000,0.10502000,0.10508000,0.10461000,0.10497000,23321.10000000,1632874439999,2445.58088000,18,10185.80000000,1069.56754800,0
1632874440000,0.10512000,0.10512000,0.10469000,0.10495000,3059.60000000,1632874499999,320.99707200,4,2642.80000000,277.36228000,0
1632874500000,0.10474000,0.10477000,0.10441000,0.10477000,9256.70000000,1632874559999,968.35914000,16,4000.00000000,418.66795000,0
1632874560000,0.10460000,0.10460000,0.10460000,0.10460000,598.40000000,1632874619999,62.59264000,1,598.40000000,62.59264000,0
1632874620000,0.10460000,0.10460000,0.10460000,0.10460000,0.00000000,1632874679999,0.00000000,0,0.00000000,0.00000000,0
1632874680000,0.10471000,0.10471000,0.10470000,0.10471000,2839.80000000,1632874739999,297.34818300,6,2112.30000000,221.17446000,0
1632874740000,0.10498000,0.10498000,0.10498000,0.10498000,31.20000000,1632874799999,3.27537600,1,31.20000000,3.27537600,0
1632874800000,0.10498000,0.10498000,0.10498000,0.10498000,0.00000000,1632874859999,0.00000000,0,0.00000000,0.00000000,0
1632874860000,0.10497000,0.10499000,0.10497000,0.10498000,20585.30000000,1632874919999,2160.95577100,6,15017.30000000,1576.42713100,0
1632874920000,0.10501000,0.10519000,0.10501000,0.10519000,5984.20000000,1632874979999,628.82689600,7,5984.20000000,628.82689600,0
1632874980000,0.10519000,0.10519000,0.10519000,0.10519000,0.00000000,1632875039999,0.00000000,0,0.00000000,0.00000000,0
1632875040000,0.10497000,0.10497000,0.10497000,0.10497000,654.70000000,1632875099999,68.72385900,1,0.00000000,0.00000000,0
1632875100000,0.10497000,0.10497000,0.10497000,0.10497000,0.00000000,1632875159999,0.00000000,0,0.00000000,0.00000000,0
1632875160000,0.10521000,0.10526000,0.10521000,0.10526000,2831.50000000,1632875219999,298.03547400,4,2831.50000000,298.03547400,0
1632875220000,0.10532000,0.10532000,0.10532000,0.10532000,517.70000000,1632875279999,54.52416400,1,517.70000000,54.52416400,0
1632875280000,0.10537000,0.10618000,0.10537000,0.10618000,24969.90000000,1632875339999,2646.04577900,22,24616.80000000,2608.66308200,0
1632875340000,0.10627000,0.10666000,0.10627000,0.10666000,6805.60000000,1632875399999,724.95829100,12,2805.60000000,298.74257000,0
1632875400000,0.10666000,0.10666000,0.10666000,0.10666000,0.00000000,1632875459999,0.00000000,0,0.00000000,0.00000000,0
1632875460000,0.10666000,0.10666000,0.10666000,0.10666000,0.00000000,1632875519999,0.00000000,0,0.00000000,0.00000000,0
1632875520000,0.10665000,0.10665000,0.10665000,0.10665000,114.00000000,1632875579999,12.15810000,1,114.00000000,12.15810000,0
1632875580000,0.10668000,0.10702000,0.10667000,0.10702000,26848.30000000,1632875639999,2867.51045500,45,25679.20000000,2742.80255800,0
1632875640000,0.10698000,0.10702000,0.10698000,0.10702000,25695.00000000,1632875699999,2749.48953000,7,25695.00000000,2749.48953000,0
1632875700000,0.10702000,0.10715000,0.10702000,0.10715000,6463.30000000,1632875759999,691.78743000,5,6463.30000000,691.78743000,0
1632875760000,0.10719000,0.10740000,0.10719000,0.10740000,13039.40000000,1632875819999,1398.34816700,13,13039.40000000,1398.34816700,0
1632875820000,0.10718000,0.10718000,0.10718000,0.10718000,954.00000000,1632875879999,102.24972000,1,0.00000000,0.00000000,0
1632875880000,0.10710000,0.10762000,0.10709000,0.10721000,32776.20000000,1632875939999,3518.28148000,24,22861.80000000,2453.78859900,0
1632875940000,0.10749000,0.10750000,0.10749000,0.10750000,585.00000000,1632875999999,62.88399200,2,585.00000000,62.88399200,0
1632876000000,0.10738000,0.10738000,0.10702000,0.10702000,3775.70000000,1632876059999,404.89881800,3,0.00000000,0.00000000,0
1632876060000,0.10702000,0.10712000,0.10702000,0.10712000,6430.50000000,1632876119999,688.66747000,3,6430.50000000,688.66747000,0
1632876120000,0.10693000,0.10693000,0.10679000,0.10679000,2032.40000000,1632876179999,217.20512600,2,0.00000000,0.00000000,0
1632876180000,0.10697000,0.10697000,0.10697000,0.10697000,114.00000000,1632876239999,12.19458000,1,114.00000000,12.19458000,0
1632876240000,0.10720000,0.10723000,0.10720000,0.10723000,1007.80000000,1632876299999,108.04119400,3,1007.80000000,108.04119400,0
1632876300000,0.10723000,0.10723000,0.10723000,0.10723000,0.00000000,1632876359999,0.00000000,0,0.00000000,0.00000000,0
1632876360000,0.10689000,0.10689000,0.10682000,0.10682000,1451.50000000,1632876419999,155.14088100,2,0.00000000,0.00000000,0
1632876420000,0.10702000,0.10703000,0.10664000,0.10664000,8837.90000000,1632876479999,945.32181300,9,7470.90000000,799.49548700,0
1632876480000,0.10693000,0.10693000,0.10660000,0.10660000,336.10000000,1632876539999,35.86126000,2,100.00000000,10.69300000,0
1632876540000,0.10651000,0.10659000,0.10623000,0.10659000,6252.70000000,1632876599999,664.92360900,10,350.20000000,37.32781800,0
1632876600000,0.10662000,0.10662000,0.10607000,0.10607000,5435.50000000,1632876659999,577.41475700,7,1178.90000000,125.69431800,0
1632876660000,0.10604000,0.10610000,0.10604000,0.10610000,1583.60000000,1632876719999,167.93861800,2,227.90000000,24.18019000,0
1632876720000,0.10628000,0.10629000,0.10628000,0.10629000,2019.40000000,1632876779999,214.63757300,2,2019.40000000,214.63757300,0
1632876780000,0.10679000,0.10679000,0.10679000,0.10679000,113.80000000,1632876839999,12.15270200,2,113.80000000,12.15270200,0
1632876840000,0.10667000,0.10667000,0.10658000,0.10658000,20000.00000000,1632876899999,2132.06965300,7,8229.00000000,877.04682000,0
1632876900000,0.10676000,0.10676000,0.10650000,0.10673000,50208.90000000,1632876959999,5348.38945900,8,42112.30000000,4485.01142300,0
1632876960000,0.10650000,0.10650000,0.10650000,0.10650000,138.90000000,1632877019999,14.79285000,1,0.00000000,0.00000000,0
1632877020000,0.10653000,0.10653000,0.10640000,0.10650000,32080.10000000,1632877079999,3416.48099700,12,19004.20000000,2023.74498000,0
1632877080000,0.10626000,0.10626000,0.10600000,0.10600000,8383.60000000,1632877139999,890.22213800,5,0.00000000,0.00000000,0
1632877140000,0.10600000,0.10608000,0.10598000,0.10604000,7245.30000000,1632877199999,768.11920800,11,4455.90000000,472.47635600,0
1632877200000,0.10619000,0.10667000,0.10619000,0.10667000,34531.50000000,1632877259999,3678.63285500,22,34531.50000000,3678.63285500,0
1632877260000,0.10672000,0.10705000,0.10633000,0.10633000,9630.60000000,1632877319999,1028.26593200,10,6432.40000000,687.64710500,0
1632877320000,0.10655000,0.10656000,0.10655000,0.10656000,1860.80000000,1632877379999,198.28231600,3,1860.80000000,198.28231600,0
1632877380000,0.10683000,0.10683000,0.10683000,0.10683000,1051.80000000,1632877439999,112.36379400,1,1051.80000000,112.36379400,0
1632877440000,0.10696000,0.10700000,0.10633000,0.10651000,11852.00000000,1632877499999,1262.64210800,13,1534.30000000,163.80839000,0
1632877500000,0.10663000,0.10710000,0.10663000,0.10681000,14009.50000000,1632877559999,1496.42697300,12,12864.90000000,1374.16833500,0
1632877560000,0.10656000,0.10680000,0.10624000,0.10680000,54609.90000000,1632877619999,5805.46393100,13,46095.50000000,4900.27850900,0
1632877620000,0.10680000,0.10680000,0.10680000,0.10680000,3867.70000000,1632877679999,413.07036000,2,3867.70000000,413.07036000,0
1632877680000,0.10710000,0.10729000,0.10710000,0.10729000,6435.30000000,1632877739999,689.67364400,9,6435.30000000,689.67364400,0
1632877740000,0.10729000,0.10729000,0.10729000,0.10729000,0.00000000,1632877799999,0.00000000,0,0.00000000,0.00000000,0
1632877800000,0.10730000,0.10762000,0.10729000,0.10757000,20686.90000000,1632877859999,2223.25344600,23,14773.20000000,1587.95410900,0
1632877860000,0.10759000,0.10759000,0.10737000,0.10737000,1200.00000000,1632877919999,129.06400000,3,1000.00000000,107.59000000,0
1632877920000,0.10739000,0.10791000,0.10738000,0.10791000,38062.00000000,1632877979999,4092.14215700,23,32628.50000000,3508.47068500,0
1632877980000,0.10779000,0.10803000,0.10779000,0.10803000,28849.30000000,1632878039999,3113.14113000,18,28049.30000000,3026.85313000,0
1632878040000,0.10777000,0.10800000,0.10774000,0.10798000,16732.60000000,1632878099999,1806.07412400,10,12889.60000000,1391.91622500,0
1632878100000,0.10797000,0.10824000,0.10793000,0.10793000,17113.60000000,1632878159999,1848.71623100,17,12884.40000000,1392.19183000,0
1632878160000,0.10785000,0.10785000,0.10727000,0.10734000,153668.40000000,1632878219999,16512.64005900,36,123747.50000000,13293.55798500,0
1632878220000,0.10755000,0.10796000,0.10738000,0.10738000,28132.50000000,1632878279999,3028.29579000,33,19332.50000000,2082.38571300,0
1632878280000,0.10737000,0.10762000,0.10700000,0.10700000,38746.80000000,1632878339999,4159.99483000,25,19345.50000000,2079.51500800,0
1632878340000,0.10712000,0.10713000,0.10687000,0.10687000,76533.60000000,1632878399999,8189.59788400,37,43571.10000000,4663.31909700,0
1632878400000,0.10703000,0.10703000,0.10703000,0.10703000,834.10000000,1632878459999,89.27372300,1,834.10000000,89.27372300,0
1632878460000,0.10724000,0.10762000,0.10717000,0.10717000,81805.30000000,1632878519999,8775.61399900,57,57083.30000000,6124.44658700,0
1632878520000,0.10720000,0.10759000,0.10694000,0.10701000,75038.40000000,1632878579999,8039.93797000,47,58188.90000000,6236.71491100,0
1632878580000,0.10701000,0.10740000,0.10693000,0.10703000,42405.80000000,1632878639999,4539.50813000,14,37990.10000000,4067.23732900,0
1632878640000,0.10719000,0.10720000,0.10706000,0.10720000,50272.20000000,1632878699999,5388.39624200,10,47772.30000000,5120.75694800,0
1632878700000,0.10699000,0.10720000,0.10688000,0.10692000,8450.20000000,1632878759999,904.02320500,11,4371.50000000,467.94974700,0
1632878760000,0.10678000,0.10678000,0.10663000,0.10664000,9190.30000000,1632878819999,980.53982500,11,3735.90000000,398.37883900,0
1632878820000,0.10658000,0.10683000,0.10658000,0.10665000,9776.10000000,1632878879999,1042.95851900,8,7276.00000000,776.30702700,0
1632878880000,0.10651000,0.10669000,0.10645000,0.10645000,9135.10000000,1632878939999,973.83647800,9,6603.50000000,704.10284400,0
1632878940000,0.10648000,0.10694000,0.10648000,0.10668000,13199.30000000,1632878999999,1409.35373000,10,8973.80000000,958.49119600,0
1632879000000,0.10652000,0.10670000,0.10596000,0.10607000,61247.80000000,1632879059999,6512.80313900,65,20386.90000000,2168.11660900,0
1632879060000,0.10610000,0.10625000,0.10559000,0.10591000,91066.50000000,1632879119999,9634.96662600,60,60755.60000000,6429.32756900,0
1632879120000,0.10566000,0.10615000,0.10515000,0.10605000,239909.70000000,1632879179999,25288.38301700,83,193606.60000000,20407.21555300,0
1632879180000,0.10605000,0.10642000,0.10567000,0.10595000,83504.20000000,1632879239999,8844.68240400,54,55222.20000000,5852.46119400,0
1632879240000,0.10566000,0.10566000,0.10566000,0.10566000,332.70000000,1632879299999,35.15308200,1,0.00000000,0.00000000,0
1632879300000,0.10566000,0.10594000,0.10545000,0.10545000,18036.10000000,1632879359999,1905.95810800,20,8871.80000000,938.44241000,0
1632879360000,0.10537000,0.10603000,0.10537000,0.10592000,11011.60000000,1632879419999,1162.24587100,12,9911.60000000,1046.33887100,0
1632879420000,0.10547000,0.10547000,0.10515000,0.10524000,13484.10000000,1632879479999,1419.38664800,19,8505.10000000,895.52767100,0
1632879480000,0.10524000,0.10546000,0.10459000,0.10480000,119822.40000000,1632879539999,12566.26269600,72,62170.90000000,6517.71255500,0
1632879540000,0.10465000,0.10485000,0.10462000,0.10485000,28143.80000000,1632879599999,2946.12943100,25,15088.20000000,1579.87649600,0
1632879600000,0.10485000,0.10515000,0.10485000,0.10515000,11720.80000000,1632879659999,1230.43578500,11,11720.80000000,1230.43578500,0
1632879660000,0.10516000,0.10540000,0.10516000,0.10540000,32449.00000000,1632879719999,3416.12475100,32,32449.00000000,3416.12475100,0
1632879720000,0.10526000,0.10553000,0.10526000,0.10553000,19480.80000000,1632879779999,2053.63458100,14,19480.80000000,2053.63458100,0
1632879780000,0.10530000,0.10541000,0.10514000,0.10540000,73846.50000000,1632879839999,7774.05821900,24,55221.00000000,5814.19987500,0
1632879840000,0.10540000,0.10543000,0.10495000,0.10513000,68229.20000000,1632879899999,7177.95181700,47,46172.10000000,4857.94801100,0
1632879900000,0.10513000,0.10513000,0.10513000,0.10513000,6535.40000000,1632879959999,687.06660200,2,6535.40000000,687.06660200,0
1632879960000,0.10506000,0.10513000,0.10506000,0.10513000,7507.00000000,1632880019999,789.12534900,3,7507.00000000,789.12534900,0
1632880020000,0.10513000,0.10513000,0.10513000,0.10513000,0.00000000,1632880079999,0.00000000,0,0.00000000,0.00000000,0
1632880080000,0.10513000,0.10513000,0.10513000,0.10513000,0.00000000,1632880139999,0.00000000,0,0.00000000,0.00000000,0
1632880140000,0.10510000,0.10510000,0.10510000,0.10510000,6506.30000000,1632880199999,683.81213000,1,6506.30000000,683.81213000,0
1632880200000,0.10491000,0.10491000,0.10489000,0.10489000,1856.70000000,1632880259999,194.75589100,3,0.00000000,0.00000000,0
1632880260000,0.10479000,0.10479000,0.10461000,0.10478000,13605.20000000,1632880319999,1425.13933200,14,5933.00000000,621.64807000,0
1632880320000,0.10486000,0.10505000,0.10468000,0.10505000,98092.10000000,1632880379999,10285.25184000,29,13017.30000000,1365.18646100,0
1632880380000,0.10499000,0.10505000,0.10499000,0.10505000,6510.10000000,1632880439999,683.79843500,3,6510.10000000,683.79843500,0
1632880440000,0.10495000,0.10516000,0.10495000,0.10516000,84069.70000000,1632880499999,8836.96620600,30,84069.70000000,8836.96620600,0
1632880500000,0.10516000,0.10516000,0.10516000,0.10516000,0.00000000,1632880559999,0.00000000,0,0.00000000,0.00000000,0
1632880560000,0.10520000,0.10526000,0.10514000,0.10526000,27691.20000000,1632880619999,2914.17168000,11,27691.20000000,2914.17168000,0
1632880620000,0.10526000,0.10587000,0.10526000,0.10587000,117612.20000000,1632880679999,12394.96449200,55,103172.80000000,10872.11890900,0
1632880680000,0.10565000,0.10581000,0.10546000,0.10581000,57310.20000000,1632880739999,6046.84449200,15,49183.30000000,5188.63563400,0
1632880740000,0.10581000,0.10581000,0.10581000,0.10581000,0.00000000,1632880799999,0.00000000,0,0.00000000,0.00000000,0
1632880800000,0.10587000,0.10614000,0.10582000,0.10594000,9790.60000000,1632880859999,1037.41888300,14,9790.60000000,1037.41888300,0
1632880860000,0.10595000,0.10595000,0.10594000,0.10595000,1246.20000000,1632880919999,132.03391500,5,1148.70000000,121.70476500,0
1632880920000,0.10595000,0.10595000,0.10595000,0.10595000,0.00000000,1632880979999,0.00000000,0,0.00000000,0.00000000,0
1632880980000,0.10604000,0.10669000,0.10604000,0.10635000,246161.00000000,1632881039999,26228.97129200,50,82134.40000000,8744.83107700,0
1632881040000,0.10645000,0.10657000,0.10645000,0.10657000,10403.20000000,1632881099999,1107.99973700,10,9022.10000000,960.81591000,0
1632881100000,0.10658000,0.10672000,0.10651000,0.10672000,16517.00000000,1632881159999,1760.49060800,13,11333.70000000,1208.16247300,0
1632881160000,0.10652000,0.10678000,0.10644000,0.10663000,68322.40000000,1632881219999,7275.52193100,22,59967.40000000,6385.48247100,0
1632881220000,0.10670000,0.10678000,0.10657000,0.10662000,8470.70000000,1632881279999,903.48105500,11,5870.70000000,626.33405500,0
1632881280000,0.10659000,0.10659000,0.10608000,0.10614000,43354.00000000,1632881339999,4609.05676000,29,13590.00000000,1444.24927000,0
1632881340000,0.10601000,0.10614000,0.10601000,0.10614000,18051.80000000,1632881399999,1915.36379700,7,15551.60000000,1650.31759500,0
1632881400000,0.10614000,0.10635000,0.10596000,0.10598000,77664.20000000,1632881459999,8242.72303400,40,73402.40000000,7791.00046300,0
1632881460000,0.10621000,0.10624000,0.10589000,0.10602000,12518.20000000,1632881519999,1328.14835300,10,9595.50000000,1018.62562500,0
1632881520000,0.10591000,0.10591000,0.10589000,0.10589000,5000.30000000,1632881579999,529.53177100,5,1392.10000000,147.41730900,0
1632881580000,0.10586000,0.10594000,0.10574000,0.10576000,36105.80000000,1632881639999,3818.40491600,25,2348.10000000,248.53251000,0
1632881640000,0.10575000,0.10575000,0.10536000,0.10568000,59002.20000000,1632881699999,6230.48252000,44,30442.80000000,3212.91010400,0
1632881700000,0.10574000,0.10624000,0.10564000,0.10603000,28627.30000000,1632881759999,3031.48213400,23,25264.70000000,2675.65065600,0
1632881760000,0.10598000,0.10599000,0.10598000,0.10599000,5000.00000000,1632881819999,529.92500200,4,1631.90000000,172.95508300,0
1632881820000,0.10612000,0.10621000,0.10597000,0.10616000,108868.60000000,1632881879999,11556.44630000,41,25301.60000000,2685.67158800,0
1632881880000,0.10616000,0.10635000,0.10602000,0.10635000,76320.70000000,1632881939999,8103.23838800,68,64870.90000000,6888.39378100,0
1632881940000,0.10630000,0.10635000,0.10591000,0.10591000,22863.30000000,1632881999999,2427.74127500,18,16309.80000000,1733.23074500,0
1632882000000,0.10585000,0.10635000,0.10585000,0.10614000,97579.60000000,1632882059999,10362.83894100,30,94218.20000000,10006.58494500,0
1632882060000,0.10603000,0.10615000,0.10603000,0.10608000,6774.50000000,1632882119999,718.63455900,7,2774.60000000,294.45016200,0
1632882120000,0.10602000,0.10618000,0.10595000,0.10595000,17781.00000000,1632882179999,1885.22848600,14,14496.20000000,1537.09577000,0
1632882180000,0.10596000,0.10607000,0.10596000,0.10603000,17081.30000000,1632882239999,1811.08821600,16,1000.20000000,106.05120600,0
1632882240000,0.10604000,0.10678000,0.10597000,0.10673000,288866.30000000,1632882299999,30778.58955800,55,121584.70000000,12948.14099800,0
1632882300000,0.10673000,0.10898000,0.10666000,0.10841000,611294.10000000,1632882359999,65979.35173600,290,339546.10000000,36609.79991100,0
1632882360000,0.10840000,0.10870000,0.10840000,0.10840000,183215.40000000,1632882419999,19864.81510000,53,20162.70000000,2188.99334400,0
1632882420000,0.10840000,0.10841000,0.10808000,0.10808000,66348.10000000,1632882479999,7189.54677400,15,6421.50000000,694.18646100,0
1632882480000,0.10818000,0.10837000,0.10755000,0.10755000,102516.30000000,1632882539999,11086.59982400,40,87636.70000000,9479.80177200,0
1632882540000,0.10761000,0.10773000,0.10728000,0.10730000,103668.70000000,1632882599999,11133.58540700,29,23042.90000000,2476.69685300,0
1632882600000,0.10720000,0.10734000,0.10705000,0.10707000,57347.20000000,1632882659999,6149.68183600,17,9904.30000000,1062.53444300,0
1632882660000,0.10707000,0.10707000,0.10705000,0.10705000,4999.80000000,1632882719999,535.27859000,4,987.40000000,105.72091800,0
1632882720000,0.10704000,0.10704000,0.10689000,0.10689000,18525.70000000,1632882779999,1981.26700800,13,4717.60000000,504.40267400,0
1632882780000,0.10688000,0.10694000,0.10678000,0.10680000,9176.30000000,1632882839999,980.30361100,10,2338.80000000,250.07633400,0
1632882840000,0.10682000,0.10682000,0.10682000,0.10682000,5000.00000000,1632882899999,534.10000000,2,0.00000000,0.00000000,0
1632882900000,0.10680000,0.10682000,0.10680000,0.10682000,5000.10000000,1632882959999,534.06068400,3,1564.10000000,167.07716200,0
1632882960000,0.10679000,0.10703000,0.10679000,0.10686000,16975.50000000,1632883019999,1815.15366600,15,12475.20000000,1334.26389100,0
1632883020000,0.10680000,0.10693000,0.10674000,0.10676000,10198.40000000,1632883079999,1088.90972300,8,4431.00000000,473.12683000,0
1632883080000,0.10669000,0.10669000,0.10644000,0.10644000,33899.60000000,1632883139999,3611.23392000,27,4658.90000000,495.99475200,0
1632883140000,0.10642000,0.10658000,0.10642000,0.10658000,5100.00000000,1632883199999,542.78299900,3,100.00000000,10.65800000,0
1632883200000,0.10661000,0.10662000,0.10641000,0.10641000,8437.50000000,1632883259999,898.12933700,9,5025.30000000,534.97164700,0
1632883260000,0.10657000,0.10695000,0.10644000,0.10695000,28552.00000000,1632883319999,3046.33356600,25,23551.70000000,2513.44461200,0
1632883320000,0.10695000,0.10696000,0.10695000,0.10695000,1280.70000000,1632883379999,136.97432200,3,345.70000000,36.97607200,0
1632883380000,0.10677000,0.10707000,0.10677000,0.10706000,37602.80000000,1632883439999,4021.37895600,47,35599.70000000,3807.47596900,0
1632883440000,0.10681000,0.10707000,0.10680000,0.10704000,29552.30000000,1632883499999,3161.13915600,37,26118.10000000,2794.31418000,0
1632883500000,0.10690000,0.10704000,0.10677000,0.10677000,10055.50000000,1632883559999,1074.95894500,11,7129.20000000,762.42016000,0
1632883560000,0.10671000,0.10671000,0.10646000,0.10649000,11954.70000000,1632883619999,1274.27914700,9,0.00000000,0.00000000,0
1632883620000,0.10649000,0.10658000,0.10648000,0.10648000,7515.40000000,1632883679999,800.45656800,7,4758.80000000,506.91980000,0
1632883680000,0.10648000,0.10659000,0.10647000,0.10658000,3178.60000000,1632883739999,338.51035500,4,1912.20000000,203.59193400,0
1632883740000,0.10646000,0.10646000,0.10646000,0.10646000,2500.00000000,1632883799999,266.15000000,1,0.00000000,0.00000000,0
1632883800000,0.10646000,0.10646000,0.10640000,0.10640000,9190.00000000,1632883859999,978.17550800,9,6440.70000000,685.58070600,0
1632883860000,0.10636000,0.10671000,0.10634000,0.10655000,17641.70000000,1632883919999,1879.78053300,13,14531.90000000,1549.05095500,0
1632883920000,0.10648000,0.10650000,0.10648000,0.10649000,5000.20000000,1632883979999,532.45057500,5,1772.40000000,188.73187500,0
1632883980000,0.10643000,0.10694000,0.10643000,0.10694000,22474.60000000,1632884039999,2397.80796900,24,18574.60000000,1982.58096900,0
1632884040000,0.10681000,0.10691000,0.10678000,0.10678000,7028.70000000,1632884099999,750.87997100,15,4263.50000000,455.59913500,0
1632884100000,0.10673000,0.10673000,0.10654000,0.10670000,40496.00000000,1632884159999,4316.44718800,44,15404.50000000,1642.66143100,0
1632884160000,0.10654000,0.10654000,0.10619000,0.10621000,34997.20000000,1632884219999,3721.77408000,34,4000.00000000,425.10695500,0
1632884220000,0.10620000,0.10620000,0.10617000,0.10617000,6837.50000000,1632884279999,726.02930800,9,1801.50000000,191.26525500,0
1632884280000,0.10630000,0.10633000,0.10623000,0.10623000,5810.60000000,1632884339999,617.30921400,8,568.80000000,60.47280000,0
1632884340000,0.10614000,0.10614000,0.10579000,0.10603000,64327.20000000,1632884399999,6815.37692100,50,20376.00000000,2159.18475000,0
1632884400000,0.10603000,0.10664000,0.10603000,0.10660000,22679.60000000,1632884459999,2409.89043900,23,21238.10000000,2256.45717900,0
1632884460000,0.10639000,0.10659000,0.10639000,0.10640000,9347.90000000,1632884519999,994.91465500,7,6847.90000000,728.91465500,0
1632884520000,0.10628000,0.10637000,0.10625000,0.10637000,3082.30000000,1632884579999,327.70037500,4,1500.00000000,159.54200000,0
1632884580000,0.10625000,0.10625000,0.10609000,0.10616000,6106.30000000,1632884639999,648.24293500,5,3699.80000000,392.73477400,0
1632884640000,0.10601000,0.10618000,0.10601000,0.10601000,10320.40000000,1632884699999,1094.96560500,12,4769.90000000,506.21199900,0
1632884700000,0.10598000,0.10607000,0.10579000,0.10582000,12542.60000000,1632884759999,1328.28046800,15,9794.70000000,1037.47115800,0
1632884760000,0.10578000,0.10628000,0.10578000,0.10615000,21503.60000000,1632884819999,2280.73566500,34,18785.60000000,1993.14762500,0
1632884820000,0.10624000,0.10624000,0.10602000,0.10605000,27619.90000000,1632884879999,2932.33342600,33,23514.60000000,2496.95631600,0
1632884880000,0.10623000,0.10623000,0.10608000,0.10616000,12520.40000000,1632884939999,1329.49209100,7,4297.40000000,456.14236600,0
1632884940000,0.10605000,0.10607000,0.10586000,0.10587000,5396.50000000,1632884999999,571.37595300,15,1449.80000000,153.50016400,0
1632885000000,0.10585000,0.10613000,0.10585000,0.10599000,14060.70000000,1632885059999,1490.40652300,16,8543.00000000,905.76787400,0
1632885060000,0.10612000,0.10631000,0.10600000,0.10605000,18127.20000000,1632885119999,1924.05212000,12,13876.60000000,1473.32851500,0
1632885120000,0.10599000,0.10617000,0.10597000,0.10601000,16206.90000000,1632885179999,1718.93739900,10,14671.70000000,1556.19555100,0
1632885180000,0.10615000,0.10627000,0.10598000,0.10627000,28674.90000000,1632885239999,3044.00667100,30,24874.90000000,2641.21767100,0
1632885240000,0.10605000,0.10632000,0.10604000,0.10632000,7095.60000000,1632885299999,753.29245100,9,6645.50000000,705.55934600,0
1632885300000,0.10612000,0.10701000,0.10612000,0.10687000,31985.70000000,1632885359999,3408.65058800,43,27480.70000000,2928.57694800,0
1632885360000,0.10669000,0.10669000,0.10668000,0.10668000,4223.70000000,1632885419999,450.60859100,10,1127.50000000,120.29297500,0
1632885420000,0.10669000,0.10669000,0.10640000,0.10643000,6815.30000000,1632885479999,725.72230500,14,670.40000000,71.48459800,0
1632885480000,0.10639000,0.10639000,0.10624000,0.10624000,4941.30000000,1632885539999,525.24740900,4,1199.80000000,127.46675200,0
1632885540000,0.10623000,0.10623000,0.10623000,0.10623000,5000.10000000,1632885599999,531.16062300,13,0.00000000,0.00000000,0
1632885600000,0.10623000,0.10623000,0.10623000,0.10623000,4999.80000000,1632885659999,531.12875400,2,0.00000000,0.00000000,0
1632885660000,0.10623000,0.10646000,0.10623000,0.10646000,9074.50000000,1632885719999,965.26634800,11,6574.50000000,699.69134800,0
1632885720000,0.10640000,0.10660000,0.10635000,0.10635000,6053.00000000,1632885779999,644.22316500,6,4330.30000000,460.90597400,0
1632885780000,0.10630000,0.10646000,0.10619000,0.10640000,12992.20000000,1632885839999,1381.28690900,10,2081.90000000,221.51240300,0
1632885840000,0.10618000,0.10618000,0.10594000,0.10604000,32310.70000000,1632885899999,3426.90624300,22,8169.50000000,865.89984600,0
1632885900000,0.10593000,0.10625000,0.10593000,0.10605000,27333.50000000,1632885959999,2901.02469300,27,24330.80000000,2582.74068200,0
1632885960000,0.10624000,0.10638000,0.10615000,0.10615000,15740.60000000,1632886019999,1672.71773100,12,14038.40000000,1492.02920100,0
1632886020000,0.10615000,0.10615000,0.10614000,0.10614000,5000.00000000,1632886079999,530.72500000,3,402.30000000,42.70414500,0
1632886080000,0.10614000,0.10628000,0.10605000,0.10605000,22413.60000000,1632886139999,2380.48189200,12,18321.70000000,1946.15170700,0
1632886140000,0.10605000,0.10616000,0.10605000,0.10610000,3938.40000000,1632886199999,417.78507600,6,1702.00000000,180.54134200,0
1632886200000,0.10613000,0.10627000,0.10609000,0.10609000,13677.30000000,1632886259999,1452.03148700,13,12074.80000000,1282.02226200,0
1632886260000,0.10609000,0.10633000,0.10609000,0.10625000,12508.60000000,1632886319999,1329.01644600,7,7508.80000000,798.18768000,0
1632886320000,0.10624000,0.10641000,0.10624000,0.10624000,8992.30000000,1632886379999,955.87174800,12,5078.80000000,539.96950800,0
1632886380000,0.10613000,0.10636000,0.10613000,0.10622000,8251.00000000,1632886439999,876.57160800,5,5349.40000000,568.58867400,0
1632886440000,0.10622000,0.10622000,0.10611000,0.10611000,35088.60000000,1632886499999,3726.17525900,27,3595.30000000,381.77226100,0
1632886500000,0.10619000,0.10658000,0.10619000,0.10650000,198547.50000000,1632886559999,21135.34193900,29,47625.60000000,5062.15169900,0
1632886560000,0.10650000,0.10650000,0.10631000,0.10632000,3056.00000000,1632886619999,325.08920400,3,2059.90000000,219.00455400,0
1632886620000,0.10633000,0.10662000,0.10633000,0.10641000,17103.10000000,1632886679999,1820.41362200,14,13817.10000000,1470.95823000,0
1632886680000,0.10639000,0.10639000,0.10638000,0.10638000,4999.90000000,1632886739999,531.91436300,3,1300.10000000,138.31763900,0
1632886740000,0.10635000,0.10635000,0.10635000,0.10635000,2347.60000000,1632886799999,249.66726000,10,0.00000000,0.00000000,0
1632886800000,0.10637000,0.10666000,0.10633000,0.10666000,16618.30000000,1632886859999,1770.14494200,22,11618.10000000,1238.37367200,0
1632886860000,0.10667000,0.10685000,0.10648000,0.10648000,14430.10000000,1632886919999,1538.90295800,15,11837.70000000,1262.61491200,0
1632886920000,0.10649000,0.10649000,0.10648000,0.10648000,3289.90000000,1632886979999,350.33675600,12,469.50000000,49.99236000,0
1632886980000,0.10649000,0.10661000,0.10643000,0.10645000,10971.30000000,1632887039999,1168.41494500,10,7588.90000000,808.38816100,0
1632887040000,0.10641000,0.10649000,0.10634000,0.10649000,10591.00000000,1632887099999,1126.66995600,7,9097.80000000,967.85554400,0
1632887100000,0.10641000,0.10641000,0.10640000,0.10641000,7499.70000000,1632887159999,798.01807900,5,3497.00000000,372.09480100,0
1632887160000,0.10654000,0.10665000,0.10641000,0.10648000,13060.60000000,1632887219999,1391.46946800,11,8971.90000000,956.27969200,0
1632887220000,0.10669000,0.10710000,0.10651000,0.10710000,34787.40000000,1632887279999,3717.47199700,37,30697.30000000,3281.37707800,0
1632887280000,0.10705000,0.10730000,0.10684000,0.10730000,15153.70000000,1632887339999,1621.52991400,29,11553.90000000,1236.86742300,0
1632887340000,0.10709000,0.10717000,0.10690000,0.10690000,9514.90000000,1632887399999,1018.22248100,7,7523.00000000,805.25655300,0
1632887400000,0.10692000,0.10704000,0.10692000,0.10692000,6864.90000000,1632887459999,734.15527200,15,3479.60000000,372.19899600,0
1632887460000,0.10691000,0.10758000,0.10691000,0.10754000,26215.70000000,1632887519999,2812.51225100,46,17215.80000000,1848.93529900,0
1632887520000,0.10724000,0.10789000,0.10724000,0.10766000,38171.20000000,1632887579999,4106.27929000,42,30261.40000000,3255.31845100,0
1632887580000,0.10784000,0.10786000,0.10757000,0.10757000,8956.10000000,1632887639999,964.34495600,17,5683.70000000,612.33288800,0
1632887640000,0.10750000,0.10771000,0.10750000,0.10753000,14001.40000000,1632887699999,1506.42661100,19,6783.50000000,730.49042100,0
1632887700000,0.10744000,0.10750000,0.10728000,0.10750000,20704.30000000,1632887759999,2224.12175300,27,12870.20000000,1383.03392000,0
1632887760000,0.10750000,0.10752000,0.10731000,0.10752000,18840.80000000,1632887819999,2023.43429200,37,14184.00000000,1523.47514600,0
1632887820000,0.10739000,0.10763000,0.10700000,0.10721000,237527.00000000,1632887879999,25432.43907600,80,204222.10000000,21865.23776500,0
1632887880000,0.10718000,0.10761000,0.10717000,0.10724000,21904.90000000,1632887939999,2350.61289900,21,14332.70000000,1538.38495200,0
1632887940000,0.10718000,0.10728000,0.10718000,0.10720000,9059.40000000,1632887999999,971.11350800,15,5280.50000000,566.04441400,0
1632888000000,0.10734000,0.10762000,0.10725000,0.10725000,21025.40000000,1632888059999,2259.15769200,24,19029.10000000,2045.03050800,0
1632888060000,0.10722000,0.10734000,0.10722000,0.10724000,8016.70000000,1632888119999,859.65849800,16,1497.50000000,160.62329800,0
1632888120000,0.10723000,0.10723000,0.10722000,0.10722000,5000.10000000,1632888179999,536.13572300,4,2063.60000000,221.25919200,0
1632888180000,0.10718000,0.10718000,0.10717000,0.10717000,6195.60000000,1632888239999,664.00745100,5,2094.80000000,224.52066400,0
1632888240000,0.10714000,0.10714000,0.10713000,0.10714000,27061.70000000,1632888299999,2899.17185600,20,0.00000000,0.00000000,0
1632888300000,0.10731000,0.10796000,0.10717000,0.10786000,76074.90000000,1632888359999,8183.83587900,89,72003.70000000,7747.28511400,0
1632888360000,0.10786000,0.10843000,0.10785000,0.10832000,27065.60000000,1632888419999,2927.87100200,32,15865.80000000,1717.02821400,0
1632888420000,0.10832000,0.10848000,0.10811000,0.10848000,29391.10000000,1632888479999,3184.42199300,23,24342.40000000,2638.13671400,0
1632888480000,0.10822000,0.10875000,0.10822000,0.10850000,20827.60000000,1632888539999,2260.33439300,26,17616.00000000,1911.90876700,0
1632888540000,0.10853000,0.10875000,0.10850000,0.10859000,11448.70000000,1632888599999,1243.19891700,13,4422.20000000,480.52354600,0
1632888600000,0.10853000,0.10884000,0.10853000,0.10872000,24173.60000000,1632888659999,2627.41245300,23,20573.50000000,2236.66859900,0
1632888660000,0.10875000,0.10875000,0.10849000,0.10849000,6276.90000000,1632888719999,681.52668600,9,4724.60000000,513.07695200,0
1632888720000,0.10848000,0.10919000,0.10848000,0.10915000,26634.60000000,1632888779999,2899.17249400,36,22632.00000000,2464.75622300,0
1632888780000,0.10868000,0.10882000,0.10867000,0.10867000,7610.60000000,1632888839999,827.08544700,11,4115.70000000,447.29466400,0
1632888840000,0.10870000,0.10870000,0.10857000,0.10857000,8223.90000000,1632888899999,893.48590200,3,0.00000000,0.00000000,0
1632888900000,0.10857000,0.10857000,0.10842000,0.10842000,26519.60000000,1632888959999,2877.13913200,19,2222.30000000,240.96398900,0
1632888960000,0.10848000,0.10851000,0.10840000,0.10840000,9602.20000000,1632889019999,1041.63846500,4,7102.00000000,770.61678500,0
1632889020000,0.10856000,0.10861000,0.10800000,0.10803000,30658.10000000,1632889079999,3319.73035400,45,14002.10000000,1516.13265400,0
1632889080000,0.10807000,0.10847000,0.10807000,0.10821000,11706.20000000,1632889139999,1267.16626500,13,9563.10000000,1035.40744800,0
1632889140000,0.10821000,0.10866000,0.10821000,0.10832000,76113.60000000,1632889199999,8250.49946900,26,74265.40000000,8050.50574700,0
1632889200000,0.10819000,0.10819000,0.10789000,0.10789000,13341.90000000,1632889259999,1441.86101500,24,101.80000000,10.99643600,0
1632889260000,0.10782000,0.10782000,0.10780000,0.10781000,5370.80000000,1632889319999,579.04905200,7,3533.90000000,381.01220100,0
1632889320000,0.10774000,0.10803000,0.10773000,0.10798000,13885.80000000,1632889379999,1497.68174100,20,8252.10000000,890.72374900,0
1632889380000,0.10780000,0.10814000,0.10780000,0.10810000,40825.40000000,1632889439999,4410.35198800,58,36325.40000000,3924.95698800,0
1632889440000,0.10809000,0.10860000,0.10809000,0.10817000,28713.10000000,1632889499999,3108.66304300,30,24437.30000000,2645.83565500,0
1632889500000,0.10819000,0.10819000,0.10809000,0.10809000,5000.00000000,1632889559999,540.70000000,2,5000.00000000,540.70000000,0
1632889560000,0.10808000,0.10826000,0.10804000,0.10826000,11752.50000000,1632889619999,1270.11138700,9,6619.30000000,715.41045500,0
1632889620000,0.10804000,0.10814000,0.10791000,0.10791000,14066.80000000,1632889679999,1519.50513000,19,6620.60000000,715.41811300,0
1632889680000,0.10784000,0.10796000,0.10784000,0.10796000,3333.70000000,1632889739999,359.60126500,4,833.60000000,89.99048100,0
1632889740000,0.10783000,0.10802000,0.10776000,0.10798000,26520.30000000,1632889799999,2862.46329600,34,24571.20000000,2652.38807400,0
1632889800000,0.10780000,0.10797000,0.10779000,0.10787000,19250.30000000,1632889859999,2077.71169500,18,15299.60000000,1651.66969400,0
1632889860000,0.10787000,0.10806000,0.10787000,0.10787000,7950.90000000,1632889919999,857.79919900,7,999.70000000,107.92544900,0
1632889920000,0.10802000,0.10813000,0.10789000,0.10806000,31522.90000000,1632889979999,3405.88809400,40,27573.90000000,2979.64362200,0
1632889980000,0.10806000,0.10821000,0.10792000,0.10794000,24889.60000000,1632890039999,2689.94490400,34,22125.70000000,2391.65582400,0
1632890040000,0.10795000,0.10802000,0.10794000,0.10794000,9913.10000000,1632890099999,1070.29648000,7,1499.90000000,161.91420500,0
1632890100000,0.10797000,0.10890000,0.10797000,0.10888000,37235.00000000,1632890159999,4040.28913000,37,33735.00000000,3660.79413000,0
1632890160000,0.10885000,0.10890000,0.10862000,0.10873000,78245.30000000,1632890219999,8512.51883500,51,64780.10000000,7049.72473300,0
1632890220000,0.10870000,0.10870000,0.10870000,0.10870000,9812.10000000,1632890279999,1066.57527000,9,6556.90000000,712.73503000,0
1632890280000,0.10858000,0.10870000,0.10850000,0.10870000,10696.50000000,1632890339999,1161.68679500,8,6754.30000000,733.66758300,0
1632890340000,0.10853000,0.10854000,0.10853000,0.10853000,5000.00000000,1632890399999,542.66000000,10,0.00000000,0.00000000,0
1632890400000,0.10853000,0.10872000,0.10846000,0.10854000,9842.30000000,1632890459999,1069.01558000,21,8776.80000000,953.39006000,0
1632890460000,0.10847000,0.10855000,0.10842000,0.10854000,14175.90000000,1632890519999,1537.63130300,15,4575.00000000,496.20208900,0
1632890520000,0.10840000,0.10857000,0.10751000,0.10857000,108068.60000000,1632890579999,11680.43129700,68,21187.20000000,2295.19081800,0
1632890580000,0.10854000,0.10858000,0.10825000,0.10834000,19647.90000000,1632890639999,2131.78934300,15,18301.00000000,1985.95619700,0
1632890640000,0.10842000,0.10862000,0.10831000,0.10860000,30859.10000000,1632890699999,3348.58439400,40,27965.80000000,3035.16566500,0
1632890700000,0.10862000,0.10907000,0.10862000,0.10907000,69639.20000000,1632890759999,7583.23739400,56,63063.10000000,6867.21295000,0
1632890760000,0.10892000,0.10924000,0.10892000,0.10924000,29039.60000000,1632890819999,3168.44594800,29,25468.00000000,2779.02149400,0
1632890820000,0.10909000,0.10919000,0.10897000,0.10897000,6337.20000000,1632890879999,691.15496600,6,4372.50000000,477.01466300,0
1632890880000,0.10894000,0.10894000,0.10862000,0.10884000,49854.80000000,1632890939999,5419.60485000,20,6201.30000000,675.32512400,0
1632890940000,0.10875000,0.10921000,0.10869000,0.10921000,11973.90000000,1632890999999,1303.60915000,18,8474.10000000,923.15588800,0
1632891000000,0.10882000,0.10882000,0.10856000,0.10875000,5818.80000000,1632891059999,632.59711300,16,408.30000000,44.39871200,0
1632891060000,0.10859000,0.10859000,0.10856000,0.10856000,8631.30000000,1632891119999,937.13203600,7,3724.90000000,404.42369600,0
1632891120000,0.10856000,0.10888000,0.10855000,0.10860000,25365.30000000,1632891179999,2758.49587600,17,22429.00000000,2439.60551600,0
1632891180000,0.10883000,0.10883000,0.10861000,0.10876000,10010.10000000,1632891239999,1087.41620000,7,9373.80000000,1018.30373000,0
1632891240000,0.10852000,0.10864000,0.10846000,0.10846000,8395.10000000,1632891299999,911.21604800,18,3000.00000000,325.90421800,0
1632891300000,0.10849000,0.10851000,0.10847000,0.10851000,8049.80000000,1632891359999,873.35379200,7,3549.70000000,385.14794500,0
1632891360000,0.10848000,0.10848000,0.10837000,0.10837000,5995.10000000,1632891419999,650.15360000,7,0.00000000,0.00000000,0
1632891420000,0.10835000,0.10843000,0.10819000,0.10819000,13448.10000000,1632891479999,1456.18166700,23,2979.20000000,322.44245500,0
1632891480000,0.10822000,0.10851000,0.10772000,0.10784000,29723.20000000,1632891539999,3212.32390700,33,10219.60000000,1105.64529500,0
1632891540000,0.10776000,0.10783000,0.10768000,0.10783000,17255.60000000,1632891599999,1858.91587800,21,5631.60000000,606.63684600,0
1632891600000,0.10783000,0.10856000,0.10783000,0.10849000,51119.00000000,1632891659999,5531.61929700,64,47618.80000000,5152.59142000,0
1632891660000,0.10853000,0.10856000,0.10831000,0.10831000,8209.20000000,1632891719999,890.10070700,27,3209.30000000,348.31154800,0
1632891720000,0.10851000,0.10851000,0.10809000,0.10848000,8042.00000000,1632891779999,870.28424500,16,4278.70000000,463.40864500,0
1632891780000,0.10836000,0.10851000,0.10818000,0.10845000,10776.80000000,1632891839999,1167.32370100,19,8450.40000000,915.58094900,0
1632891840000,0.10850000,0.10856000,0.10827000,0.10836000,12023.80000000,1632891899999,1303.38075000,18,8113.80000000,879.77505000,0
1632891900000,0.10843000,0.10854000,0.10827000,0.10854000,15326.20000000,1632891959999,1661.81035600,30,14180.10000000,1537.70086000,0
1632891960000,0.10857000,0.10876000,0.10844000,0.10870000,21024.10000000,1632892019999,2282.66781000,46,18176.80000000,1973.75209800,0
1632892020000,0.10870000,0.10870000,0.10836000,0.10847000,10466.90000000,1632892079999,1135.42387600,19,7375.50000000,800.24880200,0
1632892080000,0.10851000,0.10851000,0.10823000,0.10846000,14393.50000000,1632892139999,1559.74139000,17,14108.00000000,1528.81888500,0
1632892140000,0.10834000,0.10845000,0.10815000,0.10817000,9318.10000000,1632892199999,1008.49012600,16,6588.10000000,713.20422600,0
1632892200000,0.10817000,0.10837000,0.10807000,0.10826000,11712.30000000,1632892259999,1267.63078700,19,11454.30000000,1239.74872700,0
1632892260000,0.10834000,0.10848000,0.10818000,0.10841000,9239.10000000,1632892319999,1000.60161700,23,4382.20000000,474.62437400,0
1632892320000,0.10837000,0.10837000,0.10782000,0.10791000,6794.20000000,1632892379999,734.81422700,24,2595.50000000,280.95380300,0
1632892380000,0.10772000,0.10813000,0.10762000,0.10813000,16313.40000000,1632892439999,1757.99237800,30,11068.60000000,1193.30898500,0
1632892440000,0.10793000,0.10804000,0.10767000,0.10793000,17846.60000000,1632892499999,1923.48217800,11,9582.60000000,1032.21813800,0
1632892500000,0.10770000,0.10804000,0.10767000,0.10787000,6461.90000000,1632892559999,696.09782400,9,3958.60000000,426.54021300,0
1632892560000,0.10768000,0.10786000,0.10765000,0.10766000,18855.80000000,1632892619999,2031.57967600,31,8893.40000000,958.95419900,0
1632892620000,0.10785000,0.10787000,0.10765000,0.10787000,3653.90000000,1632892679999,393.55192600,7,2743.90000000,295.59042600,0
1632892680000,0.10759000,0.10759000,0.10737000,0.10737000,18890.30000000,1632892739999,2030.78871100,19,3187.40000000,342.37843400,0
1632892740000,0.10730000,0.10736000,0.10714000,0.10714000,9087.90000000,1632892799999,974.89852600,10,4000.00000000,429.35554200,0
1632892800000,0.10720000,0.10746000,0.10714000,0.10720000,18460.50000000,1632892859999,1980.51964600,22,15050.70000000,1615.11177400,0
1632892860000,0.10720000,0.10745000,0.10719000,0.10720000,16197.90000000,1632892919999,1738.74355500,13,13296.40000000,1427.71531700,0
1632892920000,0.10722000,0.10804000,0.10722000,0.10804000,37921.20000000,1632892979999,4085.94568400,35,34635.20000000,3732.65043200,0
1632892980000,0.10791000,0.10791000,0.10791000,0.10791000,1228.70000000,1632893039999,132.58901700,2,318.70000000,34.39091700,0
1632893040000,0.10778000,0.10778000,0.10761000,0.10761000,5294.80000000,1632893099999,570.23654100,5,196.30000000,21.12384300,0
1632893100000,0.10745000,0.10745000,0.10717000,0.10727000,18348.30000000,1632893159999,1968.86291600,20,7651.90000000,820.82954600,0
1632893160000,0.10729000,0.10729000,0.10718000,0.10721000,7616.70000000,1632893219999,816.65694900,13,4766.30000000,511.11327100,0
1632893220000,0.10739000,0.10752000,0.10734000,0.10734000,15260.90000000,1632893279999,1639.53811600,22,12411.40000000,1333.66929300,0
1632893280000,0.10728000,0.10739000,0.10723000,0.10723000,7528.00000000,1632893339999,807.48193100,4,28.10000000,3.01765900,0
1632893340000,0.10720000,0.10755000,0.10720000,0.10739000,13125.20000000,1632893399999,1410.17441100,13,10816.80000000,1162.48797100,0
1632893400000,0.10738000,0.10761000,0.10738000,0.10748000,14995.50000000,1632893459999,1612.37923600,12,12146.50000000,1306.41873600,0
1632893460000,0.10762000,0.10766000,0.10745000,0.10745000,12559.30000000,1632893519999,1351.22037600,6,8384.40000000,902.46141100,0
1632893520000,0.10753000,0.10753000,0.10731000,0.10731000,2717.10000000,1632893579999,291.61978500,2,2717.10000000,291.61978500,0
1632893580000,0.10727000,0.10748000,0.10723000,0.10723000,17620.10000000,1632893639999,1891.26417500,12,12627.30000000,1355.71135100,0
1632893640000,0.10723000,0.10748000,0.10714000,0.10745000,28950.00000000,1632893699999,3105.71420300,21,20503.20000000,2200.64298300,0
1632893700000,0.10724000,0.10730000,0.10718000,0.10718000,7098.40000000,1632893759999,761.12110600,10,5563.50000000,596.58720800,0
1632893760000,0.10721000,0.10736000,0.10717000,0.10736000,15552.20000000,1632893819999,1667.93033700,11,13340.90000000,1430.88419800,0
1632893820000,0.10712000,0.10758000,0.10712000,0.10731000,20808.20000000,1632893879999,2233.65822700,18,17009.90000000,1826.61566800,0
1632893880000,0.10746000,0.10747000,0.10721000,0.10738000,19455.60000000,1632893939999,2088.57626400,14,15545.40000000,1669.18871200,0
1632893940000,0.10722000,0.10722000,0.10720000,0.10720000,4999.80000000,1632893999999,536.02855600,3,2111.00000000,226.34142000,0
1632894000000,0.10732000,0.10756000,0.10720000,0.10754000,18937.80000000,1632894059999,2034.18640400,17,16421.70000000,1764.42408400,0
1632894060000,0.10737000,0.10828000,0.10736000,0.10791000,40295.30000000,1632894119999,4338.77642300,41,33750.70000000,3635.41878300,0
1632894120000,0.10781000,0.10788000,0.10756000,0.10785000,14771.90000000,1632894179999,1591.55985700,15,7682.30000000,828.09381600,0
1632894180000,0.10781000,0.10786000,0.10761000,0.10773000,11041.00000000,1632894239999,1189.75742400,11,8154.00000000,879.04089000,0
1632894240000,0.10772000,0.10817000,0.10772000,0.10791000,27898.90000000,1632894299999,3010.75048300,28,26078.90000000,2814.39978300,0
1632894300000,0.10805000,0.10848000,0.10805000,0.10820000,32491.50000000,1632894359999,3516.68184700,29,30671.50000000,3319.68504700,0
1632894360000,0.10818000,0.10818000,0.10795000,0.10800000,10267.50000000,1632894419999,1109.55741700,7,910.00000000,98.28000000,0
1632894420000,0.10804000,0.10839000,0.10799000,0.10839000,38334.80000000,1632894479999,4147.86486500,26,36998.00000000,4003.44013300,0
1632894480000,0.10811000,0.10839000,0.10807000,0.10825000,28307.30000000,1632894539999,3062.90672900,16,22780.70000000,2465.59788100,0
1632894540000,0.10810000,0.10820000,0.10803000,0.10820000,10019.30000000,1632894599999,1083.41327000,7,2499.90000000,270.33019000,0
1632894600000,0.10806000,0.10810000,0.10806000,0.10810000,5000.20000000,1632894659999,540.42162000,3,4573.20000000,494.26292000,0
1632894660000,0.10805000,0.10823000,0.10805000,0.10809000,7965.80000000,1632894719999,861.03697400,10,3577.60000000,386.78206400,0
1632894720000,0.10817000,0.10837000,0.10816000,0.10824000,5946.70000000,1632894779999,643.35577800,4,3446.80000000,372.96659400,0
1632894780000,0.10809000,0.10812000,0.10809000,0.10812000,5000.20000000,1632894839999,540.54662100,4,3663.30000000,396.02829300,0
1632894840000,0.10811000,0.10811000,0.10811000,0.10811000,5000.20000000,1632894899999,540.57162200,3,0.00000000,0.00000000,0
1632894900000,0.10807000,0.10824000,0.10807000,0.10807000,5519.70000000,1632894959999,596.59800800,5,519.40000000,56.21558700,0
1632894960000,0.10806000,0.10806000,0.10800000,0.10800000,25279.90000000,1632895019999,2730.63361700,22,5940.90000000,641.90255800,0
1632895020000,0.10800000,0.10800000,0.10800000,0.10800000,11134.50000000,1632895079999,1202.52600000,9,0.00000000,0.00000000,0
1632895080000,0.10803000,0.10823000,0.10785000,0.10785000,10528.20000000,1632895139999,1137.66092000,26,8028.40000000,868.03434800,0
1632895140000,0.10786000,0.10786000,0.10784000,0.10784000,4999.70000000,1632895199999,539.21764600,4,2139.80000000,230.79882800,0
1632895200000,0.10800000,0.10858000,0.10786000,0.10854000,43768.40000000,1632895259999,4739.53114900,52,40771.50000000,4416.02261600,0
1632895260000,0.10853000,0.10873000,0.10836000,0.10851000,18118.50000000,1632895319999,1966.93318900,27,14708.30000000,1597.26741700,0
1632895320000,0.10852000,0.10862000,0.10851000,0.10862000,7250.40000000,1632895379999,786.98967400,8,6796.20000000,737.70085300,0
1632895380000,0.10865000,0.10865000,0.10846000,0.10852000,12364.50000000,1632895439999,1341.44389900,20,9313.30000000,1010.48771800,0
1632895440000,0.10833000,0.10836000,0.10833000,0.10836000,4999.70000000,1632895499999,541.69249500,5,3731.20000000,404.26513500,0
1632895500000,0.10834000,0.10834000,0.10807000,0.10807000,23416.90000000,1632895559999,2533.63992500,24,461.50000000,49.99891000,0
1632895560000,0.10800000,0.10800000,0.10762000,0.10762000,34201.10000000,1632895619999,3687.91538500,37,11000.60000000,1187.74512400,0
1632895620000,0.10760000,0.10809000,0.10755000,0.10788000,28562.60000000,1632895679999,3078.50353100,34,24118.60000000,2600.41932400,0
1632895680000,0.10798000,0.10811000,0.10781000,0.10781000,11678.40000000,1632895739999,1260.57041800,10,8467.50000000,914.33426200,0
1632895740000,0.10774000,0.10787000,0.10761000,0.10787000,11508.50000000,1632895799999,1240.10912900,12,9206.30000000,992.18840100,0
1632895800000,0.10765000,0.10777000,0.10760000,0.10777000,11785.80000000,1632895859999,1268.72139800,18,5060.30000000,544.87042600,0
1632895860000,0.10760000,0.10760000,0.10750000,0.10750000,3713.30000000,1632895919999,399.45417400,4,0.00000000,0.00000000,0
1632895920000,0.10749000,0.10754000,0.10740000,0.10754000,7426.00000000,1632895979999,798.13114200,10,5046.50000000,542.41113900,0
1632895980000,0.10744000,0.10753000,0.10744000,0.10753000,6820.00000000,1632896039999,732.90460000,4,1820.00000000,195.70460000,0
1632896040000,0.10741000,0.10741000,0.10740000,0.10740000,7499.90000000,1632896099999,805.53925900,6,2500.00000000,268.52500000,0
1632896100000,0.10745000,0.10784000,0.10742000,0.10776000,13122.90000000,1632896159999,1412.78719200,16,10238.80000000,1102.81162500,0
1632896160000,0.10774000,0.10796000,0.10760000,0.10779000,13737.70000000,1632896219999,1480.90246100,17,11237.50000000,1211.85364100,0
1632896220000,0.10777000,0.10777000,0.10777000,0.10777000,5000.00000000,1632896279999,538.85000000,4,4615.60000000,497.42321200,0
1632896280000,0.10773000,0.10773000,0.10773000,0.10773000,2276.50000000,1632896339999,245.24734500,3,1366.50000000,147.21304500,0
1632896340000,0.10764000,0.10764000,0.10740000,0.10740000,4288.20000000,1632896399999,460.98187200,12,178.40000000,19.16016000,0
1632896400000,0.10737000,0.10761000,0.10737000,0.10749000,14708.10000000,1632896459999,1581.74704200,20,12848.90000000,1381.93279800,0
1632896460000,0.10764000,0.10788000,0.10748000,0.10775000,20426.70000000,1632896519999,2199.29348600,26,19187.10000000,2065.98847800,0
1632896520000,0.10762000,0.10762000,0.10757000,0.10757000,4916.50000000,1632896579999,528.98873000,4,3096.50000000,333.16583000,0
1632896580000,0.10758000,0.10814000,0.10758000,0.10774000,11025.70000000,1632896639999,1188.13990700,13,10115.70000000,1090.24210700,0
1632896640000,0.10756000,0.10785000,0.10755000,0.10760000,15252.90000000,1632896699999,1642.27178200,17,9889.50000000,1065.27712300,0
1632896700000,0.10761000,0.10761000,0.10760000,0.10760000,3503.30000000,1632896759999,376.98007300,12,1182.00000000,127.18498000,0
1632896760000,0.10760000,0.10765000,0.10753000,0.10765000,6052.60000000,1632896819999,651.13171700,7,3121.80000000,335.84971700,0
1632896820000,0.10754000,0.10754000,0.10754000,0.10754000,5000.10000000,1632896879999,537.71075400,2,0.00000000,0.00000000,0
1632896880000,0.10745000,0.10745000,0.10742000,0.10742000,7499.90000000,1632896939999,805.71425800,5,1448.00000000,155.56498600,0
1632896940000,0.10754000,0.10754000,0.10742000,0.10744000,6600.20000000,1632896999999,709.23552000,4,3688.20000000,396.42023800,0
1632897000000,0.10753000,0.10754000,0.10745000,0.10754000,5520.20000000,1632897059999,593.18816900,4,520.00000000,55.91667900,0
1632897060000,0.10746000,0.10754000,0.10746000,0.10754000,5000.10000000,1632897119999,537.51076200,3,1009.10000000,108.51861400,0
1632897120000,0.10747000,0.10748000,0.10746000,0.10746000,7500.10000000,1632897179999,806.03574900,3,0.00000000,0.00000000,0
1632897180000,0.10746000,0.10746000,0.10746000,0.10746000,5833.80000000,1632897239999,626.90014800,5,0.00000000,0.00000000,0
1632897240000,0.10746000,0.10746000,0.10746000,0.10746000,9957.40000000,1632897299999,1070.02220400,13,422.80000000,45.43408800,0
1632897300000,0.10746000,0.10750000,0.10732000,0.10734000,48656.40000000,1632897359999,5227.38510700,20,17330.50000000,1861.71857400,0
1632897360000,0.10734000,0.10753000,0.10734000,0.10736000,8424.60000000,1632897419999,904.42039400,5,257.00000000,27.63521000,0
1632897420000,0.10736000,0.10749000,0.10734000,0.10734000,5093.20000000,1632897479999,546.76804000,3,93.00000000,9.99657000,0
1632897480000,0.10734000,0.10734000,0.10734000,0.10734000,5279.30000000,1632897539999,566.68006200,3,0.00000000,0.00000000,0
1632897540000,0.10734000,0.10751000,0.10734000,0.10735000,7062.80000000,1632897599999,758.49657800,4,2062.50000000,221.73937500,0
1632897600000,0.10737000,0.10762000,0.10737000,0.10762000,20479.40000000,1632897659999,2201.70835600,22,17928.80000000,1927.75143400,0
1632897660000,0.10748000,0.10767000,0.10748000,0.10749000,6814.70000000,1632897719999,732.73152200,11,5307.60000000,570.73741400,0
1632897720000,0.10749000,0.10764000,0.10729000,0.10764000,38700.50000000,1632897779999,4158.99654600,32,20180.70000000,2170.48819600,0
1632897780000,0.10751000,0.10763000,0.10750000,0.10750000,6514.30000000,1632897839999,700.42391900,6,1051.30000000,113.14734800,0
1632897840000,0.10750000,0.10754000,0.10750000,0.10754000,5147.70000000,1632897899999,553.38366200,3,147.80000000,15.89441200,0
1632897900000,0.10761000,0.10787000,0.10752000,0.10787000,16087.20000000,1632897959999,1732.07341800,15,11787.00000000,1269.39191400,0
1632897960000,0.10774000,0.10774000,0.10760000,0.10760000,5664.50000000,1632898019999,609.84365000,4,598.50000000,64.48239000,0
1632898020000,0.10774000,0.10825000,0.10774000,0.10778000,29142.60000000,1632898079999,3144.10895700,27,27458.70000000,2962.63677500,0
1632898080000,0.10774000,0.10823000,0.10770000,0.10800000,15685.60000000,1632898139999,1692.86720600,16,11642.40000000,1256.80256600,0
1632898140000,0.10798000,0.10817000,0.10780000,0.10817000,14544.60000000,1632898199999,1571.14177200,14,12044.40000000,1301.60414600,0
1632898200000,0.10809000,0.10813000,0.10796000,0.10796000,7122.10000000,1632898259999,769.57898700,13,4622.30000000,499.70057900,0
1632898260000,0.10797000,0.10813000,0.10797000,0.10804000,10303.40000000,1632898319999,1113.59917900,13,5767.20000000,623.48807200,0
1632898320000,0.10803000,0.10803000,0.10798000,0.10798000,5794.30000000,1632898379999,625.79350400,7,2406.40000000,259.96339200,0
1632898380000,0.10796000,0.10804000,0.10791000,0.10791000,10393.00000000,1632898439999,1122.33032100,6,7302.90000000,788.83906000,0
1632898440000,0.10781000,0.10806000,0.10781000,0.10806000,11983.70000000,1632898499999,1293.54958600,12,9041.40000000,976.24023100,0
1632898500000,0.10793000,0.10812000,0.10792000,0.10812000,8506.50000000,1632898559999,918.55844100,10,3917.20000000,423.22638300,0
1632898560000,0.10797000,0.10797000,0.10797000,0.10797000,5000.10000000,1632898619999,539.86079700,4,2020.10000000,218.11019700,0
1632898620000,0.10797000,0.10899000,0.10797000,0.10859000,123399.10000000,1632898679999,13388.06856800,77,113443.90000000,12309.79600100,0
1632898680000,0.10856000,0.10857000,0.10850000,0.10850000,3300.90000000,1632898739999,358.19893700,4,1500.90000000,162.89893700,0
1632898740000,0.10850000,0.10870000,0.10850000,0.10870000,13215.00000000,1632898799999,1435.56737500,8,12515.00000000,1359.61737500,0
1632906000000,0.10849000,0.10849000,0.10782000,0.10782000,9839.50000000,1632906059999,1064.60476900,19,5263.00000000,569.39435700,0
1632906060000,0.10796000,0.10796000,0.10772000,0.10789000,4465.20000000,1632906119999,481.37082400,5,4206.40000000,453.49288800,0
1632906120000,0.10770000,0.10770000,0.10762000,0.10762000,13431.90000000,1632906179999,1446.10178600,16,1616.70000000,174.11859000,0
1632906180000,0.10763000,0.10777000,0.10759000,0.10759000,9051.30000000,1632906239999,974.23862500,11,3415.80000000,367.84631000,0
1632906240000,0.10757000,0.10775000,0.10750000,0.10751000,85987.80000000,1632906299999,9244.53402200,33,5620.00000000,604.92074900,0
1632906300000,0.10751000,0.10760000,0.10750000,0.10760000,13395.20000000,1632906359999,1440.03557800,20,1265.00000000,136.01039200,0
1632906360000,0.10777000,0.10789000,0.10750000,0.10750000,11331.40000000,1632906419999,1219.25351500,11,5795.10000000,624.07775300,0
1632906420000,0.10750000,0.10796000,0.10750000,0.10777000,18391.20000000,1632906479999,1979.79897800,18,8849.20000000,953.50877400,0
1632906480000,0.10757000,0.10774000,0.10754000,0.10755000,6935.10000000,1632906539999,746.15086100,13,3749.70000000,403.51211300,0
1632906540000,0.10755000,0.10778000,0.10751000,0.10751000,28767.60000000,1632906599999,3093.73888500,27,6121.90000000,659.05479100,0
1632906600000,0.10751000,0.10751000,0.10751000,0.10751000,5132.90000000,1632906659999,551.83807900,6,3128.50000000,336.34503500,0
1632906660000,0.10751000,0.10760000,0.10750000,0.10760000,14344.50000000,1632906719999,1542.16755300,8,8255.80000000,887.62977500,0
1632906720000,0.10750000,0.10751000,0.10750000,0.10751000,7780.80000000,1632906779999,836.46268000,8,1079.70000000,116.07854700,0
1632906780000,0.10753000,0.10753000,0.10753000,0.10753000,8262.50000000,1632906839999,888.46662500,3,0.00000000,0.00000000,0
1632906840000,0.10752000,0.10754000,0.10752000,0.10754000,4999.60000000,1632906899999,537.60698800,3,0.00000000,0.00000000,0
1632906900000,0.10751000,0.10768000,0.10750000,0.10750000,19827.90000000,1632906959999,2131.72177000,20,4213.60000000,453.18349700,0
1632906960000,0.10750000,0.10750000,0.10750000,0.10750000,18690.70000000,1632907019999,2009.25025000,8,0.00000000,0.00000000,0
1632907020000,0.10750000,0.10766000,0.10750000,0.10766000,5997.40000000,1632907079999,644.88010000,3,997.50000000,107.39085000,0
1632907080000,0.10752000,0.10752000,0.10751000,0.10751000,5719.10000000,1632907139999,614.88544000,5,2608.40000000,280.42908400,0
1632907140000,0.10750000,0.10750000,0.10750000,0.10750000,4999.70000000,1632907199999,537.46775000,2,0.00000000,0.00000000,0
1632907200000,0.10750000,0.10750000,0.10750000,0.10750000,22214.30000000,1632907259999,2388.03725000,8,0.00000000,0.00000000,0
1632907260000,0.10751000,0.10751000,0.10750000,0.10750000,10680.30000000,1632907319999,1148.16288900,7,2500.00000000,268.77500000,0
1632907320000,0.10750000,0.10750000,0.10740000,0.10740000,42393.70000000,1632907379999,4556.85366800,23,0.00000000,0.00000000,0
1632907380000,0.10740000,0.10759000,0.10740000,0.10742000,48891.30000000,1632907439999,5252.78827100,33,11900.70000000,1279.87734500,0
1632907440000,0.10741000,0.10757000,0.10739000,0.10739000,62914.30000000,1632907499999,6757.01561000,32,422.30000000,45.42681100,0
1632907500000,0.10739000,0.10739000,0.10739000,0.10739000,10809.80000000,1632907559999,1160.86442200,9,0.00000000,0.00000000,0
1632907560000,0.10739000,0.10739000,0.10739000,0.10739000,7117.40000000,1632907619999,764.33758600,10,0.00000000,0.00000000,0
1632907620000,0.10739000,0.10739000,0.10737000,0.10739000,10292.80000000,1632907679999,1105.33859800,7,5002.90000000,537.26143100,0
1632907680000,0.10730000,0.10730000,0.10728000,0.10728000,10424.10000000,1632907739999,1118.34745200,8,3084.40000000,330.93408200,0
1632907740000,0.10723000,0.10723000,0.10723000,0.10723000,5000.00000000,1632907799999,536.15000000,2,0.00000000,0.00000000,0
1632907800000,0.10723000,0.10743000,0.10723000,0.10742000,10135.90000000,1632907859999,1087.94509100,7,7635.90000000,819.87009100,0
1632907860000,0.10744000,0.10746000,0.10722000,0.10722000,10518.00000000,1632907919999,1128.75221500,12,6977.50000000,749.05054700,0
1632907920000,0.10723000,0.10723000,0.10719000,0.10719000,4681.50000000,1632907979999,501.88452100,10,1447.00000000,155.14940000,0
1632907980000,0.10718000,0.10718000,0.10716000,0.10716000,38508.10000000,1632908039999,4126.55164000,15,0.00000000,0.00000000,0
1632908040000,0.10716000,0.10716000,0.10680000,0.10701000,16033.10000000,1632908099999,1714.77940200,24,4418.30000000,472.82387900,0
1632908100000,0.10683000,0.10725000,0.10676000,0.10694000,7910.60000000,1632908159999,845.49554900,11,4546.10000000,486.15647800,0
1632908160000,0.10676000,0.10676000,0.10657000,0.10657000,18180.50000000,1632908219999,1939.97038700,11,4000.00000000,427.00000000,0
1632908220000,0.10670000,0.10680000,0.10655000,0.10658000,9763.20000000,1632908279999,1041.18821900,12,6494.20000000,692.82720400,0
1632908280000,0.10655000,0.10667000,0.10655000,0.10658000,7251.40000000,1632908339999,772.98179600,7,4999.00000000,532.93949000,0
1632908340000,0.10657000,0.10657000,0.10657000,0.10657000,3066.80000000,1632908399999,326.82887600,3,322.90000000,34.41145300,0
1632908400000,0.10655000,0.10673000,0.10655000,0.10673000,11811.30000000,1632908459999,1259.06010500,12,9580.60000000,1021.35077300,0
1632908460000,0.10672000,0.10672000,0.10654000,0.10655000,6001.00000000,1632908519999,639.55172100,4,2093.00000000,223.16840000,0
1632908520000,0.10654000,0.10661000,0.10654000,0.10658000,5000.00000000,1632908579999,532.86122200,7,2179.20000000,232.18190400,0
1632908580000,0.10653000,0.10653000,0.10651000,0.10651000,6871.00000000,1632908639999,731.95963400,10,0.00000000,0.00000000,0
1632908640000,0.10650000,0.10650000,0.10641000,0.10642000,12587.70000000,1632908699999,1340.12070200,15,0.00000000,0.00000000,0
1632908700000,0.10641000,0.10660000,0.10634000,0.10652000,14606.70000000,1632908759999,1554.78925000,19,9375.70000000,998.34474300,0
1632908760000,0.10635000,0.10672000,0.10621000,0.10621000,84577.60000000,1632908819999,9004.06358400,18,6307.50000000,672.32465000,0
1632908820000,0.10638000,0.10647000,0.10621000,0.10641000,54601.60000000,1632908879999,5804.63741200,19,32360.60000000,3440.19117300,0
1632908880000,0.10640000,0.10640000,0.10622000,0.10622000,8118.70000000,1632908939999,862.86119500,8,4975.00000000,528.93094300,0
1632908940000,0.10624000,0.10680000,0.10624000,0.10665000,23095.30000000,1632908999999,2461.70943000,21,17645.00000000,1881.47309600,0
1632909000000,0.10675000,0.10689000,0.10667000,0.10667000,16203.90000000,1632909059999,1729.63556300,15,10529.70000000,1124.25178600,0
1632909060000,0.10685000,0.10705000,0.10670000,0.10705000,14289.50000000,1632909119999,1527.19071400,21,11148.60000000,1191.68171400,0
1632909120000,0.10710000,0.10711000,0.10688000,0.10688000,5723.70000000,1632909179999,612.13796100,7,3074.40000000,328.96732200,0
1632909180000,0.10705000,0.10729000,0.10705000,0.10728000,86506.00000000,1632909239999,9275.14810800,59,47116.40000000,5049.86340000,0
1632909240000,0.10726000,0.10749000,0.10722000,0.10727000,36684.70000000,1632909299999,3937.41635400,28,34293.60000000,3680.95261200,0
1632909300000,0.10723000,0.10743000,0.10723000,0.10729000,12796.70000000,1632909359999,1373.21387400,7,9705.30000000,1041.57304600,0
1632909360000,0.10727000,0.10736000,0.10717000,0.10717000,8310.60000000,1632909419999,891.07605200,10,3910.60000000,419.50005200,0
1632909420000,0.10717000,0.10717000,0.10717000,0.10717000,2500.20000000,1632909479999,267.94643400,3,1887.40000000,202.27265800,0
1632909480000,0.10713000,0.10742000,0.10713000,0.10721000,29453.60000000,1632909539999,3160.85826000,15,25853.60000000,2775.04626000,0
1632909540000,0.10724000,0.10724000,0.10719000,0.10724000,5208.90000000,1632909599999,558.47742600,10,2117.10000000,227.03780400,0
1632909600000,0.10715000,0.10742000,0.10715000,0.10742000,7092.10000000,1632909659999,760.64882000,15,4592.00000000,492.43809200,0
1632909660000,0.10729000,0.10777000,0.10729000,0.10777000,25265.30000000,1632909719999,2717.76561900,28,19162.90000000,2061.85422900,0
1632909720000,0.10778000,0.10812000,0.10764000,0.10809000,28971.50000000,1632909779999,3125.59717400,36,16280.50000000,1757.94551200,0
1632909780000,0.10805000,0.10820000,0.10790000,0.10790000,10219.80000000,1632909839999,1104.25774800,15,6619.80000000,715.43974800,0
1632909840000,0.10807000,0.10840000,0.10807000,0.10840000,29467.80000000,1632909899999,3190.00273800,25,14076.80000000,1524.25062200,0
1632909900000,0.10843000,0.10849000,0.10830000,0.10846000,10472.40000000,1632909959999,1135.09799100,17,8037.90000000,871.42895100,0
1632909960000,0.10832000,0.10850000,0.10831000,0.10831000,24348.90000000,1632910019999,2639.71077100,29,8447.20000000,916.07369300,0
1632910020000,0.10846000,0.10847000,0.10827000,0.10827000,42632.10000000,1632910079999,4618.03448100,19,5292.30000000,573.99992500,0
1632910080000,0.10827000,0.10837000,0.10827000,0.10827000,98643.60000000,1632910139999,10680.92541400,29,8000.00000000,866.88000000,0
1632910140000,0.10810000,0.10810000,0.10728000,0.10746000,45401.70000000,1632910199999,4878.41305300,34,24310.00000000,2611.01753200,0
1632910200000,0.10741000,0.10751000,0.10694000,0.10715000,52589.10000000,1632910259999,5635.95145700,51,23557.10000000,2526.46687000,0
1632910260000,0.10715000,0.10726000,0.10704000,0.10718000,24402.20000000,1632910319999,2616.02829800,33,20459.00000000,2193.22602200,0
1632910320000,0.10732000,0.10746000,0.10720000,0.10721000,15159.00000000,1632910379999,1626.73006600,12,7753.30000000,832.70672800,0
1632910380000,0.10724000,0.10764000,0.10724000,0.10758000,30082.60000000,1632910439999,3232.76609600,20,26143.70000000,2810.16595900,0
1632910440000,0.10747000,0.10796000,0.10747000,0.10796000,44088.60000000,1632910499999,4749.86877000,34,40488.60000000,4362.92277000,0
1632910500000,0.10799000,0.10846000,0.10783000,0.10830000,28342.90000000,1632910559999,3066.59379900,35,24697.50000000,2672.69049300,0
1632910560000,0.10839000,0.10848000,0.10812000,0.10830000,14130.30000000,1632910619999,1529.92220200,12,9302.10000000,1007.65814200,0
1632910620000,0.10838000,0.10848000,0.10824000,0.10825000,12405.90000000,1632910679999,1344.17179800,10,7107.80000000,770.50278400,0
1632910680000,0.10825000,0.10825000,0.10757000,0.10757000,55534.20000000,1632910739999,5990.82037100,30,1564.10000000,168.90043300,0
1632910740000,0.10761000,0.10763000,0.10737000,0.10737000,9706.20000000,1632910799999,1043.98123400,15,6509.30000000,700.42706300,0
1632910800000,0.10743000,0.10756000,0.10741000,0.10741000,6771.50000000,1632910859999,727.54826400,7,4971.50000000,534.21026400,0
1632910860000,0.10740000,0.10769000,0.10740000,0.10755000,13905.20000000,1632910919999,1495.71421300,25,11507.10000000,1237.88827300,0
1632910920000,0.10771000,0.10771000,0.10755000,0.10755000,13764.70000000,1632910979999,1481.37796500,11,10724.10000000,1154.34343500,0
1632910980000,0.10755000,0.10793000,0.10755000,0.10787000,19293.90000000,1632911039999,2079.27992300,17,14181.00000000,1528.91827200,0
1632911040000,0.10777000,0.10777000,0.10771000,0.10772000,7283.10000000,1632911099999,784.63768800,6,4963.00000000,534.73401200,0
1632911100000,0.10771000,0.10788000,0.10771000,0.10777000,15138.50000000,1632911159999,1630.92695200,7,11538.50000000,1243.06295200,0
1632911160000,0.10791000,0.10808000,0.10782000,0.10808000,18174.20000000,1632911219999,1961.46714500,14,15501.10000000,1672.88722400,0
1632911220000,0.10808000,0.10808000,0.10779000,0.10780000,11744.80000000,1632911279999,1267.98887000,6,0.00000000,0.00000000,0
1632911280000,0.10798000,0.10798000,0.10782000,0.10785000,5640.30000000,1632911339999,608.31461000,6,2040.30000000,220.10861000,0
1632911340000,0.10780000,0.10807000,0.10772000,0.10794000,18860.10000000,1632911399999,2034.11202000,14,13979.20000000,1507.95100000,0
1632911400000,0.10800000,0.10803000,0.10771000,0.10771000,61970.20000000,1632911459999,6684.72425100,29,6350.90000000,685.51136500,0
1632911460000,0.10785000,0.10794000,0.10773000,0.10792000,8948.80000000,1632911519999,965.13643900,10,7148.80000000,771.22243900,0
1632911520000,0.10778000,0.10779000,0.10778000,0.10779000,7500.10000000,1632911579999,808.41077700,5,3608.50000000,388.93521300,0
1632911580000,0.10793000,0.10806000,0.10776000,0.10806000,22827.20000000,1632911639999,2464.54005100,19,19758.50000000,2133.81142700,0
1632911640000,0.10808000,0.10809000,0.10792000,0.10792000,6218.80000000,1632911699999,671.33340600,13,2676.80000000,289.08076600,0
1632911700000,0.10789000,0.10789000,0.10775000,0.10780000,12491.30000000,1632911759999,1346.96802500,14,6066.60000000,654.34520400,0
1632911760000,0.10793000,0.10810000,0.10773000,0.10787000,35699.20000000,1632911819999,3853.14716300,32,22760.70000000,2458.28018600,0
1632911820000,0.10800000,0.10820000,0.10789000,0.10820000,19298.50000000,1632911879999,2084.82438600,20,17498.50000000,1890.51438600,0
1632911880000,0.10816000,0.10816000,0.10816000,0.10816000,3218.00000000,1632911939999,348.05888000,3,222.70000000,24.08723200,0
1632911940000,0.10827000,0.10834000,0.10807000,0.10807000,3606.90000000,1632911999999,390.25334000,8,1185.90000000,128.42480900,0
1632912000000,0.10807000,0.10817000,0.10806000,0.10806000,19122.30000000,1632912059999,2066.54686000,17,1411.50000000,152.63324500,0
1632912060000,0.10795000,0.10803000,0.10775000,0.10800000,19286.00000000,1632912119999,2081.09867000,16,7642.20000000,824.97460200,0
1632912120000,0.10793000,0.10825000,0.10793000,0.10815000,17679.20000000,1632912179999,1911.23993700,14,14682.90000000,1587.49930600,0
1632912180000,0.10833000,0.10833000,0.10809000,0.10809000,6900.70000000,1632912239999,746.27646900,6,2773.40000000,300.00497400,0
1632912240000,0.10832000,0.10837000,0.10815000,0.10818000,6950.40000000,1632912299999,752.14367400,6,4450.60000000,481.71531000,0
1632912300000,0.10834000,0.10837000,0.10789000,0.10789000,86215.60000000,1632912359999,9320.96458200,31,7424.90000000,803.70164400,0
1632912360000,0.10777000,0.10777000,0.10733000,0.10761000,139476.10000000,1632912419999,14998.67391300,54,15904.90000000,1709.43681900,0
1632912420000,0.10761000,0.10779000,0.10745000,0.10754000,18873.10000000,1632912479999,2030.88745600,18,15663.60000000,1685.91501900,0
1632912480000,0.10773000,0.10783000,0.10759000,0.10779000,19355.90000000,1632912539999,2085.16715300,15,14356.10000000,1547.23867100,0
1632912540000,0.10768000,0.10792000,0.10768000,0.10778000,14386.10000000,1632912599999,1550.85883000,14,12924.90000000,1393.33859400,0
1632912600000,0.10783000,0.10788000,0.10783000,0.10785000,10132.40000000,1632912659999,1092.94968800,6,6483.80000000,699.33872000,0
1632912660000,0.10777000,0.10795000,0.10773000,0.10781000,9674.60000000,1632912719999,1043.05357100,9,5629.30000000,606.92579800,0
1632912720000,0.10803000,0.10878000,0.10782000,0.10878000,92051.10000000,1632912779999,9990.81037200,64,87050.80000000,9451.21146400,0
1632912780000,0.10876000,0.10879000,0.10843000,0.10854000,13623.90000000,1632912839999,1480.29613600,22,9754.00000000,1060.24456700,0
1632912840000,0.10854000,0.10854000,0.10782000,0.10782000,36545.60000000,1632912899999,3947.41989200,40,699.80000000,75.72753300,0
1632912900000,0.10782000,0.10836000,0.10780000,0.10836000,33339.80000000,1632912959999,3601.77682700,31,26741.50000000,2890.48008700,0
1632912960000,0.10829000,0.10848000,0.10827000,0.10848000,16602.80000000,1632913019999,1798.38315500,11,6500.10000000,704.48297400,0
1632913020000,0.10839000,0.10870000,0.10830000,0.10846000,43788.50000000,1632913079999,4748.33927900,43,36758.30000000,3986.38300100,0
1632913080000,0.10835000,0.10853000,0.10834000,0.10852000,13275.40000000,1632913139999,1439.38871300,8,9375.20000000,1016.37700900,0
1632913140000,0.10854000,0.10854000,0.10831000,0.10831000,18023.40000000,1632913199999,1955.33478800,10,3417.00000000,370.27712700,0
1632913200000,0.10840000,0.10855000,0.10827000,0.10829000,20419.80000000,1632913259999,2214.13092900,14,8482.20000000,919.96854800,0
1632913260000,0.10829000,0.10829000,0.10829000,0.10829000,5282.80000000,1632913319999,572.07441200,5,3796.20000000,411.09049800,0
1632913320000,0.10826000,0.10834000,0.10826000,0.10834000,6384.10000000,1632913379999,691.32842000,5,4678.90000000,506.71431200,0
1632913380000,0.10828000,0.10860000,0.10828000,0.10828000,28238.70000000,1632913439999,3061.61745600,13,25438.70000000,2758.43345600,0
1632913440000,0.10852000,0.10870000,0.10824000,0.10824000,24706.40000000,1632913499999,2678.24321200,18,10245.90000000,1112.20662400,0
1632913500000,0.10831000,0.10831000,0.10831000,0.10831000,2499.90000000,1632913559999,270.76416900,2,1099.90000000,119.13016900,0
1632913560000,0.10827000,0.10843000,0.10827000,0.10830000,6899.00000000,1632913619999,747.26989400,7,4099.00000000,444.07189400,0
1632913620000,0.10833000,0.10833000,0.10818000,0.10818000,45893.70000000,1632913679999,4967.86324200,29,4884.60000000,528.89047500,0
1632913680000,0.10807000,0.10818000,0.10802000,0.10802000,28986.30000000,1632913739999,3134.05734500,11,9556.30000000,1032.64942600,0
1632913740000,0.10802000,0.10802000,0.10786000,0.10786000,25713.00000000,1632913799999,2776.18690900,25,8608.00000000,929.45029900,0
1632913800000,0.10787000,0.10807000,0.10787000,0.10807000,9378.20000000,1632913859999,1012.44009800,20,6663.60000000,719.56591900,0
1632913860000,0.10796000,0.10815000,0.10795000,0.10799000,12836.10000000,1632913919999,1386.63063600,11,9261.30000000,1000.62574800,0
1632913920000,0.10799000,0.10819000,0.10799000,0.10814000,9035.00000000,1632913979999,976.42201300,24,5322.20000000,575.43048500,0
1632913980000,0.10800000,0.10800000,0.10800000,0.10800000,500.00000000,1632914039999,54.00000000,1,0.00000000,0.00000000,0
1632914040000,0.10793000,0.10802000,0.10787000,0.10802000,11472.90000000,1632914099999,1238.07132800,12,4003.00000000,432.12896000,0
1632914100000,0.10788000,0.10795000,0.10788000,0.10795000,9325.80000000,1632914159999,1006.54510300,7,0.00000000,0.00000000,0
1632914160000,0.10795000,0.10795000,0.10785000,0.10785000,6115.80000000,1632914219999,660.05703900,7,3207.00000000,346.17702000,0
1632914220000,0.10786000,0.10786000,0.10786000,0.10786000,7500.50000000,1632914279999,809.00393000,4,2397.30000000,258.57277800,0
1632914280000,0.10790000,0.10790000,0.10787000,0.10787000,7320.50000000,1632914339999,789.78745000,6,0.00000000,0.00000000,0
1632914340000,0.10802000,0.10803000,0.10789000,0.10789000,5448.40000000,1632914399999,588.08726000,5,1890.50000000,204.22542900,0
1632914400000,0.10789000,0.10848000,0.10789000,0.10848000,31612.90000000,1632914459999,3418.50423300,31,26591.70000000,2876.65049300,0
1632914460000,0.10810000,0.10856000,0.10810000,0.10835000,42373.20000000,1632914519999,4593.72162800,49,36847.00000000,3995.66136300,0
1632914520000,0.10853000,0.10862000,0.10843000,0.10845000,17042.10000000,1632914579999,1849.73949800,14,12610.30000000,1368.88209400,0
1632914580000,0.10854000,0.10859000,0.10842000,0.10842000,45429.90000000,1632914639999,4932.14014300,27,22271.90000000,2417.71872300,0
1632914640000,0.10828000,0.10828000,0.10799000,0.10818000,40573.50000000,1632914699999,4383.94727400,15,34207.40000000,3695.32615400,0
1632914700000,0.10819000,0.10819000,0.10803000,0.10803000,6837.10000000,1632914759999,739.34222900,5,4336.90000000,469.20362300,0
1632914760000,0.10802000,0.10806000,0.10797000,0.10797000,12874.40000000,1632914819999,1390.64268400,8,4285.30000000,462.97571000,0
1632914820000,0.10804000,0.10804000,0.10802000,0.10802000,5093.60000000,1632914879999,550.26254400,5,1200.00000000,129.62400000,0
1632914880000,0.10805000,0.10829000,0.10805000,0.10815000,6873.90000000,1632914939999,743.19663100,5,5573.90000000,602.73163100,0
1632914940000,0.10826000,0.10826000,0.10818000,0.10822000,5314.90000000,1632914999999,575.09105800,8,4014.90000000,434.40505800,0
1632915000000,0.10837000,0.10837000,0.10812000,0.10812000,7108.10000000,1632915059999,768.98693000,17,2950.60000000,319.36258500,0
1632915060000,0.10801000,0.10814000,0.10796000,0.10802000,9758.40000000,1632915119999,1054.27641800,11,6162.10000000,665.86768800,0
1632915120000,0.10796000,0.10796000,0.10784000,0.10784000,26857.50000000,1632915179999,2897.86771400,27,259.60000000,27.99526400,0
1632915180000,0.10784000,0.10784000,0.10783000,0.10783000,5000.00000000,1632915239999,539.17500000,12,183.70000000,19.81020800,0
1632915240000,0.10783000,0.10800000,0.10783000,0.10800000,6385.00000000,1632915299999,688.72440500,5,1385.00000000,149.57440500,0
1632915300000,0.10802000,0.10816000,0.10790000,0.10816000,10292.50000000,1632915359999,1111.58264700,10,9423.10000000,1017.71124300,0
1632915360000,0.10795000,0.10795000,0.10795000,0.10795000,1569.70000000,1632915419999,169.44911500,3,1291.80000000,139.44981000,0
1632915420000,0.10790000,0.10791000,0.10790000,0.10790000,7680.80000000,1632915479999,828.78512400,15,640.30000000,69.09202600,0
1632915480000,0.10790000,0.10790000,0.10790000,0.10790000,5000.30000000,1632915539999,539.53237000,2,0.00000000,0.00000000,0
1632915540000,0.10807000,0.10807000,0.10790000,0.10790000,9123.50000000,1632915599999,984.44265000,6,325.40000000,35.12766000,0
1632915600000,0.10790000,0.10790000,0.10782000,0.10782000,3819.60000000,1632915659999,412.11436800,8,291.30000000,31.43127000,0
1632915660000,0.10780000,0.10780000,0.10778000,0.10778000,4999.90000000,1632915719999,538.93922400,3,2399.80000000,258.69844000,0
1632915720000,0.10778000,0.10778000,0.10778000,0.10778000,5504.70000000,1632915779999,593.29656600,3,0.00000000,0.00000000,0
1632915780000,0.10778000,0.10795000,0.10778000,0.10795000,6842.50000000,1632915839999,737.55074600,5,388.80000000,41.97096000,0
1632915840000,0.10778000,0.10778000,0.10778000,0.10778000,8056.40000000,1632915899999,868.31879200,4,0.00000000,0.00000000,0
1632915900000,0.10778000,0.10798000,0.10778000,0.10798000,6943.30000000,1632915959999,748.68394800,6,3458.80000000,373.12453800,0
1632915960000,0.10797000,0.10803000,0.10777000,0.10794000,16366.90000000,1632916019999,1765.44933800,15,5427.90000000,586.13951200,0
1632916020000,0.10778000,0.10790000,0.10762000,0.10790000,74602.40000000,1632916079999,8041.21000400,44,40999.50000000,4421.48558100,0
1632916080000,0.10784000,0.10790000,0.10764000,0.10764000,19282.70000000,1632916139999,2078.85527000,15,14772.80000000,1593.27853900,0
1632916140000,0.10765000,0.10790000,0.10763000,0.10790000,34703.50000000,1632916199999,3738.18464200,27,21366.40000000,2302.47013900,0
1632916200000,0.10763000,0.10764000,0.10761000,0.10764000,11933.80000000,1632916259999,1284.39440100,9,6028.70000000,648.87639700,0
1632916260000,0.10780000,0.10786000,0.10761000,0.10766000,19285.00000000,1632916319999,2077.99656800,30,15854.20000000,1708.66720500,0
1632916320000,0.10779000,0.10780000,0.10762000,0.10769000,61347.70000000,1632916379999,6612.19086800,21,58752.30000000,6332.85560500,0
1632916380000,0.10762000,0.10828000,0.10762000,0.10792000,118043.00000000,1632916439999,12729.79983500,28,112321.20000000,12112.77556200,0
1632916440000,0.10820000,0.10828000,0.10807000,0.10807000,12092.50000000,1632916499999,1307.90850600,11,7792.30000000,842.89789200,0
1632916500000,0.10805000,0.10805000,0.10802000,0.10802000,5000.00000000,1632916559999,540.17500600,4,1111.20000000,120.03182400,0
1632916560000,0.10815000,0.10820000,0.10798000,0.10816000,5733.50000000,1632916619999,619.31268100,10,2133.50000000,230.53068100,0
1632916620000,0.10802000,0.10809000,0.10802000,0.10809000,4747.60000000,1632916679999,512.99309800,6,2947.60000000,318.55709800,0
1632916680000,0.10821000,0.10821000,0.10804000,0.10809000,1676.30000000,1632916739999,181.18394900,8,633.70000000,68.51536500,0
1632916740000,0.10810000,0.10818000,0.10810000,0.10818000,1135.70000000,1632916799999,122.81820200,3,754.60000000,81.62129200,0
1632916800000,0.10819000,0.10822000,0.10805000,0.10819000,10228.90000000,1632916859999,1106.06848700,22,6628.90000000,717.05248700,0
1632916860000,0.10823000,0.10827000,0.10807000,0.10826000,26979.20000000,1632916919999,2919.13390200,39,24705.10000000,2673.37191500,0
1632916920000,0.10823000,0.10839000,0.10808000,0.10839000,45942.40000000,1632916979999,4973.05067800,38,30244.90000000,3273.20119600,0
1632916980000,0.10839000,0.10860000,0.10831000,0.10857000,21829.80000000,1632917039999,2367.94760300,23,16829.60000000,1825.98453400,0
1632917040000,0.10854000,0.10867000,0.10801000,0.10849000,81892.70000000,1632917099999,8886.92959700,44,50307.70000000,5463.62985400,0
1632917100000,0.10849000,0.10849000,0.10826000,0.10840000,16186.80000000,1632917159999,1753.83858700,30,7975.40000000,864.50689900,0
1632917160000,0.10830000,0.10844000,0.10827000,0.10831000,23031.60000000,1632917219999,2494.16198700,17,3051.50000000,330.69377400,0
1632917220000,0.10820000,0.10827000,0.10805000,0.10808000,17106.50000000,1632917279999,1849.16242700,15,3103.80000000,335.73815700,0
1632917280000,0.10823000,0.10833000,0.10803000,0.10803000,6296.10000000,1632917339999,680.56836400,10,1996.10000000,215.94936400,0
1632917340000,0.10819000,0.10849000,0.10808000,0.10849000,26847.10000000,1632917399999,2908.00289000,29,23080.70000000,2500.37978600,0
1632917400000,0.10844000,0.10850000,0.10827000,0.10850000,16809.30000000,1632917459999,1820.44916900,25,4343.60000000,470.72876200,0
1632917460000,0.10832000,0.10853000,0.10823000,0.10823000,8696.00000000,1632917519999,941.82742500,19,2789.50000000,302.26654000,0
1632917520000,0.10840000,0.10889000,0.10823000,0.10856000,30165.60000000,1632917579999,3274.60076800,42,11833.50000000,1286.06310400,0
1632917580000,0.10858000,0.10860000,0.10846000,0.10860000,3051.50000000,1632917639999,331.08725900,9,1668.70000000,181.09494300,0
1632917640000,0.10852000,0.10873000,0.10850000,0.10868000,15598.40000000,1632917699999,1692.99180100,12,13898.40000000,1508.54180100,0
1632917700000,0.10864000,0.10868000,0.10851000,0.10855000,20858.00000000,1632917759999,2266.09252700,30,17658.20000000,1918.80322900,0
1632917760000,0.10855000,0.10878000,0.10811000,0.10811000,83890.50000000,1632917819999,9099.60969400,45,13121.10000000,1423.68453700,0
1632917820000,0.10808000,0.10847000,0.10808000,0.10847000,17476.80000000,1632917879999,1893.39532400,20,13699.80000000,1484.59000600,0
1632917880000,0.10828000,0.10852000,0.10828000,0.10852000,58633.70000000,1632917939999,6354.81260700,34,56232.30000000,6094.44901500,0
1632917940000,0.10857000,0.10876000,0.10851000,0.10870000,14466.60000000,1632917999999,1570.91451300,9,12144.70000000,1318.88402400,0
1632918000000,0.10873000,0.10877000,0.10850000,0.10850000,13173.60000000,1632918059999,1431.21058500,11,6074.10000000,660.38488000,0
1632918060000,0.10836000,0.10836000,0.10812000,0.10832000,7533.30000000,1632918119999,815.47934300,8,3810.60000000,412.69654700,0
1632918120000,0.10820000,0.10824000,0.10812000,0.10812000,9300.40000000,1632918179999,1006.06562600,11,4686.20000000,506.77388400,0
1632918180000,0.10819000,0.10823000,0.10808000,0.10822000,6356.20000000,1632918239999,687.25936900,8,1355.90000000,146.72694100,0
1632918240000,0.10811000,0.10811000,0.10809000,0.10809000,201160.80000000,1632918299999,21743.61832400,36,2499.80000000,270.25337800,0
1632918300000,0.10809000,0.10821000,0.10782000,0.10782000,121397.50000000,1632918359999,13117.04475700,38,2343.70000000,253.45264500,0
1632918360000,0.10781000,0.10795000,0.10765000,0.10770000,11585.00000000,1632918419999,1248.42090000,19,7558.10000000,814.70237900,0
1632918420000,0.10770000,0.10770000,0.10750000,0.10750000,5116.40000000,1632918479999,550.67185000,11,100.30000000,10.80231000,0
1632918480000,0.10750000,0.10753000,0.10747000,0.10747000,5747.50000000,1632918539999,617.82220300,11,2634.90000000,283.26270300,0
1632918540000,0.10744000,0.10744000,0.10730000,0.10737000,2958.80000000,1632918599999,317.69591600,10,398.00000000,42.73326000,0
1632918600000,0.10738000,0.10738000,0.10730000,0.10730000,5212.80000000,1632918659999,559.55048000,5,0.00000000,0.00000000,0
1632918660000,0.10730000,0.10731000,0.10730000,0.10731000,6631.40000000,1632918719999,711.57422200,10,2561.60000000,274.85968000,0
1632918720000,0.10732000,0.10757000,0.10732000,0.10757000,12967.90000000,1632918779999,1394.14051600,10,6962.50000000,748.84247300,0
1632918780000,0.10753000,0.10754000,0.10735000,0.10751000,6048.10000000,1632918839999,649.89498600,5,3548.00000000,381.50688200,0
1632918840000,0.10737000,0.10737000,0.10736000,0.10736000,5100.40000000,1632918899999,547.60494600,9,0.00000000,0.00000000,0
1632918900000,0.10736000,0.10757000,0.10736000,0.10757000,5765.00000000,1632918959999,619.09109200,3,765.20000000,82.31256400,0
1632918960000,0.10738000,0.10771000,0.10721000,0.10721000,70617.60000000,1632919019999,7591.02213900,58,25648.10000000,2760.29454600,0
1632919020000,0.10735000,0.10735000,0.10700000,0.10700000,16157.10000000,1632919079999,1731.32218100,16,293.10000000,31.44372500,0
1632919080000,0.10713000,0.10714000,0.10700000,0.10700000,13081.80000000,1632919139999,1400.15466800,16,620.00000000,66.42199500,0
1632919140000,0.10718000,0.10718000,0.10636000,0.10639000,41334.20000000,1632919199999,4411.49330100,64,15224.10000000,1625.35516000,0
1632919200000,0.10633000,0.10684000,0.10613000,0.10613000,34990.60000000,1632919259999,3722.94529900,38,22716.90000000,2418.79150700,0
1632919260000,0.10622000,0.10645000,0.10622000,0.10622000,19533.20000000,1632919319999,2076.21413400,17,16935.40000000,1800.17673700,0
1632919320000,0.10622000,0.10636000,0.10622000,0.10636000,3308.50000000,1632919379999,351.49731400,5,1100.20000000,116.87424600,0
1632919380000,0.10640000,0.10646000,0.10631000,0.10645000,16326.70000000,1632919439999,1736.82510200,20,10816.50000000,1150.90880200,0
1632919440000,0.10645000,0.10660000,0.10632000,0.10639000,11916.00000000,1632919499999,1268.14821700,14,9059.20000000,964.25028800,0
1632919500000,0.10650000,0.10669000,0.10569000,0.10582000,100507.00000000,1632919559999,10675.85441000,90,27407.10000000,2916.48864600,0
1632919560000,0.10593000,0.10599000,0.10534000,0.10536000,190301.30000000,1632919619999,20086.65568400,106,35953.10000000,3801.67005800,0
1632919620000,0.10547000,0.10584000,0.10547000,0.10557000,29672.30000000,1632919679999,3132.40278300,26,22727.80000000,2399.47893400,0
1632919680000,0.10558000,0.10583000,0.10542000,0.10542000,38821.30000000,1632919739999,4094.95667700,18,5646.80000000,596.76248100,0
1632919740000,0.10542000,0.10599000,0.10542000,0.10555000,29857.90000000,1632919799999,3154.53103200,31,21767.60000000,2300.40756700,0
1632919800000,0.10572000,0.10593000,0.10572000,0.10580000,17090.30000000,1632919859999,1808.71049900,12,11530.20000000,1220.02378600,0
1632919860000,0.10591000,0.10594000,0.10577000,0.10594000,12907.10000000,1632919919999,1366.81811800,21,10542.60000000,1116.59658600,0
1632919920000,0.10594000,0.10596000,0.10594000,0.10596000,5000.20000000,1632919979999,529.77119200,4,1360.30000000,144.13738800,0
1632919980000,0.10596000,0.10623000,0.10594000,0.10607000,21785.30000000,1632920039999,2309.83815900,24,6970.40000000,739.55464000,0
1632920040000,0.10608000,0.10610000,0.10608000,0.10610000,5000.40000000,1632920099999,530.49243600,13,1145.70000000,121.55586000,0
1632920100000,0.10613000,0.10637000,0.10613000,0.10637000,11867.10000000,1632920159999,1261.32065900,9,6867.10000000,730.27065900,0
1632920160000,0.10636000,0.10661000,0.10636000,0.10652000,64786.00000000,1632920219999,6897.59422800,33,23152.50000000,2464.47762100,0
1632920220000,0.10654000,0.10660000,0.10599000,0.10599000,72761.10000000,1632920279999,7752.56561200,36,10937.80000000,1165.01466700,0
1632920280000,0.10600000,0.10610000,0.10567000,0.10567000,29492.00000000,1632920339999,3123.87999200,29,17920.70000000,1899.51527500,0
1632920340000,0.10569000,0.10584000,0.10569000,0.10583000,11169.60000000,1632920399999,1181.66463800,10,6252.70000000,661.65777900,0
1632920400000,0.10583000,0.10587000,0.10567000,0.10576000,7338.40000000,1632920459999,776.06860600,13,2482.60000000,262.72995100,0
1632920460000,0.10583000,0.10585000,0.10583000,0.10585000,4999.90000000,1632920519999,529.18941300,3,3199.90000000,338.69541300,0
1632920520000,0.10586000,0.10610000,0.10586000,0.10605000,13259.50000000,1632920579999,1405.21589200,10,8040.00000000,852.63787900,0
1632920580000,0.10613000,0.10631000,0.10613000,0.10613000,18762.60000000,1632920639999,1992.96235400,10,2792.00000000,296.65552000,0
1632920640000,0.10593000,0.10630000,0.10592000,0.10612000,15628.00000000,1632920699999,1657.51850700,20,9876.30000000,1047.72875900,0
1632920700000,0.10628000,0.10674000,0.10601000,0.10660000,44164.60000000,1632920759999,4700.71426800,57,31131.60000000,3313.44335800,0
1632920760000,0.10636000,0.10653000,0.10636000,0.10653000,10124.40000000,1632920819999,1077.62293800,8,8069.40000000,859.05313800,0
1632920820000,0.10642000,0.10649000,0.10636000,0.10648000,16122.10000000,1632920879999,1715.89796700,10,13852.60000000,1474.45760700,0
1632920880000,0.10649000,0.10649000,0.10628000,0.10628000,11434.90000000,1632920939999,1216.78799600,13,7195.90000000,765.86118900,0
1632920940000,0.10656000,0.10679000,0.10635000,0.10655000,19621.90000000,1632920999999,2089.84783500,26,16417.10000000,1748.94220500,0
1632921000000,0.10643000,0.10658000,0.10642000,0.10642000,12928.50000000,1632921059999,1376.30081300,10,8812.70000000,938.28937400,0
1632921060000,0.10639000,0.10639000,0.10600000,0.10600000,219001.10000000,1632921119999,23279.07041000,52,3199.70000000,339.22818900,0
1632921120000,0.10611000,0.10611000,0.10583000,0.10583000,87348.00000000,1632921179999,9251.14657000,26,52941.20000000,5606.98465500,0
1632921180000,0.10583000,0.10586000,0.10571000,0.10571000,24742.60000000,1632921239999,2616.35771700,14,4719.20000000,499.36977700,0
1632921240000,0.10579000,0.10623000,0.10572000,0.10623000,17944.00000000,1632921299999,1901.14429500,14,14641.00000000,1551.62993500,0
1632921300000,0.10624000,0.10636000,0.10611000,0.10620000,20107.40000000,1632921359999,2136.28220700,19,14779.50000000,1570.21038600,0
1632921360000,0.10617000,0.10624000,0.10617000,0.10624000,5579.80000000,1632921419999,592.44795900,4,1280.00000000,135.93819300,0
1632921420000,0.10630000,0.10630000,0.10583000,0.10583000,36151.90000000,1632921479999,3839.63645700,16,3432.80000000,363.89672900,0
1632921480000,0.10589000,0.10600000,0.10574000,0.10574000,17613.30000000,1632921539999,1864.12997600,13,4624.10000000,489.70819800,0
1632921540000,0.10591000,0.10591000,0.10567000,0.10571000,64634.50000000,1632921599999,6835.93283700,21,5501.40000000,582.35535500,0
1632921600000,0.10567000,0.10645000,0.10563000,0.10571000,63288.60000000,1632921659999,6702.82237000,55,31619.50000000,3352.90644100,0
1632921660000,0.10559000,0.10591000,0.10553000,0.10591000,30188.80000000,1632921719999,3190.12577700,27,17718.10000000,1873.59664700,0
1632921720000,0.10587000,0.10609000,0.10568000,0.10580000,41535.00000000,1632921779999,4399.96111500,38,23082.10000000,2444.66951400,0
1632921780000,0.10580000,0.10599000,0.10580000,0.10599000,16299.00000000,1632921839999,1725.57817600,14,14499.00000000,1535.10217600,0
1632921840000,0.10578000,0.10602000,0.10577000,0.10596000,13024.00000000,1632921899999,1379.44741700,20,10613.00000000,1124.42983700,0
1632921900000,0.10579000,0.10595000,0.10574000,0.10595000,15845.60000000,1632921959999,1677.55116500,23,13553.60000000,1435.16189500,0
1632921960000,0.10596000,0.10596000,0.10573000,0.10582000,32992.00000000,1632922019999,3491.80875700,35,22633.80000000,2396.19461400,0
1632922020000,0.10592000,0.10602000,0.10569000,0.10572000,39708.80000000,1632922079999,4202.67398500,25,20786.70000000,2202.30128600,0
1632922080000,0.10571000,0.10591000,0.10571000,0.10580000,7106.70000000,1632922139999,751.87723700,6,5306.70000000,561.59923700,0
1632922140000,0.10590000,0.10604000,0.10584000,0.10587000,9466.10000000,1632922199999,1002.63902100,25,4606.50000000,488.21017500,0
1632922200000,0.10585000,0.10604000,0.10581000,0.10589000,9758.40000000,1632922259999,1033.40978300,10,4094.80000000,433.85705100,0
1632922260000,0.10603000,0.10621000,0.10593000,0.10593000,19516.70000000,1632922319999,2070.56245000,14,14516.90000000,1540.70864500,0
1632922320000,0.10594000,0.10609000,0.10591000,0.10607000,10026.10000000,1632922379999,1062.97102500,8,5026.10000000,532.93102500,0
1632922380000,0.10604000,0.10616000,0.10604000,0.10615000,5332.50000000,1632922439999,565.49618600,5,2169.30000000,230.07045800,0
1632922440000,0.10605000,0.10605000,0.10583000,0.10591000,48833.80000000,1632922499999,5176.89396500,38,11024.00000000,1168.09539800,0
1632922500000,0.10601000,0.10606000,0.10583000,0.10588000,14897.90000000,1632922559999,1578.78929500,15,9766.20000000,1035.55888000,0
1632922560000,0.10597000,0.10636000,0.10578000,0.10593000,57907.80000000,1632922619999,6143.53759100,37,50840.40000000,5395.08735400,0
1632922620000,0.10593000,0.10593000,0.10565000,0.10573000,22731.50000000,1632922679999,2404.09584800,11,3449.30000000,364.83807500,0
1632922680000,0.10567000,0.10580000,0.10560000,0.10560000,10030.20000000,1632922739999,1059.60530400,16,470.80000000,49.77154900,0
1632922740000,0.10562000,0.10571000,0.10560000,0.10560000,28072.30000000,1632922799999,2964.56765600,16,3757.90000000,396.93649100,0
1632922800000,0.10560000,0.10560000,0.10533000,0.10535000,29663.30000000,1632922859999,3130.02352400,16,5409.50000000,570.70674600,0
1632922860000,0.10553000,0.10560000,0.10550000,0.10550000,13209.70000000,1632922919999,1394.01248900,9,8228.80000000,868.49591700,0
1632922920000,0.10563000,0.10563000,0.10545000,0.10545000,5486.70000000,1632922979999,578.77616100,7,2657.30000000,280.24061700,0
1632922980000,0.10538000,0.10545000,0.10533000,0.10533000,18380.40000000,1632923039999,1937.65551800,6,13355.30000000,1408.25841200,0
1632923040000,0.10545000,0.10551000,0.10537000,0.10551000,35024.70000000,1632923099999,3694.23660300,26,32542.90000000,3432.72251900,0
1632923100000,0.10548000,0.10548000,0.10535000,0.10536000,16301.90000000,1632923159999,1717.93194300,17,9211.90000000,970.56971100,0
1632923160000,0.10553000,0.10553000,0.10534000,0.10552000,8024.10000000,1632923219999,845.76084900,11,4088.50000000,431.09189100,0
1632923220000,0.10553000,0.10565000,0.10538000,0.10565000,20889.20000000,1632923279999,2204.33602200,19,14974.70000000,1580.64147400,0
1632923280000,0.10568000,0.10568000,0.10545000,0.10558000,9054.80000000,1632923339999,955.84902600,9,4781.30000000,504.90722100,0
1632923340000,0.10541000,0.10578000,0.10541000,0.10554000,14657.90000000,1632923399999,1547.14980400,16,12326.80000000,1301.40257900,0
1632923400000,0.10537000,0.10577000,0.10537000,0.10549000,11092.00000000,1632923459999,1170.11269600,8,5435.70000000,574.02765300,0
1632923460000,0.10548000,0.10548000,0.10548000,0.10548000,5000.00000000,1632923519999,527.40000000,3,0.00000000,0.00000000,0
1632923520000,0.10551000,0.10607000,0.10551000,0.10607000,36207.60000000,1632923579999,3832.44803200,28,33042.80000000,3498.17774600,0
1632923580000,0.10583000,0.10583000,0.10579000,0.10579000,4999.90000000,1632923639999,529.03942500,5,2527.70000000,267.43338700,0
1632923640000,0.10583000,0.10595000,0.10577000,0.10577000,5590.10000000,1632923699999,591.60037100,7,3839.70000000,406.43352900,0
1632923700000,0.10577000,0.10602000,0.10577000,0.10602000,20612.00000000,1632923759999,2183.17772200,18,15612.30000000,1654.35945300,0
1632923760000,0.10598000,0.10616000,0.10597000,0.10598000,8784.00000000,1632923819999,931.06332900,7,1209.10000000,128.30381100,0
1632923820000,0.10598000,0.10598000,0.10577000,0.10588000,36292.30000000,1632923879999,3839.40904900,22,248.30000000,26.27583400,0
1632923880000,0.10578000,0.10610000,0.10577000,0.10610000,10259.30000000,1632923939999,1085.50669200,15,5252.50000000,555.93407900,0
1632923940000,0.10579000,0.10605000,0.10578000,0.10578000,25885.20000000,1632923999999,2741.10299500,27,17605.60000000,1865.23601200,0
1632924000000,0.10579000,0.10621000,0.10579000,0.10621000,20236.50000000,1632924059999,2145.63094600,18,15236.90000000,1615.94091600,0
1632924060000,0.10621000,0.10692000,0.10620000,0.10633000,91982.10000000,1632924119999,9792.88980400,34,86903.20000000,9253.23133900,0
1632924120000,0.10643000,0.10644000,0.10631000,0.10640000,17981.40000000,1632924179999,1913.45209900,11,3634.00000000,386.60403500,0
1632924180000,0.10636000,0.10648000,0.10622000,0.10623000,24627.10000000,1632924239999,2618.86470200,13,1821.30000000,193.62831100,0
1632924240000,0.10636000,0.10637000,0.10620000,0.10623000,14090.30000000,1632924299999,1497.54349200,23,7292.40000000,775.51098100,0
1632924300000,0.10622000,0.10632000,0.10617000,0.10617000,15370.60000000,1632924359999,1633.50751200,14,9657.70000000,1026.54828500,0
1632924360000,0.10608000,0.10608000,0.10603000,0.10603000,10528.70000000,1632924419999,1116.74537500,7,5340.20000000,566.47430500,0
1632924420000,0.10604000,0.10621000,0.10601000,0.10621000,23552.00000000,1632924479999,2497.85433300,13,8434.00000000,895.07046200,0
1632924480000,0.10617000,0.10621000,0.10600000,0.10600000,19346.10000000,1632924539999,2053.83525600,19,16506.50000000,1752.51069700,0
1632924540000,0.10601000,0.10615000,0.10601000,0.10613000,14577.30000000,1632924599999,1546.46955000,21,8894.30000000,943.34634400,0
1632924600000,0.10603000,0.10630000,0.10603000,0.10630000,27916.90000000,1632924659999,2964.34372000,25,25407.00000000,2698.20482500,0
1632924660000,0.10624000,0.10624000,0.10613000,0.10617000,19889.30000000,1632924719999,2112.16382500,12,11589.50000000,1230.80005200,0
1632924720000,0.10617000,0.10636000,0.10609000,0.10616000,27604.70000000,1632924779999,2932.15676100,30,9855.00000000,1047.23317400,0
1632924780000,0.10614000,0.10618000,0.10602000,0.10602000,29959.90000000,1632924839999,3179.27270500,13,10335.60000000,1097.00340200,0
1632924840000,0.10611000,0.10634000,0.10611000,0.10634000,5106.20000000,1632924899999,541.86830700,5,1025.40000000,108.83881200,0
1632924900000,0.10633000,0.10633000,0.10616000,0.10616000,11681.80000000,1632924959999,1240.58297400,9,2199.30000000,233.56450400,0
1632924960000,0.10616000,0.10616000,0.10605000,0.10605000,13281.00000000,1632925019999,1408.73838400,9,526.20000000,55.85613000,0
1632925020000,0.10605000,0.10626000,0.10600000,0.10600000,10560.80000000,1632925079999,1120.45177300,16,5091.00000000,540.52373700,0
1632925080000,0.10616000,0.10616000,0.10601000,0.10601000,5656.40000000,1632925139999,599.75846700,8,2617.00000000,277.54551200,0
1632925140000,0.10600000,0.10600000,0.10590000,0.10590000,22935.60000000,1632925199999,2430.35958200,24,0.00000000,0.00000000,0
1632925200000,0.10590000,0.10590000,0.10588000,0.10588000,7837.00000000,1632925259999,829.83830000,5,560.50000000,59.35695000,0
1632925260000,0.10600000,0.10633000,0.10600000,0.10608000,35762.10000000,1632925319999,3797.18333000,25,33468.40000000,3553.93163400,0
1632925320000,0.10609000,0.10609000,0.10601000,0.10601000,9999.30000000,1632925379999,1060.22579300,18,5143.00000000,545.20943000,0
1632925380000,0.10601000,0.10617000,0.10601000,0.10616000,9000.10000000,1632925439999,954.71366400,5,4000.00000000,424.65306300,0
1632925440000,0.10604000,0.10633000,0.10604000,0.10620000,30368.50000000,1632925499999,3226.73108100,26,25575.70000000,2717.97458500,0
1632925500000,0.10630000,0.10638000,0.10626000,0.10626000,17969.50000000,1632925559999,1910.47363900,18,15695.20000000,1668.79977800,0
1632925560000,0.10626000,0.10633000,0.10626000,0.10627000,16170.40000000,1632925619999,1718.39503700,9,4689.60000000,498.35479400,0
1632925620000,0.10626000,0.10640000,0.10626000,0.10626000,38123.70000000,1632925679999,4053.50133400,21,17157.30000000,1825.07167100,0
1632925680000,0.10626000,0.10626000,0.10625000,0.10625000,2623.10000000,1632925739999,278.70560500,2,2623.10000000,278.70560500,0
1632925740000,0.10625000,0.10640000,0.10618000,0.10618000,20545.30000000,1632925799999,2182.27412800,20,1257.10000000,133.75544000,0
1632925800000,0.10597000,0.10597000,0.10569000,0.10589000,14770.30000000,1632925859999,1562.80591900,23,3772.00000000,399.59892400,0
1632925860000,0.10572000,0.10583000,0.10553000,0.10553000,25155.80000000,1632925919999,2658.09487200,21,12898.80000000,1363.17470200,0
1632925920000,0.10566000,0.10598000,0.10562000,0.10598000,53375.70000000,1632925979999,5645.69963900,37,47638.10000000,5039.54429100,0
1632925980000,0.10589000,0.10597000,0.10572000,0.10591000,30105.90000000,1632926039999,3187.57943600,43,23225.40000000,2459.75615800,0
1632926040000,0.10583000,0.10594000,0.10571000,0.10573000,18947.40000000,1632926099999,2003.77460900,17,4334.30000000,458.49489400,0
1632926100000,0.10574000,0.10586000,0.10574000,0.10574000,5103.90000000,1632926159999,539.69885400,3,103.90000000,10.99885400,0
1632926160000,0.10574000,0.10580000,0.10574000,0.10580000,7500.10000000,1632926219999,793.21056200,7,0.00000000,0.00000000,0
1632926220000,0.10581000,0.10592000,0.10580000,0.10582000,15674.70000000,1632926279999,1658.90907200,13,9231.30000000,977.13132000,0
1632926280000,0.10586000,0.10599000,0.10586000,0.10587000,21447.80000000,1632926339999,2271.26658700,22,17255.80000000,1827.45954700,0
1632926340000,0.10596000,0.10598000,0.10578000,0.10598000,18445.30000000,1632926399999,1952.87986400,15,10908.50000000,1155.18386600,0
1632926400000,0.10593000,0.10601000,0.10579000,0.10579000,12272.30000000,1632926459999,1299.48322100,17,8825.60000000,934.75990200,0
1632926460000,0.10590000,0.10593000,0.10571000,0.10592000,17586.10000000,1632926519999,1861.75405500,15,14473.70000000,1532.61724100,0
1632926520000,0.10582000,0.10592000,0.10577000,0.10589000,10623.40000000,1632926579999,1124.70683400,10,7319.00000000,775.16023600,0
1632926580000,0.10589000,0.10600000,0.10587000,0.10587000,6398.90000000,1632926639999,677.60858000,6,5567.40000000,589.56936000,0
1632926640000,0.10601000,0.10604000,0.10600000,0.10602000,6901.20000000,1632926699999,731.63002400,6,6240.30000000,661.57462400,0
1632926700000,0.10595000,0.10595000,0.10574000,0.10586000,14506.90000000,1632926759999,1535.73847800,21,0.00000000,0.00000000,0
1632926760000,0.10586000,0.10608000,0.10586000,0.10608000,37866.50000000,1632926819999,4014.65439500,26,16455.60000000,1744.12521100,0
1632926820000,0.10608000,0.10610000,0.10605000,0.10610000,11764.30000000,1632926879999,1247.87136400,8,5412.80000000,574.12922900,0
1632926880000,0.10609000,0.10611000,0.10608000,0.10608000,14527.10000000,1632926939999,1541.28462500,7,11838.80000000,1256.10787600,0
1632926940000,0.10609000,0.10653000,0.10600000,0.10645000,48834.80000000,1632926999999,5187.09497800,26,37584.50000000,3991.52993500,0
1632927000000,0.10625000,0.10625000,0.10625000,0.10625000,2800.20000000,1632927059999,297.52125000,3,0.00000000,0.00000000,0
1632927060000,0.10629000,0.10629000,0.10562000,0.10591000,81861.60000000,1632927119999,8674.28307000,65,13531.10000000,1433.62663200,0
1632927120000,0.10591000,0.10597000,0.10577000,0.10577000,11645.40000000,1632927179999,1232.59185600,20,5901.40000000,624.92933000,0
1632927180000,0.10577000,0.10597000,0.10577000,0.10580000,8408.10000000,1632927239999,889.98440600,12,4344.80000000,460.13111800,0
1632927240000,0.10588000,0.10601000,0.10582000,0.10582000,5782.70000000,1632927299999,612.21220600,6,3093.90000000,327.67206200,0
1632927300000,0.10580000,0.10591000,0.10580000,0.10591000,9897.80000000,1632927359999,1047.74947100,9,3273.70000000,346.71604200,0
1632927360000,0.10596000,0.10596000,0.10581000,0.10595000,5359.90000000,1632927419999,567.50663600,6,2859.90000000,302.98163600,0
1632927420000,0.10580000,0.10605000,0.10579000,0.10596000,35503.50000000,1632927479999,3759.93434400,37,31685.80000000,3356.04528100,0
1632927480000,0.10581000,0.10581000,0.10580000,0.10580000,7478.40000000,1632927539999,791.23972000,5,1760.30000000,186.25734300,0
1632927540000,0.10580000,0.10593000,0.10548000,0.10549000,103061.90000000,1632927599999,10885.24025100,34,3459.00000000,365.44799900,0
1632927600000,0.10563000,0.10584000,0.10555000,0.10569000,9828.50000000,1632927659999,1038.35867000,12,7495.40000000,791.85142600,0
1632927660000,0.10583000,0.10636000,0.10576000,0.10597000,29200.50000000,1632927719999,3095.83562000,17,27900.50000000,2958.34762000,0
1632927720000,0.10584000,0.10584000,0.10564000,0.10565000,7370.70000000,1632927779999,778.98641400,8,600.10000000,63.41001300,0
1632927780000,0.10567000,0.10573000,0.10550000,0.10573000,11894.40000000,1632927839999,1255.74939700,14,7832.30000000,827.16958300,0
1632927840000,0.10569000,0.10599000,0.10552000,0.10597000,26584.20000000,1632927899999,2811.42265200,21,21583.80000000,2283.68043600,0
1632927900000,0.10577000,0.10577000,0.10568000,0.10568000,14726.80000000,1632927959999,1557.40362800,12,11206.70000000,1185.29088100,0
1632927960000,0.10561000,0.10577000,0.10560000,0.10560000,8590.70000000,1632928019999,907.70490600,9,5320.40000000,562.35352100,0
1632928020000,0.10577000,0.10607000,0.10570000,0.10583000,10615.80000000,1632928079999,1123.14643200,11,6615.80000000,700.23026800,0
1632928080000,0.10585000,0.10587000,0.10575000,0.10575000,13488.10000000,1632928139999,1427.36177400,8,4911.70000000,519.62106300,0
1632928140000,0.10574000,0.10590000,0.10574000,0.10590000,11133.20000000,1632928199999,1178.40655200,8,6133.30000000,649.49211700,0
1632928200000,0.10590000,0.10590000,0.10550000,0.10550000,22749.20000000,1632928259999,2405.71868200,12,4102.70000000,433.68789000,0
1632928260000,0.10566000,0.10583000,0.10557000,0.10574000,56956.00000000,1632928319999,6024.66921300,30,54545.60000000,5770.15426900,0
1632928320000,0.10561000,0.10580000,0.10560000,0.10580000,24829.10000000,1632928379999,2622.75347300,18,10082.80000000,1065.38807600,0
1632928380000,0.10563000,0.10579000,0.10562000,0.10562000,5472.60000000,1632928439999,578.12135500,5,2203.10000000,232.78906900,0
1632928440000,0.10559000,0.10559000,0.10548000,0.10549000,65973.60000000,1632928499999,6963.21587500,17,10322.60000000,1089.89591400,0
1632928500000,0.10566000,0.10569000,0.10552000,0.10553000,9049.90000000,1632928559999,955.60286100,7,5759.90000000,608.43415900,0
1632928560000,0.10552000,0.10552000,0.10552000,0.10552000,10063.30000000,1632928619999,1061.87941600,7,6470.00000000,682.71440000,0
1632928620000,0.10552000,0.10552000,0.10525000,0.10528000,111912.20000000,1632928679999,11799.14053700,50,69386.40000000,7315.36756600,0
1632928680000,0.10523000,0.10537000,0.10520000,0.10520000,31808.80000000,1632928739999,3349.51103700,12,11429.80000000,1203.94207000,0
1632928740000,0.10524000,0.10524000,0.10523000,0.10523000,10225.80000000,1632928799999,1076.11099400,7,1707.30000000,179.67625200,0
1632928800000,0.10519000,0.10545000,0.10519000,0.10525000,21002.60000000,1632928859999,2212.31186900,27,15670.30000000,1651.27895400,0
1632928860000,0.10541000,0.10547000,0.10516000,0.10547000,13832.90000000,1632928919999,1456.86316800,23,8241.50000000,868.48703800,0
1632928920000,0.10525000,0.10525000,0.10513000,0.10513000,89722.50000000,1632928979999,9442.14169700,21,946.00000000,99.53812000,0
1632928980000,0.10514000,0.10522000,0.10512000,0.10522000,14228.40000000,1632929039999,1495.98434800,13,13274.90000000,1395.74291800,0
1632929040000,0.10513000,0.10526000,0.10482000,0.10500000,78425.80000000,1632929099999,8232.98750000,55,5784.10000000,608.51459200,0
1632929100000,0.10517000,0.10518000,0.10501000,0.10501000,12629.70000000,1632929159999,1327.05108800,9,4110.60000000,432.01643800,0
1632929160000,0.10501000,0.10515000,0.10501000,0.10502000,7904.40000000,1632929219999,830.42510600,7,2904.60000000,305.35610900,0
1632929220000,0.10502000,0.10505000,0.10487000,0.10487000,10069.40000000,1632929279999,1057.19873100,9,1576.90000000,165.60603800,0
1632929280000,0.10487000,0.10509000,0.10487000,0.10509000,25684.60000000,1632929339999,2694.77495000,13,16254.40000000,1705.77300900,0
1632929340000,0.10496000,0.10496000,0.10488000,0.10489000,5702.00000000,1632929399999,598.23278800,11,1000.10000000,104.97049600,0
1632929400000,0.10489000,0.10508000,0.10488000,0.10508000,27467.70000000,1632929459999,2881.82397000,21,21369.10000000,2242.14196700,0
1632929460000,0.10490000,0.10490000,0.10484000,0.10490000,17215.10000000,1632929519999,1805.25324000,10,2674.00000000,280.50260000,0
1632929520000,0.10489000,0.10548000,0.10479000,0.10490000,82634.90000000,1632929579999,8678.31254700,35,50604.00000000,5319.72129200,0
1632929580000,0.10500000,0.10501000,0.10485000,0.10485000,6469.90000000,1632929639999,678.68108700,8,2215.90000000,232.55261000,0
1632929640000,0.10501000,0.10525000,0.10501000,0.10514000,25645.30000000,1632929699999,2695.60810200,19,23169.20000000,2435.41773900,0
1632929700000,0.10492000,0.10527000,0.10489000,0.10525000,34362.30000000,1632929759999,3611.87736800,29,26270.10000000,2762.65508400,0
1632929760000,0.10510000,0.10510000,0.10495000,0.10495000,19842.40000000,1632929819999,2083.94229600,12,5555.80000000,583.66336100,0
1632929820000,0.10492000,0.10495000,0.10477000,0.10477000,63609.80000000,1632929879999,6671.12805400,16,3999.50000000,419.73518800,0
1632929880000,0.10486000,0.10486000,0.10461000,0.10461000,30050.50000000,1632929939999,3146.10744900,19,641.20000000,67.14560400,0
1632929940000,0.10466000,0.10466000,0.10434000,0.10453000,13155.50000000,1632929999999,1373.90012400,22,5232.10000000,546.65013000,0
1632930000000,0.10442000,0.10453000,0.10366000,0.10366000,106280.70000000,1632930059999,11065.63421600,103,12980.10000000,1355.59612400,0
1632930060000,0.10366000,0.10420000,0.10366000,0.10398000,77871.20000000,1632930119999,8093.00420000,33,73968.80000000,7687.60941400,0
1632930120000,0.10403000,0.10458000,0.10400000,0.10427000,14975.10000000,1632930179999,1561.72127300,20,11460.00000000,1195.72357400,0
1632930180000,0.10424000,0.10436000,0.10397000,0.10397000,22160.90000000,1632930239999,2307.77691300,27,12014.10000000,1250.74456700,0
1632930240000,0.10397000,0.10400000,0.10391000,0.10391000,4892.60000000,1632930299999,508.53627900,4,2392.50000000,248.75088800,0
1632930300000,0.10391000,0.10400000,0.10390000,0.10400000,36187.40000000,1632930359999,3762.32694000,19,30892.50000000,3212.15570400,0
1632930360000,0.10400000,0.10416000,0.10352000,0.10364000,55284.10000000,1632930419999,5737.00837000,50,17788.50000000,1848.77243300,0
1632930420000,0.10365000,0.10425000,0.10365000,0.10413000,26143.00000000,1632930479999,2716.36613700,24,22563.80000000,2344.81968100,0
1632930480000,0.10410000,0.10414000,0.10373000,0.10387000,39430.30000000,1632930539999,4096.42742300,27,4685.00000000,486.96125100,0
1632930540000,0.10398000,0.10398000,0.10377000,0.10383000,17879.50000000,1632930599999,1856.29947300,12,4820.80000000,500.91535400,0
1632930600000,0.10372000,0.10412000,0.10370000,0.10384000,45671.40000000,1632930659999,4738.94468400,26,39177.80000000,4064.78419300,0
1632930660000,0.10388000,0.10391000,0.10380000,0.10383000,8565.40000000,1632930719999,889.63659600,8,4702.80000000,488.57996400,0
1632930720000,0.10385000,0.10385000,0.10383000,0.10383000,2693.20000000,1632930779999,279.66945800,2,0.00000000,0.00000000,0
1632930780000,0.10371000,0.10395000,0.10371000,0.10382000,18757.80000000,1632930839999,1947.25913600,14,15368.90000000,1595.68963700,0
1632930840000,0.10387000,0.10395000,0.10387000,0.10395000,5000.20000000,1632930899999,519.57078200,3,1000.10000000,103.88038700,0
1632930900000,0.10400000,0.10400000,0.10383000,0.10393000,23710.50000000,1632930959999,2464.15191000,16,8961.20000000,931.84445400,0
1632930960000,0.10393000,0.10393000,0.10390000,0.10393000,13118.50000000,1632931019999,1363.30212400,9,0.00000000,0.00000000,0
1632931020000,0.10388000,0.10399000,0.10329000,0.10339000,85394.20000000,1632931079999,8859.30952000,48,5741.20000000,595.82395000,0
1632931080000,0.10338000,0.10338000,0.10300000,0.10300000,56549.90000000,1632931139999,5828.58112900,26,4374.00000000,452.15314300,0
1632931140000,0.10304000,0.10353000,0.10303000,0.10353000,24717.80000000,1632931199999,2549.95952200,24,18538.20000000,1913.10073500,0
1632931200000,0.10318000,0.10375000,0.10318000,0.10373000,39756.00000000,1632931259999,4116.81946000,57,33030.70000000,3421.12976700,0
1632931260000,0.10365000,0.10428000,0.10345000,0.10372000,76803.20000000,1632931319999,7971.69374900,70,57980.70000000,6020.05589300,0
1632931320000,0.10372000,0.10412000,0.10357000,0.10378000,29148.50000000,1632931379999,3027.42724500,35,17071.50000000,1774.15335400,0
1632931380000,0.10377000,0.10422000,0.10377000,0.10397000,30485.30000000,1632931439999,3171.88281000,35,25329.80000000,2636.33084400,0
1632931440000,0.10390000,0.10412000,0.10389000,0.10390000,6916.20000000,1632931499999,718.89097900,16,209.40000000,21.80272800,0
1632931500000,0.10390000,0.10410000,0.10381000,0.10393000,9891.90000000,1632931559999,1027.55734800,26,3639.50000000,378.06771400,0
1632931560000,0.10393000,0.10393000,0.10375000,0.10383000,30234.30000000,1632931619999,3138.95429100,34,5011.80000000,520.52915000,0
1632931620000,0.10383000,0.10384000,0.10348000,0.10348000,20761.40000000,1632931679999,2151.12629300,27,10879.60000000,1127.57697300,0
1632931680000,0.10348000,0.10355000,0.10318000,0.10318000,8500.10000000,1632931739999,878.77538500,21,2558.20000000,264.44263400,0
1632931740000,0.10321000,0.10397000,0.10315000,0.10361000,63874.80000000,1632931799999,6618.86385900,48,56787.90000000,5887.13496700,0
1632931800000,0.10345000,0.10345000,0.10322000,0.10340000,17204.50000000,1632931859999,1777.92692800,34,7207.00000000,745.01443400,0
1632931860000,0.10335000,0.10373000,0.10327000,0.10327000,15932.10000000,1632931919999,1648.11774900,36,9909.80000000,1025.69224800,0
1632931920000,0.10327000,0.10351000,0.10318000,0.10332000,15326.70000000,1632931979999,1584.00962600,26,9318.40000000,963.40023300,0
1632931980000,0.10337000,0.10369000,0.10329000,0.10332000,23214.50000000,1632932039999,2401.41835800,29,15810.90000000,1636.11590400,0
1632932040000,0.10348000,0.10354000,0.10319000,0.10320000,30877.50000000,1632932099999,3191.16281000,49,9729.60000000,1006.18672400,0
1632932100000,0.10331000,0.10346000,0.10321000,0.10337000,20068.80000000,1632932159999,2074.29359700,41,10606.10000000,1096.39487600,0
1632932160000,0.10336000,0.10375000,0.10327000,0.10343000,44979.90000000,1632932219999,4654.66345100,50,19972.20000000,2069.70844000,0
1632932220000,0.10338000,0.10357000,0.10337000,0.10339000,8382.00000000,1632932279999,866.78792700,11,3500.20000000,362.05801200,0
1632932280000,0.10339000,0.10344000,0.10330000,0.10330000,26220.40000000,1632932339999,2710.80901300,16,16189.10000000,1673.77613900,0
1632932340000,0.10330000,0.10342000,0.10325000,0.10342000,12674.60000000,1632932399999,1309.35476900,21,3439.30000000,355.50231800,0
1632932400000,0.10344000,0.10356000,0.10329000,0.10333000,17760.10000000,1632932459999,1836.47579400,24,12197.20000000,1261.68458000,0
1632932460000,0.10333000,0.10345000,0.10309000,0.10319000,51365.80000000,1632932519999,5300.40309100,38,11460.20000000,1183.39132000,0
1632932520000,0.10309000,0.10309000,0.10252000,0.10252000,69584.00000000,1632932579999,7162.31631500,76,15252.40000000,1567.97028600,0
1632932580000,0.10252000,0.10254000,0.10233000,0.10235000,18123.10000000,1632932639999,1857.03977000,26,12022.60000000,1232.18881100,0
1632932640000,0.10232000,0.10243000,0.10219000,0.10243000,19112.00000000,1632932699999,1955.41281800,25,12817.60000000,1311.63715300,0
1632932700000,0.10236000,0.10271000,0.10236000,0.10240000,66667.00000000,1632932759999,6829.04830200,32,52681.20000000,5395.23978200,0
1632932760000,0.10261000,0.10273000,0.10245000,0.10265000,19061.40000000,1632932819999,1956.16781700,24,11021.40000000,1131.26748900,0
1632932820000,0.10250000,0.10250000,0.10241000,0.10241000,8458.60000000,1632932879999,866.84519900,7,2699.70000000,276.68188900,0
1632932880000,0.10241000,0.10268000,0.10240000,0.10266000,24543.60000000,1632932939999,2514.21231000,9,22043.60000000,2258.21231000,0
1632932940000,0.10266000,0.10266000,0.10248000,0.10251000,24426.40000000,1632932999999,2504.54984200,38,4418.60000000,453.46827000,0
1632933000000,0.10250000,0.10280000,0.10248000,0.10264000,39392.40000000,1632933059999,4046.89401900,31,38150.60000000,3919.63235500,0
1632933060000,0.10285000,0.10298000,0.10271000,0.10298000,29086.30000000,1632933119999,2992.34235900,30,25386.50000000,2612.27590100,0
1632933120000,0.10272000,0.10272000,0.10270000,0.10270000,226.50000000,1632933179999,23.26409400,2,0.00000000,0.00000000,0
1632933180000,0.10250000,0.10273000,0.10250000,0.10271000,8031.80000000,1632933239999,824.43895700,9,5631.80000000,578.18695700,0
1632933240000,0.10271000,0.10281000,0.10271000,0.10281000,5100.10000000,1632933299999,523.86626100,5,2700.10000000,277.35026100,0
1632933300000,0.10281000,0.10281000,0.10267000,0.10267000,6320.40000000,1632933359999,649.19468500,7,1497.50000000,153.84099300,0
1632933360000,0.10260000,0.10261000,0.10246000,0.10259000,4845.40000000,1632933419999,496.80543700,9,2345.20000000,240.61705600,0
1632933420000,0.10246000,0.10263000,0.10246000,0.10247000,7759.10000000,1632933479999,795.06636300,8,1834.30000000,187.98635500,0
1632933480000,0.10247000,0.10258000,0.10220000,0.10230000,71526.60000000,1632933539999,7325.00218500,46,5391.80000000,552.15469700,0
1632933540000,0.10230000,0.10233000,0.10206000,0.10206000,27012.10000000,1632933599999,2760.75360000,30,16732.00000000,1710.89028700,0
1632933600000,0.10206000,0.10216000,0.10199000,0.10201000,49223.60000000,1632933659999,5021.88170300,39,8691.00000000,886.67382300,0
1632933660000,0.10200000,0.10202000,0.10200000,0.10202000,13805.00000000,1632933719999,1408.19673500,8,2565.40000000,261.70447100,0
1632933720000,0.10217000,0.10226000,0.10217000,0.10220000,8381.60000000,1632933779999,856.60472700,7,5078.40000000,519.04268800,0
1632933780000,0.10215000,0.10246000,0.10202000,0.10245000,42747.10000000,1632933839999,4373.94653900,67,22058.10000000,2256.86662600,0
1632933840000,0.10230000,0.10268000,0.10230000,0.10245000,18637.40000000,1632933899999,1908.96423400,26,7948.00000000,813.95539900,0
1632933900000,0.10236000,0.10236000,0.10223000,0.10224000,3003.50000000,1632933959999,307.10241400,4,878.10000000,89.80960800,0
1632933960000,0.10242000,0.10263000,0.10220000,0.10263000,13094.30000000,1632934019999,1340.79373000,15,9536.40000000,976.80859500,0
1632934020000,0.10261000,0.10263000,0.10240000,0.10246000,63966.60000000,1632934079999,6563.34145500,12,8345.40000000,855.34958400,0
1632934080000,0.10235000,0.10264000,0.10227000,0.10264000,30341.00000000,1632934139999,3110.63590100,33,28875.20000000,2960.64058700,0
1632934140000,0.10226000,0.10260000,0.10223000,0.10241000,7920.80000000,1632934199999,810.49626500,9,2507.20000000,256.90554000,0
1632934200000,0.10231000,0.10241000,0.10231000,0.10236000,4760.60000000,1632934259999,487.38864600,5,3366.50000000,344.69827500,0
1632934260000,0.10239000,0.10291000,0.10239000,0.10291000,28186.50000000,1632934319999,2893.67973000,36,25686.30000000,2637.68425200,0
1632934320000,0.10289000,0.10289000,0.10270000,0.10270000,8059.20000000,1632934379999,827.97712000,7,4153.70000000,426.85010800,0
1632934380000,0.10272000,0.10280000,0.10254000,0.10260000,15428.70000000,1632934439999,1583.04657300,15,8011.20000000,822.28089300,0
1632934440000,0.10259000,0.10259000,0.10229000,0.10233000,35231.00000000,1632934499999,3607.10964600,32,25452.20000000,2606.07284600,0
1632934500000,0.10226000,0.10280000,0.10226000,0.10249000,11650.90000000,1632934559999,1195.18852200,11,9003.90000000,924.25330200,0
1632934560000,0.10251000,0.10251000,0.10251000,0.10251000,1923.90000000,1632934619999,197.21898900,2,107.20000000,10.98907200,0
1632934620000,0.10254000,0.10266000,0.10220000,0.10220000,22105.90000000,1632934679999,2264.45417100,25,8450.00000000,866.95428600,0
1632934680000,0.10218000,0.10237000,0.10218000,0.10222000,32440.50000000,1632934739999,3316.12831200,34,13842.70000000,1414.79513300,0
1632934740000,0.10222000,0.10222000,0.10212000,0.10212000,18019.50000000,1632934799999,1841.12603100,10,7058.30000000,720.86417900,0
1632934800000,0.10211000,0.10222000,0.10193000,0.10222000,60805.90000000,1632934859999,6206.50970500,73,33391.20000000,3409.86654600,0
1632934860000,0.10212000,0.10257000,0.10201000,0.10245000,24296.40000000,1632934919999,2487.48511200,17,20380.40000000,2087.38697400,0
1632934920000,0.10247000,0.10248000,0.10228000,0.10228000,37584.80000000,1632934979999,3846.09000800,48,9031.20000000,925.09756600,0
1632934980000,0.10207000,0.10220000,0.10202000,0.10219000,35751.70000000,1632935039999,3650.28652400,41,15820.30000000,1616.39670500,0
1632935040000,0.10208000,0.10227000,0.10167000,0.10187000,157505.60000000,1632935099999,16045.31848700,76,20213.80000000,2065.33307400,0
1632935100000,0.10194000,0.10205000,0.10178000,0.10178000,17719.10000000,1632935159999,1806.38881200,24,16923.30000000,1725.39228800,0
1632935160000,0.10169000,0.10206000,0.10165000,0.10186000,41118.90000000,1632935219999,4187.11464800,40,18068.10000000,1841.76300400,0
1632935220000,0.10185000,0.10232000,0.10173000,0.10210000,45717.10000000,1632935279999,4665.49135200,40,35601.00000000,3633.65028400,0
1632935280000,0.10208000,0.10222000,0.10202000,0.10203000,30616.10000000,1632935339999,3124.73361600,38,17794.10000000,1816.10495700,0
1632935340000,0.10203000,0.10212000,0.10200000,0.10203000,17725.90000000,1632935399999,1808.43606300,23,11391.50000000,1162.27894000,0
1632935400000,0.10204000,0.10222000,0.10200000,0.10204000,35237.90000000,1632935459999,3596.58651800,28,10591.80000000,1081.35519300,0
1632935460000,0.10204000,0.10211000,0.10175000,0.10191000,48605.10000000,1632935519999,4957.35679600,24,13518.10000000,1379.01258900,0
1632935520000,0.10189000,0.10223000,0.10176000,0.10194000,29014.60000000,1632935579999,2957.70881500,22,20888.50000000,2129.46549900,0
1632935580000,0.10194000,0.10208000,0.10194000,0.10194000,28877.80000000,1632935639999,2943.84394500,11,97.90000000,9.99363200,0
1632935640000,0.10194000,0.10194000,0.10170000,0.10170000,40021.30000000,1632935699999,4074.84828100,18,1174.10000000,119.45467500,0
1632935700000,0.10170000,0.10188000,0.10156000,0.10166000,43425.10000000,1632935759999,4416.45960900,32,16186.10000000,1646.86511800,0
1632935760000,0.10167000,0.10203000,0.10164000,0.10164000,43222.60000000,1632935819999,4396.95743800,37,20942.20000000,2131.76067000,0
1632935820000,0.10164000,0.10198000,0.10158000,0.10198000,33882.10000000,1632935879999,3447.18322300,44,15823.50000000,1611.22582900,0
1632935880000,0.10182000,0.10217000,0.10161000,0.10183000,60800.50000000,1632935939999,6194.93074000,32,43936.00000000,4478.39782200,0
1632935940000,0.10183000,0.10195000,0.10180000,0.10180000,19933.10000000,1632935999999,2029.51619000,17,8736.80000000,889.62009700,0
1632936000000,0.10179000,0.10202000,0.10178000,0.10180000,25007.00000000,1632936059999,2546.18470800,19,6697.80000000,682.15244700,0
1632936060000,0.10190000,0.10191000,0.10178000,0.10180000,21088.10000000,1632936119999,2146.97946800,11,5030.60000000,512.37782900,0
1632936120000,0.10180000,0.10190000,0.10179000,0.10180000,23974.30000000,1632936179999,2440.60167600,14,2813.10000000,286.44228000,0
1632936180000,0.10178000,0.10194000,0.10177000,0.10179000,34008.20000000,1632936239999,3463.00866300,32,18190.60000000,1853.09974000,0
1632936240000,0.10184000,0.10212000,0.10167000,0.10189000,67883.80000000,1632936299999,6911.48481400,41,49444.60000000,5034.51665000,0
1632936300000,0.10188000,0.10213000,0.10184000,0.10192000,54573.40000000,1632936359999,5566.50543500,52,45517.70000000,4643.75960600,0
1632936360000,0.10192000,0.10192000,0.10170000,0.10173000,12772.80000000,1632936419999,1300.18146700,11,3716.20000000,378.23234400,0
1632936420000,0.10171000,0.10214000,0.10166000,0.10169000,36675.00000000,1632936479999,3732.24648400,39,24330.80000000,2476.79612500,0
1632936480000,0.10184000,0.10209000,0.10165000,0.10205000,53332.00000000,1632936539999,5437.62944400,46,45866.60000000,4677.79913900,0
1632936540000,0.10181000,0.10209000,0.10177000,0.10183000,49870.50000000,1632936599999,5082.98051800,40,34721.90000000,3539.95825700,0
1632936600000,0.10182000,0.10202000,0.10172000,0.10179000,16904.50000000,1632936659999,1722.16618400,25,13527.30000000,1378.39453600,0
1632936660000,0.10172000,0.10237000,0.10157000,0.10199000,101101.00000000,1632936719999,10318.69456600,43,93669.20000000,9562.64776800,0
1632936720000,0.10195000,0.10206000,0.10181000,0.10182000,20282.60000000,1632936779999,2067.19305800,18,10023.80000000,1022.03698200,0
1632936780000,0.10183000,0.10206000,0.10180000,0.10180000,23110.50000000,1632936839999,2356.55728400,16,14425.20000000,1471.67182200,0
1632936840000,0.10178000,0.10178000,0.10169000,0.10173000,20948.20000000,1632936899999,2131.07519600,35,7362.00000000,748.97749800,0
1632936900000,0.10173000,0.10214000,0.10173000,0.10191000,20996.90000000,1632936959999,2139.19971400,20,12383.60000000,1262.38675400,0
1632936960000,0.10178000,0.10198000,0.10172000,0.10173000,14769.40000000,1632937019999,1503.05128400,22,3856.40000000,392.57221900,0
1632937020000,0.10194000,0.10205000,0.10179000,0.10180000,44664.30000000,1632937079999,4551.13734900,45,28033.40000000,2856.92568200,0
1632937080000,0.10177000,0.10205000,0.10176000,0.10181000,35879.70000000,1632937139999,3655.39208100,29,25133.70000000,2561.38606900,0
1632937140000,0.10182000,0.10182000,0.10172000,0.10172000,34460.00000000,1632937199999,3506.34084800,34,648.10000000,65.96417100,0
1632937200000,0.10172000,0.10183000,0.10150000,0.10159000,89398.90000000,1632937259999,9086.26529600,50,28412.30000000,2889.04975400,0
1632937260000,0.10159000,0.10160000,0.10146000,0.10150000,75580.50000000,1632937319999,7673.25143800,28,2004.80000000,203.68768000,0
1632937320000,0.10145000,0.10161000,0.10140000,0.10141000,52164.50000000,1632937379999,5297.36685100,78,8534.00000000,866.24970300,0
1632937380000,0.10138000,0.10155000,0.10109000,0.10124000,85145.00000000,1632937439999,8623.17129400,53,12976.70000000,1313.79259700,0
1632937440000,0.10114000,0.10151000,0.10108000,0.10151000,36609.20000000,1632937499999,3706.50325900,42,23840.00000000,2415.11254500,0
1632937500000,0.10119000,0.10120000,0.10089000,0.10093000,40327.50000000,1632937559999,4073.84726700,36,10581.70000000,1069.13330000,0
1632937560000,0.10091000,0.10104000,0.10070000,0.10080000,122114.90000000,1632937619999,12320.57487300,77,18693.60000000,1884.84264800,0
1632937620000,0.10080000,0.10125000,0.10080000,0.10084000,45666.60000000,1632937679999,4615.78223600,38,36235.50000000,3664.42331900,0
1632937680000,0.10106000,0.10106000,0.10085000,0.10088000,21643.70000000,1632937739999,2183.26459200,32,7290.10000000,735.46725100,0
1632937740000,0.10104000,0.10121000,0.10086000,0.10090000,26138.80000000,1632937799999,2638.86593300,20,11460.40000000,1157.82452400,0
1632937800000,0.10090000,0.10105000,0.10088000,0.10088000,24451.80000000,1632937859999,2467.37693100,22,6381.20000000,644.04648500,0
1632937860000,0.10088000,0.10097000,0.10063000,0.10083000,52117.70000000,1632937919999,5254.40250200,29,38805.50000000,3912.98344600,0
1632937920000,0.10082000,0.10097000,0.10054000,0.10054000,60325.90000000,1632937979999,6075.66979700,41,37227.70000000,3748.88148700,0
1632937980000,0.10053000,0.10117000,0.10053000,0.10068000,26333.20000000,1632938039999,2652.05321200,25,10644.80000000,1073.81988900,0
1632938040000,0.10064000,0.10068000,0.10054000,0.10054000,22648.30000000,1632938099999,2277.80370700,24,11927.90000000,1199.60593400,0
1632938100000,0.10054000,0.10074000,0.10054000,0.10057000,40051.60000000,1632938159999,4028.26242700,37,18040.20000000,1814.92739300,0
1632938160000,0.10057000,0.10071000,0.10037000,0.10037000,131030.70000000,1632938219999,13160.56921000,57,65774.40000000,6603.14566900,0
1632938220000,0.10037000,0.10098000,0.10029000,0.10038000,69103.50000000,1632938279999,6950.35887100,42,45651.00000000,4596.91916200,0
1632938280000,0.10044000,0.10058000,0.10038000,0.10039000,23098.60000000,1632938339999,2319.38294900,20,12171.30000000,1222.26274600,0
1632938340000,0.10028000,0.10045000,0.10027000,0.10045000,23770.80000000,1632938399999,2383.68203800,15,12963.50000000,1300.00980300,0
1632938400000,0.10027000,0.10057000,0.10023000,0.10046000,37989.20000000,1632938459999,3814.75607300,46,25293.60000000,2540.54602800,0
1632938460000,0.10046000,0.10082000,0.10035000,0.10042000,28320.60000000,1632938519999,2846.94768500,36,16872.10000000,1697.13787500,0
1632938520000,0.10060000,0.10073000,0.10003000,0.10016000,81792.30000000,1632938579999,8196.52895400,58,35395.90000000,3545.92259200,0
1632938580000,0.10018000,0.10040000,0.10010000,0.10012000,30809.30000000,1632938639999,3088.73632800,38,16275.90000000,1631.64762100,0
1632938640000,0.10022000,0.10056000,0.10019000,0.10039000,85962.00000000,1632938699999,8629.11426200,60,52941.00000000,5314.91053500,0
1632938700000,0.10056000,0.10060000,0.10011000,0.10016000,31553.60000000,1632938759999,3164.87706800,42,17156.10000000,1721.06401900,0
1632938760000,0.10016000,0.10020000,0.10012000,0.10012000,24123.20000000,1632938819999,2415.89934000,21,3730.00000000,373.66065000,0
1632938820000,0.10025000,0.10042000,0.10004000,0.10015000,84128.40000000,1632938879999,8425.00789500,52,32153.70000000,3222.28449300,0
1632938880000,0.10018000,0.10130000,0.10015000,0.10067000,73357.60000000,1632938939999,7376.38745900,59,59800.10000000,6014.66010000,0
1632938940000,0.10061000,0.10105000,0.10061000,0.10067000,29410.00000000,1632938999999,2963.85086700,27,17482.30000000,1762.06654600,0
1632939000000,0.10061000,0.10134000,0.10061000,0.10117000,128723.90000000,1632939059999,12974.58275800,60,98672.70000000,9945.38355100,0
1632939060000,0.10104000,0.10128000,0.10089000,0.10091000,29177.90000000,1632939119999,2949.40844900,42,20617.00000000,2085.13069900,0
1632939120000,0.10091000,0.10105000,0.10075000,0.10075000,23538.90000000,1632939179999,2375.34515400,28,14635.80000000,1477.43555600,0
1632939180000,0.10074000,0.10102000,0.10061000,0.10080000,52372.50000000,1632939239999,5279.78224700,38,36806.30000000,3712.25585000,0
1632939240000,0.10070000,0.10098000,0.10063000,0.10089000,79282.70000000,1632939299999,7994.22180600,63,61640.20000000,6216.22997800,0
1632939300000,0.10102000,0.10136000,0.10098000,0.10122000,59604.10000000,1632939359999,6028.91494200,49,49296.50000000,4986.60760700,0
1632939360000,0.10116000,0.10116000,0.10109000,0.10109000,24388.80000000,1632939419999,2466.27815400,27,12987.60000000,1313.42588400,0
1632939420000,0.10109000,0.10125000,0.10101000,0.10102000,82503.30000000,1632939479999,8344.81521300,50,28486.80000000,2880.56853200,0
1632939480000,0.10113000,0.10113000,0.10082000,0.10082000,36860.20000000,1632939539999,3718.84554400,26,6720.90000000,677.69798700,0
1632939540000,0.10075000,0.10076000,0.10059000,0.10059000,29960.40000000,1632939599999,3016.95166300,39,11047.20000000,1112.75129600,0
1632939600000,0.10064000,0.10080000,0.10053000,0.10076000,31694.00000000,1632939659999,3190.30949900,32,13705.20000000,1380.06259800,0
1632939660000,0.10066000,0.10066000,0.10059000,0.10059000,24227.90000000,1632939719999,2437.42604000,20,0.00000000,0.00000000,0
1632939720000,0.10049000,0.10058000,0.10042000,0.10044000,17130.40000000,1632939779999,1720.64697500,14,11594.70000000,1164.63387200,0
1632939780000,0.10054000,0.10077000,0.10044000,0.10057000,38414.60000000,1632939839999,3863.24509500,31,25137.60000000,2528.83059000,0
1632939840000,0.10058000,0.10058000,0.10050000,0.10050000,29889.50000000,1632939899999,3005.54824200,27,5574.60000000,560.49770000,0
1632939900000,0.10047000,0.10061000,0.10041000,0.10041000,22049.00000000,1632939959999,2215.49828300,13,5706.10000000,573.64272600,0
1632939960000,0.10042000,0.10057000,0.10041000,0.10042000,30490.30000000,1632940019999,3061.61621200,20,12136.30000000,1218.66494500,0
1632940020000,0.10040000,0.10060000,0.10040000,0.10042000,22393.90000000,1632940079999,2249.31204400,21,8079.20000000,811.97202600,0
1632940080000,0.10042000,0.10043000,0.10041000,0.10041000,13604.60000000,1632940139999,1366.14823800,8,3655.20000000,367.06165800,0
1632940140000,0.10041000,0.10060000,0.10041000,0.10042000,21123.70000000,1632940199999,2121.52083500,11,2448.00000000,246.25480000,0
1632940200000,0.10043000,0.10043000,0.10014000,0.10014000,104521.20000000,1632940259999,10490.87025600,27,2587.60000000,259.70133800,0
1632940260000,0.10011000,0.10011000,0.09985000,0.10004000,233739.20000000,1632940319999,23371.56395000,160,8080.90000000,808.22204200,0
1632940320000,0.09995000,0.09998000,0.09989000,0.09996000,16508.60000000,1632940379999,1649.91833500,9,115.70000000,11.56537200,0
1632940380000,0.09996000,0.10002000,0.09995000,0.10000000,4122.70000000,1632940439999,412.24438400,10,3896.80000000,389.66459800,0
1632940440000,0.09996000,0.09996000,0.09989000,0.09990000,1709.40000000,1632940499999,170.79443200,3,0.00000000,0.00000000,0
1632940500000,0.09990000,0.09999000,0.09989000,0.09999000,13981.30000000,1632940559999,1396.72049300,8,1357.40000000,135.69646400,0
1632940560000,0.09999000,0.10036000,0.09999000,0.10036000,58892.20000000,1632940619999,5901.78366300,49,53081.00000000,5320.16562300,0
1632940620000,0.10024000,0.10050000,0.10023000,0.10045000,27978.60000000,1632940679999,2807.73119200,39,14687.20000000,1474.18239000,0
1632940680000,0.10044000,0.10049000,0.10024000,0.10024000,17882.60000000,1632940739999,1795.28675700,14,1099.90000000,110.47395600,0
1632940740000,0.10026000,0.10026000,0.09984000,0.10008000,96518.10000000,1632940799999,9665.32361800,59,32693.10000000,3273.43566800,0
1632940800000,0.10009000,0.10009000,0.09991000,0.10007000,7720.30000000,1632940859999,772.34311100,7,115.30000000,11.53807100,0
1632940860000,0.10005000,0.10005000,0.10004000,0.10004000,11566.70000000,1632940919999,1157.15930400,4,11566.70000000,1157.15930400,0
1632940920000,0.10002000,0.10018000,0.10002000,0.10004000,23684.70000000,1632940979999,2369.38524100,20,10454.10000000,1045.86403800,0
1632940980000,0.10004000,0.10021000,0.10002000,0.10012000,22898.60000000,1632941039999,2290.96145800,29,11036.60000000,1104.39962100,0
1632941040000,0.10002000,0.10012000,0.10000000,0.10009000,22114.30000000,1632941099999,2212.09441400,15,5082.70000000,508.60176000,0
1632941100000,0.10012000,0.10014000,0.09993000,0.10008000,10911.40000000,1632941159999,1092.20799400,22,10212.30000000,1022.27698700,0
1632941160000,0.09993000,0.09993000,0.09977000,0.09977000,17375.70000000,1632941219999,1734.15580500,24,0.00000000,0.00000000,0
1632941220000,0.09994000,0.09994000,0.09974000,0.09974000,11313.00000000,1632941279999,1129.26959100,17,4213.40000000,420.97381800,0
1632941280000,0.09970000,0.09985000,0.09960000,0.09960000,17717.20000000,1632941339999,1765.78257700,36,5432.30000000,541.57177900,0
1632941340000,0.09972000,0.09973000,0.09936000,0.09969000,73367.40000000,1632941399999,7299.38697800,58,37146.60000000,3695.00739900,0
1632941400000,0.09968000,0.09969000,0.09961000,0.09968000,103591.20000000,1632941459999,10325.70688600,19,8707.80000000,867.72957400,0
1632941460000,0.09969000,0.09969000,0.09969000,0.09969000,5015.60000000,1632941519999,500.00516400,1,5015.60000000,500.00516400,0
1632941520000,0.09969000,0.10024000,0.09969000,0.10024000,37426.00000000,1632941579999,3732.22321600,17,37426.00000000,3732.22321600,0
1632941580000,0.10023000,0.10023000,0.10023000,0.10023000,1513.00000000,1632941639999,151.64799000,3,1513.00000000,151.64799000,0
1632941640000,0.09975000,0.10019000,0.09950000,0.10006000,31084.50000000,1632941699999,3106.02468600,23,16574.10000000,1659.97245200,0
1632941700000,0.09974000,0.09974000,0.09974000,0.09974000,112.10000000,1632941759999,11.18085400,1,0.00000000,0.00000000,0
1632941760000,0.09978000,0.09995000,0.09971000,0.09971000,5420.70000000,1632941819999,540.86311300,8,1094.00000000,109.25371900,0
1632941820000,0.09991000,0.09991000,0.09951000,0.09951000,8039.10000000,1632941879999,801.18591700,13,4254.40000000,424.24372400,0
1632941880000,0.09988000,0.09988000,0.09988000,0.09988000,1961.70000000,1632941939999,195.93459600,2,1961.70000000,195.93459600,0
1632941940000,0.09998000,0.10000000,0.09998000,0.10000000,14667.00000000,1632941999999,1466.63594600,3,14667.00000000,1466.63594600,0
1632942000000,0.09990000,0.09998000,0.09990000,0.09998000,35593.90000000,1632942059999,3557.56851500,23,23342.10000000,2333.58310300,0
1632942060000,0.09997000,0.10000000,0.09996000,0.09996000,60343.10000000,1632942119999,6033.58438100,17,26400.90000000,2640.04322500,0
1632942120000,0.09997000,0.09997000,0.09996000,0.09996000,1078.50000000,1632942179999,107.80949900,2,1078.50000000,107.80949900,0
1632942180000,0.09986000,0.10000000,0.09968000,0.09968000,14521.60000000,1632942239999,1450.46333100,9,11176.20000000,1116.78908500,0
1632942240000,0.09972000,0.09994000,0.09971000,0.09994000,14054.20000000,1632942299999,1402.09909600,10,11173.70000000,1114.87363600,0
1632942300000,0.09994000,0.09994000,0.09994000,0.09994000,1604.90000000,1632942359999,160.39370600,3,1604.90000000,160.39370600,0
1632942360000,0.09971000,0.09993000,0.09942000,0.09990000,58235.40000000,1632942419999,5806.79458000,42,22243.90000000,2222.45651500,0
1632942420000,0.09994000,0.10052000,0.09994000,0.10023000,312301.80000000,1632942479999,31252.44328600,74,281484.70000000,28163.37373100,0
1632942480000,0.10020000,0.10023000,0.10003000,0.10023000,39356.00000000,1632942539999,3940.88153300,29,20108.10000000,2014.11438100,0
1632942540000,0.10009000,0.10053000,0.10006000,0.10053000,37587.00000000,1632942599999,3766.65199100,49,16276.30000000,1633.13685300,0
1632942600000,0.10020000,0.10020000,0.10001000,0.10001000,25458.70000000,1632942659999,2549.18019500,29,4119.10000000,412.19207000,0
1632942660000,0.10010000,0.10010000,0.10000000,0.10003000,2978.10000000,1632942719999,297.99282300,5,2130.70000000,213.25282300,0
1632942720000,0.10000000,0.10003000,0.10000000,0.10003000,519.90000000,1632942779999,52.00199700,2,399.90000000,40.00199700,0
1632942780000,0.10003000,0.10012000,0.10001000,0.10012000,23941.50000000,1632942839999,2394.71166800,15,17674.20000000,1767.86717700,0
1632942840000,0.10001000,0.10005000,0.09999000,0.10005000,29116.80000000,1632942899999,2911.65114600,22,6290.40000000,629.15386400,0
1632942900000,0.09992000,0.10127000,0.09974000,0.10127000,432833.50000000,1632942959999,43593.53809000,87,397987.20000000,40112.71549500,0
1632942960000,0.10124000,0.10127000,0.10038000,0.10048000,51180.50000000,1632943019999,5153.92332100,46,28794.10000000,2903.47571800,0
1632943020000,0.10048000,0.10121000,0.10027000,0.10051000,74557.00000000,1632943079999,7509.43871600,59,49991.30000000,5040.47976500,0
1632943080000,0.10053000,0.10095000,0.10006000,0.10017000,97187.30000000,1632943139999,9753.71566500,35,8870.20000000,892.73029900,0
1632943140000,0.10017000,0.10034000,0.10009000,0.10009000,27226.60000000,1632943199999,2728.57840100,23,6257.30000000,627.33136100,0
1632943200000,0.10009000,0.10020000,0.10004000,0.10019000,28214.50000000,1632943259999,2823.57473700,31,8925.40000000,893.24248900,0
1632943260000,0.10003000,0.10004000,0.10001000,0.10004000,19428.80000000,1632943319999,1943.54260900,19,108.20000000,10.82328400,0
1632943320000,0.10004000,0.10004000,0.09995000,0.09995000,33326.40000000,1632943379999,3333.22898800,11,0.00000000,0.00000000,0
1632943380000,0.09984000,0.09984000,0.09984000,0.09984000,2244.90000000,1632943439999,224.13081600,2,0.00000000,0.00000000,0
1632943440000,0.09980000,0.09980000,0.09960000,0.09960000,21076.90000000,1632943499999,2100.08275700,8,16597.40000000,1653.39912300,0
1632943500000,0.09982000,0.09987000,0.09982000,0.09987000,2112.10000000,1632943559999,210.91876200,3,2112.10000000,210.91876200,0
1632943560000,0.09978000,0.09987000,0.09978000,0.09987000,1385.80000000,1632943619999,138.34506300,2,1385.80000000,138.34506300,0
1632943620000,0.09973000,0.09973000,0.09969000,0.09969000,13162.10000000,1632943679999,1312.32119700,5,0.00000000,0.00000000,0
1632943680000,0.09967000,0.09967000,0.09967000,0.09967000,299.20000000,1632943739999,29.82126400,1,299.20000000,29.82126400,0
1632943740000,0.09968000,0.09989000,0.09968000,0.09989000,18577.10000000,1632943799999,1854.47793400,14,13122.20000000,1310.73350200,0
1632943800000,0.09989000,0.09989000,0.09968000,0.09968000,3629.00000000,1632943859999,361.82100700,4,0.00000000,0.00000000,0
1632943860000,0.10005000,0.10007000,0.09999000,0.09999000,5438.10000000,1632943919999,544.07772700,8,5329.90000000,533.25231700,0
1632943920000,0.10004000,0.10005000,0.09979000,0.10002000,6140.40000000,1632943979999,613.73239100,11,4037.20000000,403.85406300,0
1632943980000,0.10005000,0.10009000,0.10001000,0.10009000,12627.20000000,1632944039999,1263.08169400,17,11102.70000000,1110.52997500,0
1632944040000,0.10002000,0.10002000,0.10002000,0.10002000,1132.40000000,1632944099999,113.26264800,1,0.00000000,0.00000000,0
1632944100000,0.10002000,0.10002000,0.10002000,0.10002000,0.00000000,1632944159999,0.00000000,0,0.00000000,0.00000000,0
1632944160000,0.10002000,0.10048000,0.10002000,0.10048000,24971.10000000,1632944219999,2505.75262000,12,24971.10000000,2505.75262000,0
1632944220000,0.10015000,0.10015000,0.10000000,0.10000000,17618.20000000,1632944279999,1762.61507800,16,6267.20000000,627.12298500,0
1632944280000,0.10003000,0.10023000,0.10003000,0.10010000,5276.10000000,1632944339999,527.99138500,7,5276.10000000,527.99138500,0
1632944340000,0.09994000,0.10003000,0.09980000,0.10003000,1106.70000000,1632944399999,110.57295300,4,348.80000000,34.89046400,0
1632944400000,0.10003000,0.10003000,0.10003000,0.10003000,2130.90000000,1632944459999,213.15392700,1,0.00000000,0.00000000,0
1632944460000,0.10000000,0.10000000,0.10000000,0.10000000,10300.00000000,1632944519999,1030.00000000,5,300.00000000,30.00000000,0
1632944520000,0.10003000,0.10025000,0.10003000,0.10005000,18676.70000000,1632944579999,1869.53955600,12,11575.60000000,1159.07450100,0
1632944580000,0.10007000,0.10007000,0.10007000,0.10007000,104.90000000,1632944639999,10.49734300,1,104.90000000,10.49734300,0
1632944640000,0.10007000,0.10007000,0.10007000,0.10007000,1257.70000000,1632944699999,125.85803900,1,1257.70000000,125.85803900,0
1632944700000,0.10007000,0.10010000,0.10005000,0.10005000,9701.00000000,1632944759999,970.75846600,6,2521.20000000,252.27588000,0
1632944760000,0.10008000,0.10010000,0.10008000,0.10010000,2624.90000000,1632944819999,262.72072600,2,2624.90000000,262.72072600,0
1632944820000,0.10010000,0.10010000,0.10010000,0.10010000,0.00000000,1632944879999,0.00000000,0,0.00000000,0.00000000,0
1632944880000,0.10003000,0.10003000,0.10001000,0.10001000,1405.80000000,1632944939999,140.60402600,3,1405.80000000,140.60402600,0
1632944940000,0.10001000,0.10001000,0.09989000,0.09989000,2385.90000000,1632944999999,238.44753900,3,0.00000000,0.00000000,0
1632945000000,0.10001000,0.10001000,0.09976000,0.09976000,9574.50000000,1632945059999,955.79126200,6,144.90000000,14.49144900,0
1632945060000,0.09983000,0.09983000,0.09967000,0.09973000,17766.10000000,1632945119999,1772.10207800,8,0.00000000,0.00000000,0
1632945120000,0.09959000,0.09985000,0.09958000,0.09985000,1183.90000000,1632945179999,117.93403800,3,120.10000000,11.99198500,0
1632945180000,0.09967000,0.09967000,0.09958000,0.09958000,1392.60000000,1632945239999,138.70489800,2,0.00000000,0.00000000,0
1632945240000,0.09956000,0.09984000,0.09956000,0.09984000,5716.90000000,1632945299999,570.49272300,6,5105.30000000,509.59902500,0
1632945300000,0.09959000,0.09965000,0.09954000,0.09965000,4740.90000000,1632945359999,471.97759500,5,218.90000000,21.81338500,0
1632945360000,0.09953000,0.09963000,0.09941000,0.09948000,32050.90000000,1632945419999,3189.58908600,34,5252.70000000,523.02897600,0
1632945420000,0.09948000,0.09961000,0.09948000,0.09961000,3906.80000000,1632945479999,388.73720700,5,687.30000000,68.46134700,0
1632945480000,0.09947000,0.09947000,0.09938000,0.09938000,5530.50000000,1632945539999,549.79425000,6,1588.80000000,157.89494400,0
1632945540000,0.09945000,0.09945000,0.09935000,0.09935000,2833.60000000,1632945599999,281.66084700,5,0.00000000,0.00000000,0
1632945600000,0.09936000,0.09950000,0.09921000,0.09935000,16160.30000000,1632945659999,1605.06443100,25,937.70000000,93.08776200,0
1632945660000,0.09935000,0.09959000,0.09934000,0.09959000,9828.60000000,1632945719999,976.73192800,21,1654.00000000,164.62696100,0
1632945720000,0.09961000,0.09962000,0.09961000,0.09962000,2428.90000000,1632945779999,241.95401800,4,2428.90000000,241.95401800,0
1632945780000,0.09965000,0.09970000,0.09965000,0.09970000,2060.50000000,1632945839999,205.41960200,6,2060.50000000,205.41960200,0
1632945840000,0.09975000,0.09983000,0.09975000,0.09983000,6411.90000000,1632945899999,639.91473600,9,6411.90000000,639.91473600,0
1632945900000,0.09993000,0.09996000,0.09974000,0.09975000,11621.70000000,1632945959999,1159.52387300,9,3757.30000000,374.92486100,0
1632945960000,0.09975000,0.09975000,0.09964000,0.09964000,5204.00000000,1632946019999,518.61156700,7,3640.90000000,362.77927600,0
1632946020000,0.09940000,0.09940000,0.09920000,0.09929000,71927.80000000,1632946079999,7142.76654600,26,17464.30000000,1733.59311500,0
1632946080000,0.09943000,0.09974000,0.09943000,0.09952000,20224.60000000,1632946139999,2014.62512400,20,19266.30000000,1919.25510800,0
1632946140000,0.09934000,0.09938000,0.09934000,0.09938000,28616.80000000,1632946199999,2843.74940800,5,26302.00000000,2613.74517600,0
1632946200000,0.09951000,0.09951000,0.09917000,0.09917000,31007.70000000,1632946259999,3080.82687200,31,514.80000000,51.22774800,0
1632946260000,0.09917000,0.09917000,0.09804000,0.09884000,440587.80000000,1632946319999,43489.66031300,314,60681.50000000,5988.41297200,0
1632946320000,0.09862000,0.09874000,0.09834000,0.09874000,38900.50000000,1632946379999,3834.52135600,51,20643.40000000,2036.02827000,0
1632946380000,0.09864000,0.09900000,0.09857000,0.09897000,38860.00000000,1632946439999,3835.62148600,57,35577.40000000,3511.82582200,0
1632946440000,0.09874000,0.09874000,0.09842000,0.09842000,15464.30000000,1632946499999,1524.93429900,24,2967.10000000,292.58207400,0
1632946500000,0.09855000,0.09900000,0.09855000,0.09875000,31080.30000000,1632946559999,3068.72433000,23,17194.10000000,1696.88177000,0
1632946560000,0.09848000,0.09848000,0.09824000,0.09824000,12542.70000000,1632946619999,1233.62442000,9,363.70000000,35.79535400,0
1632946620000,0.09825000,0.09859000,0.09811000,0.09852000,8511.00000000,1632946679999,836.52395300,13,3082.30000000,303.42058900,0
1632946680000,0.09823000,0.09823000,0.09761000,0.09761000,217541.70000000,1632946739999,21314.14747800,108,21150.80000000,2074.24455400,0
1632946740000,0.09783000,0.09835000,0.09783000,0.09819000,32092.20000000,1632946799999,3147.40401900,26,24354.20000000,2388.94661400,0
1632946800000,0.09819000,0.09822000,0.09756000,0.09756000,50123.00000000,1632946859999,4902.53823600,35,7189.20000000,705.60745300,0
1632946860000,0.09817000,0.09895000,0.09756000,0.09895000,53332.60000000,1632946919999,5240.38768300,50,38872.40000000,3827.41393200,0
1632946920000,0.09900000,0.09951000,0.09873000,0.09951000,25348.10000000,1632946979999,2512.74927400,26,23605.30000000,2340.64363000,0
1632946980000,0.09944000,0.09947000,0.09937000,0.09937000,10416.60000000,1632947039999,1035.95004600,6,10416.60000000,1035.95004600,0
1632947040000,0.09937000,0.09937000,0.09937000,0.09937000,6028.00000000,1632947099999,599.00236000,3,6028.00000000,599.00236000,0
1632947100000,0.09929000,0.09929000,0.09929000,0.09929000,3145.40000000,1632947159999,312.30676600,4,3145.40000000,312.30676600,0
1632947160000,0.09913000,0.09915000,0.09881000,0.09900000,94489.80000000,1632947219999,9351.69180500,47,31835.70000000,3151.53305800,0
1632947220000,0.09878000,0.09916000,0.09869000,0.09912000,109565.80000000,1632947279999,10852.72887700,20,36583.90000000,3619.18300700,0
1632947280000,0.09912000,0.09912000,0.09912000,0.09912000,3611.70000000,1632947339999,357.99170400,6,3611.70000000,357.99170400,0
1632947340000,0.09912000,0.09912000,0.09855000,0.09855000,6714.90000000,1632947399999,663.81373500,3,110.00000000,10.90320000,0
1632947400000,0.09888000,0.09888000,0.09843000,0.09864000,45286.70000000,1632947459999,4470.00093400,33,29956.10000000,2959.11975200,0
1632947460000,0.09864000,0.09880000,0.09857000,0.09860000,19280.00000000,1632947519999,1901.85939600,23,14245.20000000,1405.55382700,0
1632947520000,0.09862000,0.09907000,0.09862000,0.09907000,16707.60000000,1632947579999,1651.06455300,9,15768.20000000,1558.42092500,0
1632947580000,0.09907000,0.09907000,0.09898000,0.09898000,4881.40000000,1632947639999,483.23950400,4,0.00000000,0.00000000,0
1632947640000,0.09895000,0.09900000,0.09895000,0.09900000,835.40000000,1632947699999,82.67783000,2,300.00000000,29.70000000,0
1632947700000,0.09900000,0.09900000,0.09900000,0.09900000,0.00000000,1632947759999,0.00000000,0,0.00000000,0.00000000,0
1632947760000,0.09908000,0.09928000,0.09908000,0.09928000,9902.90000000,1632947819999,982.81274600,4,9902.90000000,982.81274600,0
1632947820000,0.09925000,0.09925000,0.09886000,0.09923000,7173.90000000,1632947879999,710.78919500,20,3847.10000000,381.73241500,0
1632947880000,0.09888000,0.09888000,0.09876000,0.09879000,4149.20000000,1632947939999,410.04721200,4,0.00000000,0.00000000,0
1632947940000,0.09879000,0.09879000,0.09879000,0.09879000,5712.10000000,1632947999999,564.29835900,1,5712.10000000,564.29835900,0
1632948000000,0.09879000,0.09879000,0.09879000,0.09879000,0.00000000,1632948059999,0.00000000,0,0.00000000,0.00000000,0
1632948060000,0.09905000,0.09905000,0.09900000,0.09900000,1416.80000000,1632948119999,140.32899000,4,1416.80000000,140.32899000,0
1632948120000,0.09900000,0.09900000,0.09900000,0.09900000,102.20000000,1632948179999,10.11780000,1,102.20000000,10.11780000,0
1632948180000,0.09900000,0.09900000,0.09876000,0.09896000,787.40000000,1632948239999,77.91554400,3,651.30000000,64.47430800,0
1632948240000,0.09881000,0.09888000,0.09881000,0.09888000,1632.20000000,1632948299999,161.28567600,2,1632.20000000,161.28567600,0
1632948300000,0.09888000,0.09888000,0.09888000,0.09888000,0.00000000,1632948359999,0.00000000,0,0.00000000,0.00000000,0
1632948360000,0.09884000,0.09896000,0.09870000,0.09896000,73274.50000000,1632948419999,7244.51400300,21,26664.00000000,2636.78400200,0
1632948420000,0.09872000,0.09893000,0.09867000,0.09867000,3720.20000000,1632948479999,367.55920000,7,1778.30000000,175.91082200,0
1632948480000,0.09890000,0.09895000,0.09890000,0.09895000,2086.20000000,1632948539999,206.38642500,10,2086.20000000,206.38642500,0
1632948540000,0.09895000,0.09895000,0.09895000,0.09895000,2021.20000000,1632948599999,199.99774000,1,2021.20000000,199.99774000,0
1632948600000,0.09895000,0.09896000,0.09872000,0.09872000,34365.40000000,1632948659999,3399.10746000,25,13420.00000000,1327.93326600,0
1632948660000,0.09873000,0.09873000,0.09872000,0.09872000,17604.50000000,1632948719999,1737.94024000,5,0.00000000,0.00000000,0
1632948720000,0.09875000,0.09875000,0.09875000,0.09875000,921.50000000,1632948779999,90.99812500,1,921.50000000,90.99812500,0
1632948780000,0.09875000,0.09875000,0.09875000,0.09875000,0.00000000,1632948839999,0.00000000,0,0.00000000,0.00000000,0
1632948840000,0.09895000,0.09895000,0.09895000,0.09895000,111.10000000,1632948899999,10.99334500,1,111.10000000,10.99334500,0
1632948900000,0.09900000,0.09900000,0.09893000,0.09893000,1325.00000000,1632948959999,131.14760200,3,933.60000000,92.42640000,0
1632948960000,0.09893000,0.09921000,0.09890000,0.09921000,3483.50000000,1632949019999,344.90065300,5,505.00000000,50.10105000,0
1632949020000,0.09911000,0.09938000,0.09900000,0.09938000,8055.70000000,1632949079999,798.22146600,5,101.70000000,10.10694600,0
1632949080000,0.09938000,0.09953000,0.09891000,0.09907000,33545.90000000,1632949139999,3325.00363600,38,5064.60000000,502.56660300,0
1632949140000,0.09907000,0.09920000,0.09896000,0.09896000,2469.60000000,1632949199999,244.78144600,3,1757.00000000,174.26255000,0
1632949200000,0.09913000,0.09913000,0.09913000,0.09913000,1042.10000000,1632949259999,103.30337300,4,910.00000000,90.20830000,0
1632949260000,0.09918000,0.09920000,0.09890000,0.09920000,60297.40000000,1632949319999,5967.08631100,21,57581.10000000,5698.38991500,0
1632949320000,0.09938000,0.09965000,0.09936000,0.09965000,22667.80000000,1632949379999,2253.97123600,18,20355.20000000,2023.93941700,0
1632949380000,0.09944000,0.09966000,0.09941000,0.09966000,3705.40000000,1632949439999,368.71019500,8,1248.20000000,124.37161200,0
1632949440000,0.09966000,0.09996000,0.09966000,0.09972000,24436.60000000,1632949499999,2438.17441900,21,18459.70000000,1841.48216200,0
1632949500000,0.09972000,0.10058000,0.09970000,0.09990000,144925.90000000,1632949559999,14518.25049400,73,126555.90000000,12682.41030100,0
1632949560000,0.09984000,0.09988000,0.09952000,0.09988000,7729.60000000,1632949619999,770.79834500,12,4990.30000000,497.80920500,0
1632949620000,0.09991000,0.10002000,0.09984000,0.09984000,24467.70000000,1632949679999,2444.48467100,29,3001.30000000,299.98488300,0
1632949680000,0.09992000,0.10007000,0.09984000,0.10007000,14544.90000000,1632949739999,1453.27853600,18,7879.50000000,787.80500000,0
1632949740000,0.10005000,0.10005000,0.09984000,0.10001000,16809.20000000,1632949799999,1680.51022200,15,13458.60000000,1345.98631800,0
1632949800000,0.09990000,0.09992000,0.09984000,0.09984000,2296.60000000,1632949859999,229.42113200,5,663.20000000,66.26694400,0
1632949860000,0.09987000,0.09987000,0.09980000,0.09981000,4196.30000000,1632949919999,418.87682400,4,1024.40000000,102.28520400,0
1632949920000,0.09979000,0.09980000,0.09950000,0.09950000,22791.60000000,1632949979999,2271.09468900,11,354.60000000,35.37315000,0
1632949980000,0.09961000,0.09967000,0.09911000,0.09911000,28374.00000000,1632950039999,2819.97346900,28,1733.40000000,172.67905200,0
1632950040000,0.09918000,0.09920000,0.09872000,0.09872000,110693.40000000,1632950099999,10956.42553800,54,65977.00000000,6530.17076600,0
1632950100000,0.09866000,0.09936000,0.09848000,0.09936000,76852.60000000,1632950159999,7579.01886700,34,71957.80000000,7096.62172500,0
1632950160000,0.09872000,0.09894000,0.09866000,0.09894000,13110.20000000,1632950219999,1294.35024400,6,2651.70000000,262.32319800,0
1632950220000,0.09898000,0.09932000,0.09898000,0.09932000,2888.20000000,1632950279999,286.44493900,3,2703.10000000,268.12374100,0
1632950280000,0.09894000,0.09915000,0.09894000,0.09915000,5162.90000000,1632950339999,511.87633500,3,120.00000000,11.87280000,0
1632950340000,0.09914000,0.09914000,0.09884000,0.09896000,16216.40000000,1632950399999,1603.17906300,15,2001.00000000,197.98296000,0
1632950400000,0.09922000,0.09922000,0.09921000,0.09921000,1310.10000000,1632950459999,129.98313000,2,1310.10000000,129.98313000,0
1632950460000,0.09897000,0.09920000,0.09896000,0.09897000,3107.00000000,1632950519999,307.63057800,5,616.60000000,61.16672000,0
1632950520000,0.09920000,0.09920000,0.09920000,0.09920000,302.50000000,1632950579999,30.00800000,2,302.50000000,30.00800000,0
1632950580000,0.09920000,0.09927000,0.09920000,0.09926000,718.10000000,1632950639999,71.26422500,3,718.10000000,71.26422500,0
1632950640000,0.09897000,0.09897000,0.09892000,0.09892000,1100.20000000,1632950699999,108.86261400,2,616.60000000,61.02490200,0
1632950700000,0.09892000,0.09892000,0.09892000,0.09892000,0.00000000,1632950759999,0.00000000,0,0.00000000,0.00000000,0
1632950760000,0.09922000,0.09927000,0.09922000,0.09927000,1396.30000000,1632950819999,138.56222100,6,1396.30000000,138.56222100,0
1632950820000,0.09922000,0.09922000,0.09920000,0.09920000,9172.60000000,1632950879999,910.10333400,3,7056.90000000,700.18358000,0
1632950880000,0.09920000,0.09920000,0.09920000,0.09920000,0.00000000,1632950939999,0.00000000,0,0.00000000,0.00000000,0
1632950940000,0.09917000,0.09917000,0.09903000,0.09903000,1977.50000000,1632950999999,195.99514900,2,1166.60000000,115.69172200,0
1632951000000,0.09918000,0.09920000,0.09918000,0.09920000,2165.90000000,1632951059999,214.83092400,6,2165.90000000,214.83092400,0
1632951060000,0.09927000,0.09927000,0.09927000,0.09927000,597.80000000,1632951119999,59.34360600,1,597.80000000,59.34360600,0
1632951120000,0.09938000,0.09944000,0.09938000,0.09944000,557.90000000,1632951179999,55.44651400,2,557.90000000,55.44651400,0
1632951180000,0.09944000,0.09944000,0.09944000,0.09944000,325.60000000,1632951239999,32.37766400,2,325.60000000,32.37766400,0
1632951240000,0.09928000,0.09963000,0.09906000,0.09963000,22120.90000000,1632951299999,2197.54194100,19,7223.60000000,718.85353000,0
1632951300000,0.09943000,0.09943000,0.09943000,0.09943000,715.10000000,1632951359999,71.10239300,1,0.00000000,0.00000000,0
1632951360000,0.09928000,0.09928000,0.09891000,0.09891000,17210.60000000,1632951419999,1704.10201900,9,0.00000000,0.00000000,0
1632951420000,0.09945000,0.09963000,0.09945000,0.09963000,9474.90000000,1632951479999,942.94738100,10,9474.90000000,942.94738100,0
1632951480000,0.09963000,0.09963000,0.09963000,0.09963000,0.00000000,1632951539999,0.00000000,0,0.00000000,0.00000000,0
1632951540000,0.09963000,0.09963000,0.09963000,0.09963000,196.50000000,1632951599999,19.57729500,1,196.50000000,19.57729500,0
1632951600000,0.09933000,0.09956000,0.09933000,0.09956000,539.20000000,1632951659999,53.64153600,2,360.00000000,35.84160000,0
1632951660000,0.09950000,0.09962000,0.09940000,0.09962000,10307.00000000,1632951719999,1024.57350000,7,10307.00000000,1024.57350000,0
1632951720000,0.09967000,0.09972000,0.09950000,0.09950000,2463.30000000,1632951779999,245.47482500,4,2013.60000000,200.72967500,0
1632951780000,0.09970000,0.09980000,0.09951000,0.09980000,7716.90000000,1632951839999,769.23263700,13,6330.20000000,631.20372000,0
1632951840000,0.09980000,0.10004000,0.09969000,0.09981000,29073.20000000,1632951899999,2902.11189400,34,2763.90000000,276.11321400,0
1632951900000,0.09981000,0.10013000,0.09981000,0.10000000,10441.30000000,1632951959999,1043.64003200,24,10441.30000000,1043.64003200,0
1632951960000,0.10001000,0.10012000,0.10000000,0.10012000,16758.30000000,1632952019999,1676.40573300,15,6559.00000000,656.34400000,0
1632952020000,0.10004000,0.10015000,0.10000000,0.10001000,20982.90000000,1632952079999,2098.85622100,18,6760.90000000,676.59204400,0
1632952080000,0.10015000,0.10015000,0.10000000,0.10000000,3691.40000000,1632952139999,369.19595800,8,2755.30000000,275.57761500,0
1632952140000,0.10000000,0.10000000,0.10000000,0.10000000,0.00000000,1632952199999,0.00000000,0,0.00000000,0.00000000,0
1632952200000,0.10000000,0.10000000,0.10000000,0.10000000,3986.00000000,1632952259999,398.60000000,1,0.00000000,0.00000000,0
1632952260000,0.10001000,0.10001000,0.10001000,0.10001000,2265.10000000,1632952319999,226.53265100,5,2265.10000000,226.53265100,0
1632952320000,0.10010000,0.10012000,0.10010000,0.10012000,7139.10000000,1632952379999,714.71662700,15,7139.10000000,714.71662700,0
1632952380000,0.10009000,0.10021000,0.10001000,0.10004000,38248.20000000,1632952439999,3827.82216000,35,19641.10000000,1966.25458500,0
1632952440000,0.10004000,0.10004000,0.10004000,0.10004000,0.00000000,1632952499999,0.00000000,0,0.00000000,0.00000000,0
1632952500000,0.10000000,0.10002000,0.10000000,0.10002000,2028.80000000,1632952559999,202.89657600,3,828.80000000,82.89657600,0
1632952560000,0.09990000,0.10010000,0.09988000,0.10010000,8183.90000000,1632952619999,817.57793600,15,300.20000000,30.05002000,0
1632952620000,0.10007000,0.10007000,0.10007000,0.10007000,1311.70000000,1632952679999,131.26181900,1,1311.70000000,131.26181900,0
1632952680000,0.10003000,0.10003000,0.09988000,0.09991000,33921.00000000,1632952739999,3388.22931800,14,445.60000000,44.57336800,0
1632952740000,0.09991000,0.09991000,0.09991000,0.09991000,357.00000000,1632952799999,35.66787000,1,0.00000000,0.00000000,0
1632952800000,0.09991000,0.10008000,0.09988000,0.09991000,34787.80000000,1632952859999,3476.95139000,26,19739.10000000,1973.49842700,0
1632952860000,0.10008000,0.10071000,0.10008000,0.10011000,129272.50000000,1632952919999,12998.56586800,48,121048.20000000,12174.51394400,0
1632952920000,0.10008000,0.10034000,0.10001000,0.10019000,36466.20000000,1632952979999,3649.99319300,28,25215.80000000,2524.48810100,0
1632952980000,0.10029000,0.10029000,0.10000000,0.10014000,7152.10000000,1632953039999,715.59787900,10,3445.10000000,344.74772900,0
1632953040000,0.10015000,0.10016000,0.10000000,0.10004000,32255.40000000,1632953099999,3226.81925100,29,20084.40000000,2009.36857500,0
1632953100000,0.10008000,0.10012000,0.10000000,0.10012000,28336.70000000,1632953159999,2836.04057500,17,12214.90000000,1222.46044700,0
1632953160000,0.10001000,0.10020000,0.10001000,0.10003000,28960.30000000,1632953219999,2897.88886900,23,23648.60000000,2366.65141600,0
1632953220000,0.10002000,0.10002000,0.10002000,0.10002000,6688.40000000,1632953279999,668.97376800,4,308.30000000,30.83616600,0
1632953280000,0.10011000,0.10011000,0.09999000,0.09999000,709.50000000,1632953339999,71.00644500,3,358.20000000,35.85940200,0
1632953340000,0.10013000,0.10018000,0.10013000,0.10018000,6296.60000000,1632953399999,630.65629600,6,6296.60000000,630.65629600,0
1632953400000,0.10019000,0.10028000,0.10002000,0.10003000,42139.30000000,1632953459999,4217.19760300,40,12125.00000000,1214.83120200,0
1632953460000,0.10004000,0.10004000,0.10003000,0.10003000,6357.80000000,1632953519999,635.98875900,6,6266.50000000,626.85602000,0
1632953520000,0.10003000,0.10003000,0.10003000,0.10003000,0.00000000,1632953579999,0.00000000,0,0.00000000,0.00000000,0
1632953580000,0.10003000,0.10032000,0.10003000,0.10012000,49035.00000000,1632953639999,4913.79696400,43,36402.30000000,3648.09840900,0
1632953640000,0.10011000,0.10011000,0.10003000,0.10003000,45942.90000000,1632953699999,4596.08415800,25,5577.70000000,558.02744800,0
1632953700000,0.10003000,0.10012000,0.09991000,0.09992000,49004.10000000,1632953759999,4901.26193200,25,10017.50000000,1001.99774200,0
1632953760000,0.09992000,0.09992000,0.09992000,0.09992000,0.00000000,1632953819999,0.00000000,0,0.00000000,0.00000000,0
1632953820000,0.10010000,0.10013000,0.09995000,0.09995000,103041.20000000,1632953879999,10316.56498400,18,99365.20000000,9949.04657500,0
1632953880000,0.10008000,0.10013000,0.10008000,0.10013000,163655.90000000,1632953939999,16386.80198100,26,163655.90000000,16386.80198100,0
1632953940000,0.10012000,0.10013000,0.09992000,0.09992000,9015.80000000,1632953999999,901.62302000,17,3544.40000000,354.87589200,0
1632954000000,0.09992000,0.09992000,0.09992000,0.09992000,0.00000000,1632954059999,0.00000000,0,0.00000000,0.00000000,0
1632954060000,0.10007000,0.10007000,0.10007000,0.10007000,826.10000000,1632954119999,82.66782700,3,826.10000000,82.66782700,0
1632954120000,0.09992000,0.09992000,0.09955000,0.09955000,260055.80000000,1632954179999,25974.64323300,52,0.00000000,0.00000000,0
1632954180000,0.09955000,0.09969000,0.09924000,0.09926000,27103.80000000,1632954239999,2692.55743200,20,1314.10000000,130.77383100,0
1632954240000,0.09945000,0.09945000,0.09945000,0.09945000,4585.50000000,1632954299999,456.02797500,3,1800.00000000,179.01000000,0
1632954300000,0.09944000,0.09944000,0.09944000,0.09944000,1041.20000000,1632954359999,103.53692800,3,1041.20000000,103.53692800,0
1632954360000,0.09924000,0.09940000,0.09920000,0.09940000,2194.60000000,1632954419999,217.79329200,6,151.20000000,15.02928000,0
1632954420000,0.09940000,0.09940000,0.09940000,0.09940000,0.00000000,1632954479999,0.00000000,0,0.00000000,0.00000000,0
1632954480000,0.09939000,0.09945000,0.09939000,0.09945000,41697.90000000,1632954539999,4145.18756400,18,41697.90000000,4145.18756400,0
1632954540000,0.09945000,0.09945000,0.09945000,0.09945000,0.00000000,1632954599999,0.00000000,0,0.00000000,0.00000000,0
1632954600000,0.09939000,0.09939000,0.09938000,0.09938000,2390.10000000,1632954659999,237.54613800,2,0.00000000,0.00000000,0
1632954660000,0.09939000,0.09939000,0.09939000,0.09939000,1208.90000000,1632954719999,120.15257100,1,0.00000000,0.00000000,0
1632954720000,0.09956000,0.09956000,0.09956000,0.09956000,1433.40000000,1632954779999,142.70930400,2,1433.40000000,142.70930400,0
1632954780000,0.09956000,0.09974000,0.09956000,0.09974000,23065.30000000,1632954839999,2298.84923600,31,22936.90000000,2286.04262000,0
1632954840000,0.09993000,0.09996000,0.09993000,0.09996000,2434.00000000,1632954899999,243.24024000,3,2434.00000000,243.24024000,0
1632954900000,0.09998000,0.10018000,0.09998000,0.10004000,42178.00000000,1632954959999,4219.77046600,28,37690.90000000,3770.83611100,0
1632954960000,0.10003000,0.10003000,0.09983000,0.09983000,90919.50000000,1632955019999,9091.68499600,24,2785.70000000,278.65357100,0
1632955020000,0.09996000,0.10000000,0.09969000,0.09995000,22081.40000000,1632955079999,2207.26097400,20,20401.70000000,2039.70165500,0
1632955080000,0.09995000,0.09995000,0.09995000,0.09995000,0.00000000,1632955139999,0.00000000,0,0.00000000,0.00000000,0
1632955140000,0.09977000,0.09977000,0.09977000,0.09977000,156.50000000,1632955199999,15.61400500,1,0.00000000,0.00000000,0
1632955200000,0.09995000,0.10011000,0.09995000,0.10011000,19899.50000000,1632955259999,1990.47150400,9,17109.50000000,1711.46700400,0
1632955260000,0.10011000,0.10041000,0.10011000,0.10014000,19334.80000000,1632955319999,1937.18977300,19,14543.90000000,1457.23146700,0
1632955320000,0.10029000,0.10113000,0.10029000,0.10084000,135591.50000000,1632955379999,13653.79339000,83,106723.60000000,10752.76783200,0
1632955380000,0.10086000,0.10086000,0.10060000,0.10074000,16418.10000000,1632955439999,1653.55083500,14,8756.90000000,882.09987500,0
1632955440000,0.10063000,0.10067000,0.10043000,0.10043000,26262.50000000,1632955499999,2640.49927400,36,10572.10000000,1063.64792900,0
1632955500000,0.10043000,0.10054000,0.10024000,0.10024000,53617.20000000,1632955559999,5381.44061000,53,35290.00000000,3542.30820100,0
1632955560000,0.10023000,0.10035000,0.10011000,0.10025000,28808.70000000,1632955619999,2887.39180800,33,18626.60000000,1867.12843300,0
1632955620000,0.10008000,0.10009000,0.10000000,0.10000000,22298.10000000,1632955679999,2230.48724400,14,7378.20000000,738.12090900,0
1632955680000,0.10001000,0.10012000,0.10001000,0.10001000,5209.90000000,1632955739999,521.38661000,5,3409.90000000,341.20661000,0
1632955740000,0.10017000,0.10028000,0.10017000,0.10017000,15883.10000000,1632955799999,1591.58302800,10,13570.20000000,1359.85357700,0
1632955800000,0.10022000,0.10022000,0.10003000,0.10017000,38687.10000000,1632955859999,3873.49712300,30,21371.40000000,2140.81962100,0
1632955860000,0.10007000,0.10029000,0.10004000,0.10004000,8897.50000000,1632955919999,890.53404000,7,210.50000000,21.06473500,0
1632955920000,0.10004000,0.10004000,0.10000000,0.10002000,18175.60000000,1632955979999,1817.99674900,14,13446.10000000,1344.97803000,0
1632955980000,0.10009000,0.10040000,0.10001000,0.10020000,22199.80000000,1632956039999,2223.56045300,17,15820.90000000,1584.73938100,0
1632956040000,0.10016000,0.10043000,0.10016000,0.10021000,39858.00000000,1632956099999,3997.29137500,40,23116.70000000,2319.01552700,0
1632956100000,0.10017000,0.10020000,0.10012000,0.10012000,29091.10000000,1632956159999,2913.79532600,15,12194.00000000,1221.40281700,0
1632956160000,0.10012000,0.10040000,0.10010000,0.10033000,23667.70000000,1632956219999,2370.14513700,21,11130.20000000,1114.87853100,0
1632956220000,0.10007000,0.10007000,0.10007000,0.10007000,2173.50000000,1632956279999,217.50214500,2,373.50000000,37.37614500,0
1632956280000,0.10014000,0.10014000,0.10007000,0.10007000,5544.60000000,1632956339999,554.85763500,5,5443.40000000,544.73055100,0
1632956340000,0.10004000,0.10012000,0.09993000,0.09993000,24761.50000000,1632956399999,2476.91817900,21,1994.10000000,199.36529900,0
1632956400000,0.09996000,0.09996000,0.09996000,0.09996000,150.10000000,1632956459999,15.00399600,1,150.10000000,15.00399600,0
1632956460000,0.09996000,0.10034000,0.09996000,0.10006000,14969.60000000,1632956519999,1498.14342500,22,11118.10000000,1112.77563200,0
1632956520000,0.10008000,0.10008000,0.10008000,0.10008000,30.00000000,1632956579999,3.00240000,1,30.00000000,3.00240000,0
1632956580000,0.09989000,0.09999000,0.09986000,0.09998000,25282.30000000,1632956639999,2525.33061600,5,753.50000000,75.33992600,0
1632956640000,0.09984000,0.10015000,0.09980000,0.10015000,7536.20000000,1632956699999,753.46474000,17,6540.20000000,654.05230000,0
1632956700000,0.10007000,0.10008000,0.10007000,0.10008000,603.70000000,1632956759999,60.41355800,2,603.70000000,60.41355800,0
1632956760000,0.10008000,0.10008000,0.10008000,0.10008000,1072.90000000,1632956819999,107.37583200,1,0.00000000,0.00000000,0
1632956820000,0.09990000,0.09990000,0.09990000,0.09990000,527.80000000,1632956879999,52.72722000,1,0.00000000,0.00000000,0
1632956880000,0.09990000,0.10015000,0.09990000,0.10015000,7048.90000000,1632956939999,705.67861000,3,6550.00000000,655.83850000,0
1632956940000,0.10003000,0.10003000,0.10003000,0.10003000,499.40000000,1632956999999,49.95498200,1,499.40000000,49.95498200,0
1632957000000,0.10009000,0.10067000,0.10009000,0.10046000,68599.20000000,1632957059999,6879.97600700,32,64616.70000000,6479.92392500,0
1632957060000,0.10054000,0.10103000,0.10042000,0.10055000,94529.70000000,1632957119999,9519.38674100,66,83569.00000000,8416.06424200,0
1632957120000,0.10077000,0.10113000,0.10077000,0.10097000,92526.20000000,1632957179999,9342.64438900,39,33252.00000000,3357.67461300,0
1632957180000,0.10097000,0.10097000,0.10039000,0.10061000,229333.10000000,1632957239999,23145.90241000,34,5086.60000000,512.09779800,0
1632957240000,0.10061000,0.10063000,0.10013000,0.10033000,39852.80000000,1632957299999,4001.17974600,55,7687.00000000,772.35046800,0
1632957300000,0.10033000,0.10038000,0.10014000,0.10014000,23371.70000000,1632957359999,2343.69597600,12,11798.60000000,1183.54716200,0
1632957360000,0.10014000,0.10014000,0.10001000,0.10001000,23245.20000000,1632957419999,2327.14924700,13,10717.10000000,1073.03553300,0
1632957420000,0.10008000,0.10008000,0.09998000,0.09998000,349.70000000,1632957479999,34.98497600,2,219.70000000,21.98757600,0
1632957480000,0.09998000,0.10022000,0.09998000,0.10015000,17530.70000000,1632957539999,1755.82642600,16,11844.00000000,1186.38850600,0
1632957540000,0.10016000,0.10016000,0.10015000,0.10015000,13084.50000000,1632957599999,1310.44248600,7,2576.10000000,258.02217600,0
1632957600000,0.10014000,0.10014000,0.10001000,0.10001000,2775.40000000,1632957659999,277.60358200,3,2499.80000000,250.04082600,0
1632957660000,0.10000000,0.10016000,0.10000000,0.10016000,884.50000000,1632957719999,88.46596800,3,99.80000000,9.99596800,0
1632957720000,0.10018000,0.10018000,0.09990000,0.09991000,34644.30000000,1632957779999,3468.36480200,18,305.20000000,30.57493600,0
1632957780000,0.10008000,0.10008000,0.09994000,0.09994000,2867.20000000,1632957839999,286.62076800,2,520.00000000,52.04160000,0
1632957840000,0.10012000,0.10019000,0.10008000,0.10019000,47600.90000000,1632957899999,4767.14654200,26,47600.90000000,4767.14654200,0
1632957900000,0.10028000,0.10028000,0.10003000,0.10003000,16675.10000000,1632957959999,1669.64349100,11,6343.20000000,635.51688200,0
1632957960000,0.10003000,0.10003000,0.10003000,0.10003000,0.00000000,1632958019999,0.00000000,0,0.00000000,0.00000000,0
1632958020000,0.09998000,0.09998000,0.09998000,0.09998000,1500.30000000,1632958079999,149.99999400,1,0.00000000,0.00000000,0
1632958080000,0.10004000,0.10005000,0.10004000,0.10005000,499.70000000,1632958139999,49.99160600,2,499.70000000,49.99160600,0
1632958140000,0.09993000,0.09993000,0.09993000,0.09993000,463.40000000,1632958199999,46.30756200,3,0.00000000,0.00000000,0
1632958200000,0.10026000,0.10026000,0.10011000,0.10013000,6733.80000000,1632958259999,674.31401100,8,6733.80000000,674.31401100,0
1632958260000,0.10015000,0.10032000,0.10007000,0.10007000,11402.00000000,1632958319999,1141.58476000,8,9263.80000000,927.54308600,0
1632958320000,0.10006000,0.10017000,0.10003000,0.10003000,9219.60000000,1632958379999,922.61722100,8,5724.10000000,572.89739500,0
1632958380000,0.09994000,0.10001000,0.09991000,0.10001000,66886.30000000,1632958439999,6684.53591000,25,62993.90000000,6295.63405400,0
1632958440000,0.09997000,0.09997000,0.09981000,0.09984000,3579.50000000,1632958499999,357.59414500,7,1800.00000000,179.94600000,0
1632958500000,0.09989000,0.09989000,0.09989000,0.09989000,150.20000000,1632958559999,15.00347800,1,150.20000000,15.00347800,0
1632958560000,0.09989000,0.09989000,0.09989000,0.09989000,1845.00000000,1632958619999,184.29705000,1,1845.00000000,184.29705000,0
1632958620000,0.09999000,0.10000000,0.09999000,0.10000000,1242.70000000,1632958679999,124.26661500,2,1242.70000000,124.26661500,0
1632958680000,0.10000000,0.10000000,0.10000000,0.10000000,0.00000000,1632958739999,0.00000000,0,0.00000000,0.00000000,0
1632958740000,0.10002000,0.10029000,0.09990000,0.09990000,10303.20000000,1632958799999,1031.88070400,19,9591.60000000,960.79186400,0
1632958800000,0.10002000,0.10002000,0.10000000,0.10000000,3017.40000000,1632958859999,301.77400000,4,0.00000000,0.00000000,0
1632958860000,0.09988000,0.10004000,0.09987000,0.10004000,4733.60000000,1632958919999,472.88156900,12,658.60000000,65.88634400,0
1632958920000,0.10001000,0.10023000,0.10000000,0.10023000,8029.90000000,1632958979999,803.43436900,6,6910.30000000,691.47436900,0
1632958980000,0.10023000,0.10023000,0.10023000,0.10023000,0.00000000,1632959039999,0.00000000,0,0.00000000,0.00000000,0
1632959040000,0.10020000,0.10036000,0.10002000,0.10036000,22411.80000000,1632959099999,2244.58469100,26,10425.90000000,1044.71066900,0
1632959100000,0.10035000,0.10053000,0.10019000,0.10030000,27433.20000000,1632959159999,2752.96559800,32,16978.10000000,1703.85895600,0
1632959160000,0.10011000,0.10041000,0.10010000,0.10018000,36493.20000000,1632959219999,3659.58975600,44,19429.10000000,1949.30246500,0
1632959220000,0.10019000,0.10019000,0.10001000,0.10007000,17689.20000000,1632959279999,1770.15565500,18,10835.50000000,1084.32089600,0
1632959280000,0.10006000,0.10006000,0.10006000,0.10006000,7346.30000000,1632959339999,735.07077800,4,0.00000000,0.00000000,0
1632959340000,0.10013000,0.10051000,0.10007000,0.10007000,165722.60000000,1632959399999,16637.28984900,45,50322.00000000,5048.24460400,0
1632959400000,0.10007000,0.10039000,0.10004000,0.10005000,37804.90000000,1632959459999,3788.38738600,28,23851.50000000,2391.38148800,0
1632959460000,0.10016000,0.10025000,0.10004000,0.10008000,20237.90000000,1632959519999,2025.22708300,34,8761.70000000,876.89027700,0
1632959520000,0.10006000,0.10065000,0.10006000,0.10030000,26298.80000000,1632959579999,2634.50294800,24,9181.40000000,921.02884100,0
1632959580000,0.10024000,0.10024000,0.10008000,0.10009000,19823.50000000,1632959639999,1985.45257000,12,13656.10000000,1368.14047400,0
1632959640000,0.10008000,0.10047000,0.10008000,0.10039000,43779.50000000,1632959699999,4388.37455900,38,25150.10000000,2521.56130500,0
1632959700000,0.10030000,0.10059000,0.10008000,0.10055000,45856.30000000,1632959759999,4599.76795400,55,35409.20000000,3552.84449400,0
1632959760000,0.10018000,0.10055000,0.10006000,0.10029000,44597.40000000,1632959819999,4474.14475500,33,36805.10000000,3693.23873800,0
1632959820000,0.10041000,0.10055000,0.10027000,0.10051000,51041.10000000,1632959879999,5124.80891100,35,43763.10000000,4394.87068900,0
1632959880000,0.10029000,0.10092000,0.10029000,0.10065000,44846.40000000,1632959939999,4509.32818300,50,34018.10000000,3420.22288300,0
1632959940000,0.10066000,0.10066000,0.10051000,0.10051000,51629.40000000,1632959999999,5189.58078200,17,3516.20000000,353.52166800,0
