1630540800000,56.43000000,56.61000000,56.43000000,56.61000000,94.68000000,1630540859999,5345.43160000,21,90.80000000,5125.97880000,0
1630540860000,56.60000000,56.80000000,56.60000000,56.70000000,89.21000000,1630540919999,5058.29990000,29,39.17000000,2220.45740000,0
1630540920000,56.70000000,56.77000000,56.68000000,56.76000000,16.71000000,1630540979999,947.73480000,10,5.63000000,319.50220000,0
1630540980000,56.67000000,56.67000000,56.51000000,56.56000000,103.46000000,1630541039999,5861.09080000,11,9.28000000,525.69960000,0
1630541040000,56.43000000,56.45000000,56.28000000,56.28000000,87.73000000,1630541099999,4943.94820000,17,36.27000000,2042.00630000,0
1630541100000,56.31000000,56.31000000,56.03000000,56.15000000,121.03000000,1630541159999,6797.11710000,37,36.09000000,2027.26100000,0
1630541160000,56.15000000,56.50000000,56.00000000,56.46000000,433.25000000,1630541219999,24314.30970000,62,97.55000000,5494.72370000,0
1630541220000,56.47000000,56.47000000,56.27000000,56.37000000,47.68000000,1630541279999,2686.24460000,11,1.22000000,68.80990000,0
1630541280000,56.48000000,56.70000000,56.45000000,56.70000000,120.03000000,1630541339999,6797.90500000,33,32.06000000,1815.80820000,0
1630541340000,56.70000000,56.72000000,56.50000000,56.54000000,139.37000000,1630541399999,7891.03060000,18,105.85000000,5993.32860000,0
1630541400000,56.45000000,56.71000000,56.45000000,56.67000000,48.73000000,1630541459999,2758.65290000,14,47.13000000,2668.33290000,0
1630541460000,56.65000000,56.79000000,56.54000000,56.54000000,179.42000000,1630541519999,10177.05370000,63,144.64000000,8205.86140000,0
1630541520000,56.57000000,56.57000000,56.55000000,56.57000000,31.14000000,1630541579999,1761.49500000,10,17.39000000,983.75230000,0
1630541580000,56.54000000,56.54000000,56.35000000,56.36000000,326.34000000,1630541639999,18416.12700000,59,5.09000000,287.12020000,0
1630541640000,56.39000000,56.43000000,56.37000000,56.37000000,13.16000000,1630541699999,742.19830000,11,6.82000000,384.79050000,0
1630541700000,56.37000000,56.37000000,56.34000000,56.36000000,80.72000000,1630541759999,4549.34340000,25,4.40000000,248.02230000,0
1630541760000,56.42000000,56.48000000,56.40000000,56.40000000,51.18000000,1630541819999,2888.05710000,8,47.34000000,2671.48110000,0
1630541820000,56.42000000,56.42000000,56.42000000,56.42000000,0.31000000,1630541879999,17.49020000,1,0.31000000,17.49020000,0
1630541880000,56.39000000,56.39000000,56.39000000,56.39000000,3.54000000,1630541939999,199.62060000,1,3.54000000,199.62060000,0
1630541940000,56.39000000,56.39000000,56.32000000,56.32000000,14.77000000,1630541999999,832.23610000,9,0.26000000,14.66140000,0
1630542000000,56.37000000,56.38000000,56.32000000,56.32000000,15.18000000,1630542059999,855.08240000,7,1.24000000,69.90240000,0
1630542060000,56.36000000,56.36000000,56.36000000,56.36000000,3.21000000,1630542119999,180.91560000,2,0.98000000,55.23280000,0
1630542120000,56.40000000,56.40000000,56.23000000,56.28000000,150.88000000,1630542179999,8496.16170000,22,32.07000000,1805.17010000,0
1630542180000,56.22000000,56.29000000,56.11000000,56.11000000,47.66000000,1630542239999,2677.04690000,12,14.86000000,835.50720000,0
1630542240000,56.14000000,56.23000000,56.14000000,56.23000000,14.90000000,1630542299999,836.69600000,4,14.37000000,806.92060000,0
1630542300000,56.19000000,56.21000000,56.15000000,56.19000000,11.54000000,1630542359999,648.41800000,4,1.19000000,66.88550000,0
1630542360000,56.16000000,56.16000000,56.11000000,56.13000000,45.38000000,1630542419999,2547.42160000,18,4.46000000,250.41120000,0
1630542420000,56.13000000,56.13000000,56.00000000,56.00000000,57.61000000,1630542479999,3228.71940000,12,9.97000000,559.61610000,0
1630542480000,56.09000000,56.09000000,56.01000000,56.05000000,27.26000000,1630542539999,1528.02020000,12,11.86000000,665.07860000,0
1630542540000,56.05000000,56.08000000,56.01000000,56.01000000,61.55000000,1630542599999,3449.35600000,8,4.76000000,266.77700000,0
1630542600000,56.05000000,56.10000000,56.05000000,56.10000000,4.51000000,1630542659999,252.85240000,5,3.52000000,197.35300000,0
1630542660000,56.08000000,56.08000000,56.08000000,56.08000000,2.85000000,1630542719999,159.82800000,1,2.85000000,159.82800000,0
1630542720000,56.08000000,56.10000000,55.85000000,56.00000000,699.83000000,1630542779999,39184.63740000,98,183.94000000,10301.87760000,0
1630542780000,55.85000000,55.87000000,55.79000000,55.87000000,136.41000000,1630542839999,7612.69760000,33,3.98000000,222.33700000,0
1630542840000,55.87000000,56.04000000,55.87000000,55.98000000,286.73000000,1630542899999,16046.20360000,33,259.98000000,14549.52060000,0
1630542900000,56.04000000,56.11000000,56.02000000,56.08000000,49.53000000,1630542959999,2777.71270000,16,42.27000000,2370.83350000,0
1630542960000,56.11000000,56.13000000,56.03000000,56.10000000,54.53000000,1630543019999,3057.49390000,9,19.62000000,1101.13820000,0
1630543020000,56.03000000,56.09000000,55.97000000,55.97000000,101.64000000,1630543079999,5692.63680000,20,18.89000000,1058.92850000,0
1630543080000,55.91000000,56.01000000,55.84000000,55.90000000,265.72000000,1630543139999,14857.16980000,27,57.68000000,3229.36560000,0
1630543140000,55.92000000,55.95000000,55.92000000,55.93000000,18.16000000,1630543199999,1015.79660000,5,1.82000000,101.82900000,0
1630543200000,56.03000000,56.03000000,55.93000000,55.93000000,47.13000000,1630543259999,2638.31370000,8,46.43000000,2599.16270000,0
1630543260000,55.98000000,55.98000000,55.98000000,55.98000000,8.93000000,1630543319999,499.90140000,2,8.93000000,499.90140000,0
1630543320000,56.04000000,56.11000000,56.04000000,56.11000000,40.26000000,1630543379999,2258.89340000,5,38.90000000,2182.67900000,0
1630543380000,56.15000000,56.15000000,56.15000000,56.15000000,1.07000000,1630543439999,60.08050000,2,1.07000000,60.08050000,0
1630543440000,56.14000000,56.15000000,56.03000000,56.15000000,312.10000000,1630543499999,17499.84230000,36,38.54000000,2162.63160000,0
1630543500000,56.17000000,56.19000000,56.17000000,56.19000000,55.60000000,1630543559999,3123.91760000,7,55.60000000,3123.91760000,0
1630543560000,56.19000000,56.20000000,56.12000000,56.14000000,175.07000000,1630543619999,9835.70470000,28,55.43000000,3114.43220000,0
1630543620000,56.15000000,56.15000000,56.11000000,56.11000000,55.74000000,1630543679999,3128.36060000,23,12.17000000,683.10740000,0
1630543680000,56.11000000,56.19000000,56.07000000,56.11000000,128.53000000,1630543739999,7215.56110000,26,64.37000000,3615.41520000,0
1630543740000,56.11000000,56.18000000,56.11000000,56.16000000,40.99000000,1630543799999,2301.89750000,21,34.00000000,1909.62060000,0
1630543800000,56.21000000,56.24000000,56.18000000,56.20000000,121.30000000,1630543859999,6817.06350000,12,11.40000000,640.75920000,0
1630543860000,56.14000000,56.19000000,56.10000000,56.19000000,34.27000000,1630543919999,1924.00330000,6,28.33000000,1590.67050000,0
1630543920000,56.16000000,56.20000000,56.16000000,56.19000000,46.00000000,1630543979999,2584.72880000,7,36.15000000,2031.31430000,0
1630543980000,56.13000000,56.18000000,56.09000000,56.18000000,12.88000000,1630544039999,722.91060000,6,0.35000000,19.66300000,0
1630544040000,56.20000000,56.20000000,56.16000000,56.16000000,14.35000000,1630544099999,806.16210000,3,4.26000000,239.41200000,0
1630544100000,56.20000000,56.20000000,56.13000000,56.13000000,6.07000000,1630544159999,340.72730000,3,0.26000000,14.61200000,0
1630544160000,56.08000000,56.13000000,56.08000000,56.13000000,5.15000000,1630544219999,289.00200000,2,0.00000000,0.00000000,0
1630544220000,56.12000000,56.17000000,56.12000000,56.15000000,15.99000000,1630544279999,897.73410000,4,0.48000000,26.96160000,0
1630544280000,56.15000000,56.16000000,56.10000000,56.10000000,8.20000000,1630544339999,460.39710000,5,0.71000000,39.87360000,0
1630544340000,56.15000000,56.15000000,56.15000000,56.15000000,20.55000000,1630544399999,1153.88250000,6,0.33000000,18.52950000,0
1630544400000,56.08000000,56.08000000,56.00000000,56.01000000,180.53000000,1630544459999,10120.24090000,24,0.00000000,0.00000000,0
1630544460000,56.02000000,56.11000000,56.01000000,56.07000000,192.65000000,1630544519999,10804.97010000,11,31.77000000,1781.91790000,0
1630544520000,56.03000000,56.03000000,56.00000000,56.02000000,7.90000000,1630544579999,442.61100000,4,0.00000000,0.00000000,0
1630544580000,56.01000000,56.01000000,55.98000000,56.00000000,68.54000000,1630544639999,3838.20200000,13,39.13000000,2191.28000000,0
1630544640000,56.01000000,56.07000000,55.91000000,56.07000000,281.54000000,1630544699999,15752.23960000,20,19.12000000,1071.97680000,0
1630544700000,56.14000000,56.24000000,56.14000000,56.24000000,35.92000000,1630544759999,2017.69980000,9,29.32000000,1647.15290000,0
1630544760000,56.24000000,56.27000000,56.24000000,56.26000000,28.83000000,1630544819999,1621.48680000,10,21.59000000,1214.30920000,0
1630544820000,56.28000000,56.28000000,56.13000000,56.13000000,17.08000000,1630544879999,960.03860000,5,3.55000000,199.79400000,0
1630544880000,56.15000000,56.22000000,56.15000000,56.20000000,2.63000000,1630544939999,147.80290000,4,2.44000000,137.13440000,0
1630544940000,56.28000000,56.28000000,56.17000000,56.21000000,27.96000000,1630544999999,1571.54870000,11,2.12000000,119.17850000,0
1630545000000,56.21000000,56.27000000,56.18000000,56.23000000,62.63000000,1630545059999,3520.68290000,19,57.04000000,3206.44960000,0
1630545060000,56.23000000,56.23000000,56.17000000,56.18000000,5.09000000,1630545119999,286.02460000,3,0.00000000,0.00000000,0
1630545120000,56.20000000,56.20000000,56.20000000,56.20000000,4.25000000,1630545179999,238.85000000,3,4.25000000,238.85000000,0
1630545180000,56.22000000,56.43000000,56.20000000,56.43000000,342.01000000,1630545239999,19246.67270000,40,341.32000000,19207.89470000,0
1630545240000,56.34000000,56.39000000,56.30000000,56.30000000,14.54000000,1630545299999,819.07060000,10,0.70000000,39.47300000,0
1630545300000,56.38000000,56.38000000,56.38000000,56.38000000,0.70000000,1630545359999,39.46600000,1,0.70000000,39.46600000,0
1630545360000,56.35000000,56.53000000,56.35000000,56.37000000,497.32000000,1630545419999,28083.00590000,35,492.29000000,27799.50180000,0
1630545420000,56.38000000,56.49000000,56.38000000,56.47000000,58.41000000,1630545479999,3298.43000000,17,58.41000000,3298.43000000,0
1630545480000,56.46000000,56.46000000,56.39000000,56.39000000,5.95000000,1630545539999,335.80280000,5,4.26000000,240.48370000,0
1630545540000,56.48000000,56.54000000,56.48000000,56.52000000,39.82000000,1630545599999,2251.03450000,7,9.99000000,564.83460000,0
1630545600000,56.56000000,56.69000000,56.52000000,56.69000000,215.83000000,1630545659999,12228.43590000,16,212.14000000,12019.87710000,0
1630545660000,56.63000000,56.69000000,56.58000000,56.62000000,41.41000000,1630545719999,2344.71090000,17,3.25000000,184.21180000,0
1630545720000,56.60000000,56.67000000,56.60000000,56.61000000,24.60000000,1630545779999,1393.63370000,11,13.07000000,740.57330000,0
1630545780000,56.67000000,56.69000000,56.67000000,56.69000000,1.95000000,1630545839999,110.54170000,2,1.76000000,99.77440000,0
1630545840000,56.70000000,56.80000000,56.70000000,56.77000000,225.85000000,1630545899999,12806.10690000,13,225.55000000,12789.09090000,0
1630545900000,56.77000000,56.77000000,56.63000000,56.63000000,17.92000000,1630545959999,1016.30330000,11,3.20000000,181.66400000,0
1630545960000,56.64000000,56.65000000,56.47000000,56.47000000,549.10000000,1630546019999,31054.44150000,35,0.00000000,0.00000000,0
1630546020000,56.46000000,56.50000000,56.44000000,56.50000000,2.25000000,1630546079999,127.00860000,3,0.25000000,14.12500000,0
1630546080000,56.50000000,56.50000000,56.45000000,56.48000000,27.78000000,1630546139999,1568.69230000,8,25.76000000,1454.66230000,0
1630546140000,56.51000000,56.55000000,56.51000000,56.55000000,1.44000000,1630546199999,81.41440000,2,1.44000000,81.41440000,0
1630546200000,56.59000000,56.64000000,56.50000000,56.50000000,143.89000000,1630546259999,8139.70040000,26,89.95000000,5091.84560000,0
1630546260000,56.62000000,56.62000000,56.62000000,56.62000000,5.16000000,1630546319999,292.15920000,3,2.64000000,149.47680000,0
1630546320000,56.68000000,56.84000000,56.68000000,56.80000000,89.82000000,1630546379999,5099.99940000,40,78.09000000,4434.52170000,0
1630546380000,56.80000000,56.85000000,56.78000000,56.85000000,78.96000000,1630546439999,4485.39780000,17,39.01000000,2216.42260000,0
1630546440000,56.85000000,56.85000000,56.74000000,56.74000000,75.98000000,1630546499999,4315.54630000,21,7.85000000,446.07590000,0
1630546500000,56.79000000,56.81000000,56.75000000,56.76000000,3.62000000,1630546559999,205.50320000,5,0.95000000,53.95890000,0
1630546560000,56.75000000,56.85000000,56.74000000,56.84000000,41.09000000,1630546619999,2333.24720000,10,15.34000000,871.94640000,0
1630546620000,56.83000000,56.83000000,56.78000000,56.78000000,16.25000000,1630546679999,922.94190000,6,7.45000000,423.27790000,0
1630546680000,56.82000000,56.84000000,56.66000000,56.66000000,115.83000000,1630546739999,6572.06760000,24,39.70000000,2255.82890000,0
1630546740000,56.67000000,56.71000000,56.63000000,56.67000000,13.70000000,1630546799999,776.34830000,7,8.34000000,472.71140000,0
1630546800000,56.68000000,56.68000000,56.68000000,56.68000000,0.66000000,1630546859999,37.40880000,1,0.00000000,0.00000000,0
1630546860000,56.71000000,56.73000000,56.68000000,56.73000000,29.23000000,1630546919999,1657.43580000,5,28.35000000,1607.53100000,0
1630546920000,56.70000000,56.76000000,56.62000000,56.62000000,58.07000000,1630546979999,3290.03430000,24,8.87000000,502.95060000,0
1630546980000,56.69000000,56.69000000,56.63000000,56.68000000,13.46000000,1630547039999,762.57940000,6,5.73000000,324.82950000,0
1630547040000,56.72000000,56.72000000,56.68000000,56.68000000,9.42000000,1630547099999,533.94960000,3,0.60000000,34.03200000,0
1630547100000,56.73000000,56.78000000,56.67000000,56.73000000,9.14000000,1630547159999,518.30000000,6,1.58000000,89.69490000,0
1630547160000,56.73000000,56.77000000,56.70000000,56.70000000,12.00000000,1630547219999,680.59480000,8,1.61000000,91.39970000,0
1630547220000,56.65000000,56.68000000,56.65000000,56.65000000,4.58000000,1630547279999,259.53620000,4,2.64000000,149.63520000,0
1630547280000,56.65000000,56.65000000,56.65000000,56.65000000,92.94000000,1630547339999,5265.05100000,6,90.48000000,5125.69200000,0
1630547340000,56.76000000,56.89000000,56.76000000,56.81000000,158.18000000,1630547399999,8994.57140000,18,143.32000000,8150.37480000,0
1630547400000,56.81000000,56.81000000,56.74000000,56.76000000,45.09000000,1630547459999,2559.45140000,15,1.54000000,87.48740000,0
1630547460000,56.79000000,56.79000000,56.58000000,56.60000000,225.16000000,1630547519999,12768.85700000,31,3.84000000,218.00840000,0
1630547520000,56.68000000,56.68000000,56.47000000,56.49000000,187.49000000,1630547579999,10605.61030000,39,44.69000000,2531.01630000,0
1630547580000,56.53000000,56.67000000,56.52000000,56.58000000,55.37000000,1630547639999,3134.21310000,14,12.83000000,726.90790000,0
1630547640000,56.54000000,56.58000000,56.48000000,56.48000000,50.45000000,1630547699999,2852.55410000,24,36.75000000,2078.66370000,0
1630547700000,56.58000000,56.62000000,56.48000000,56.54000000,101.97000000,1630547759999,5763.21530000,43,10.52000000,595.09790000,0
1630547760000,56.53000000,56.59000000,56.44000000,56.45000000,52.26000000,1630547819999,2951.94370000,27,7.46000000,421.97330000,0
1630547820000,56.51000000,56.52000000,56.45000000,56.45000000,21.90000000,1630547879999,1236.38800000,14,1.90000000,107.37870000,0
1630547880000,56.52000000,56.52000000,56.46000000,56.46000000,2.65000000,1630547939999,149.67180000,2,0.88000000,49.73760000,0
1630547940000,56.49000000,56.52000000,56.46000000,56.50000000,7.91000000,1630547999999,446.72770000,5,2.90000000,163.86030000,0
1630548000000,56.50000000,56.50000000,56.43000000,56.43000000,9.31000000,1630548059999,525.44030000,4,1.10000000,62.15000000,0
1630548060000,56.46000000,56.46000000,56.39000000,56.39000000,64.68000000,1630548119999,3650.53620000,5,8.75000000,493.93750000,0
1630548120000,56.43000000,56.44000000,56.37000000,56.37000000,26.36000000,1630548179999,1486.53840000,10,3.99000000,225.16590000,0
1630548180000,56.43000000,56.43000000,56.37000000,56.37000000,22.47000000,1630548239999,1267.24630000,9,0.00000000,0.00000000,0
1630548240000,56.34000000,56.34000000,56.18000000,56.18000000,52.57000000,1630548299999,2957.01870000,19,11.63000000,654.62280000,0
1630548300000,56.20000000,56.23000000,56.14000000,56.14000000,93.96000000,1630548359999,5279.14560000,13,0.00000000,0.00000000,0
1630548360000,56.17000000,56.21000000,56.17000000,56.21000000,8.58000000,1630548419999,482.15580000,12,8.58000000,482.15580000,0
1630548420000,56.20000000,56.20000000,56.20000000,56.20000000,1.77000000,1630548479999,99.47400000,1,1.77000000,99.47400000,0
1630548480000,56.12000000,56.12000000,56.09000000,56.09000000,9.00000000,1630548539999,504.95780000,9,0.40000000,22.43600000,0
1630548540000,56.07000000,56.10000000,56.03000000,56.07000000,77.15000000,1630548599999,4325.36200000,22,58.00000000,3252.07730000,0
1630548600000,56.10000000,56.10000000,56.10000000,56.10000000,10.00000000,1630548659999,561.00000000,2,10.00000000,561.00000000,0
1630548660000,56.16000000,56.18000000,56.10000000,56.10000000,19.63000000,1630548719999,1102.25550000,7,13.45000000,755.53170000,0
1630548720000,56.17000000,56.17000000,56.12000000,56.12000000,5.85000000,1630548779999,328.34700000,2,0.90000000,50.55300000,0
1630548780000,56.11000000,56.17000000,56.11000000,56.17000000,18.67000000,1630548839999,1048.46110000,5,14.79000000,830.75430000,0
1630548840000,56.20000000,56.24000000,56.20000000,56.24000000,21.89000000,1630548899999,1230.51430000,8,20.49000000,1151.82030000,0
1630548900000,56.33000000,56.38000000,56.33000000,56.37000000,39.39000000,1630548959999,2220.07800000,17,39.39000000,2220.07800000,0
1630548960000,56.30000000,56.31000000,56.26000000,56.26000000,23.27000000,1630549019999,1310.08140000,5,19.75000000,1111.97380000,0
1630549020000,56.22000000,56.22000000,56.14000000,56.14000000,14.70000000,1630549079999,826.04900000,6,0.00000000,0.00000000,0
1630549080000,56.17000000,56.17000000,56.13000000,56.13000000,8.10000000,1630549139999,454.94420000,6,7.50000000,421.26620000,0
1630549140000,56.13000000,56.13000000,56.05000000,56.05000000,48.42000000,1630549199999,2717.21060000,12,0.00000000,0.00000000,0
1630549200000,56.05000000,56.10000000,56.03000000,56.09000000,64.13000000,1630549259999,3595.99720000,14,31.61000000,1773.32100000,0
1630549260000,56.13000000,56.13000000,56.13000000,56.13000000,2.66000000,1630549319999,149.30580000,2,2.66000000,149.30580000,0
1630549320000,56.13000000,56.17000000,56.07000000,56.14000000,21.08000000,1630549379999,1183.09460000,6,12.80000000,718.78440000,0
1630549380000,56.14000000,56.14000000,56.14000000,56.14000000,0.93000000,1630549439999,52.21020000,1,0.00000000,0.00000000,0
1630549440000,56.26000000,56.36000000,56.26000000,56.32000000,41.76000000,1630549499999,2351.65100000,14,16.27000000,916.03940000,0
1630549500000,56.32000000,56.45000000,56.32000000,56.45000000,11.88000000,1630549559999,670.04040000,5,8.59000000,484.71640000,0
1630549560000,56.45000000,56.50000000,56.40000000,56.49000000,68.60000000,1630549619999,3874.42290000,11,51.66000000,2918.20990000,0
1630549620000,56.51000000,56.68000000,56.48000000,56.62000000,85.68000000,1630549679999,4846.63940000,21,54.02000000,3056.99300000,0
1630549680000,56.62000000,56.63000000,56.62000000,56.63000000,28.86000000,1630549739999,1634.15910000,5,0.00000000,0.00000000,0
1630549740000,56.62000000,56.62000000,56.52000000,56.53000000,100.49000000,1630549799999,5687.90210000,29,36.12000000,2044.66950000,0
1630549800000,56.60000000,56.60000000,56.55000000,56.59000000,15.40000000,1630549859999,871.58750000,5,14.42000000,816.16850000,0
1630549860000,56.51000000,56.59000000,56.51000000,56.59000000,60.50000000,1630549919999,3419.94060000,26,31.01000000,1753.08230000,0
1630549920000,56.59000000,56.59000000,56.55000000,56.55000000,14.61000000,1630549979999,826.54490000,7,0.00000000,0.00000000,0
1630549980000,56.60000000,56.60000000,56.53000000,56.60000000,51.60000000,1630550039999,2918.35870000,10,3.70000000,209.25500000,0
1630550040000,56.54000000,56.54000000,56.54000000,56.54000000,2.79000000,1630550099999,157.74660000,1,0.00000000,0.00000000,0
1630550100000,56.56000000,56.56000000,56.56000000,56.56000000,37.00000000,1630550159999,2092.72000000,1,37.00000000,2092.72000000,0
1630550160000,56.56000000,56.56000000,56.56000000,56.56000000,0.00000000,1630550219999,0.00000000,0,0.00000000,0.00000000,0
1630550220000,56.59000000,56.59000000,56.56000000,56.56000000,2.23000000,1630550279999,126.16540000,3,1.22000000,69.03980000,0
1630550280000,56.58000000,56.58000000,56.52000000,56.52000000,9.11000000,1630550339999,515.33820000,5,4.47000000,252.91260000,0
1630550340000,56.53000000,56.53000000,56.46000000,56.46000000,122.26000000,1630550399999,6907.35740000,8,0.00000000,0.00000000,0
1630550400000,56.43000000,56.43000000,56.43000000,56.43000000,1.23000000,1630550459999,69.40890000,1,1.23000000,69.40890000,0
1630550460000,56.43000000,56.43000000,56.40000000,56.40000000,2.33000000,1630550519999,131.47290000,3,0.00000000,0.00000000,0
1630550520000,56.40000000,56.40000000,56.40000000,56.40000000,1.85000000,1630550579999,104.34000000,1,1.85000000,104.34000000,0
1630550580000,56.37000000,56.40000000,56.37000000,56.40000000,5.34000000,1630550639999,301.12200000,3,3.54000000,199.65600000,0
1630550640000,56.39000000,56.40000000,56.34000000,56.34000000,38.18000000,1630550699999,2152.03980000,4,38.18000000,2152.03980000,0
1630550700000,56.34000000,56.36000000,56.34000000,56.36000000,20.42000000,1630550759999,1150.46800000,2,20.16000000,1135.81440000,0
1630550760000,56.39000000,56.43000000,56.39000000,56.43000000,89.79000000,1630550819999,5066.80210000,7,0.83000000,46.83690000,0
1630550820000,56.38000000,56.38000000,56.38000000,56.38000000,4.50000000,1630550879999,253.71000000,3,0.00000000,0.00000000,0
1630550880000,56.40000000,56.40000000,56.35000000,56.35000000,8.10000000,1630550939999,456.57500000,3,2.80000000,157.92000000,0
1630550940000,56.33000000,56.33000000,56.24000000,56.24000000,40.67000000,1630550999999,2288.48690000,17,18.00000000,1013.22000000,0
1630551000000,56.28000000,56.28000000,56.28000000,56.28000000,1.19000000,1630551059999,66.97320000,1,1.19000000,66.97320000,0
1630551060000,56.31000000,56.31000000,56.30000000,56.30000000,4.26000000,1630551119999,239.84800000,2,0.00000000,0.00000000,0
1630551120000,56.30000000,56.30000000,56.26000000,56.26000000,6.30000000,1630551179999,354.47800000,3,0.00000000,0.00000000,0
1630551180000,56.26000000,56.27000000,56.26000000,56.26000000,5.08000000,1630551239999,285.81620000,4,0.54000000,30.38040000,0
1630551240000,56.26000000,56.26000000,56.20000000,56.22000000,43.15000000,1630551299999,2426.91230000,14,4.94000000,277.67740000,0
1630551300000,56.23000000,56.26000000,56.23000000,56.25000000,21.70000000,1630551359999,1220.64950000,6,0.19000000,10.68560000,0
1630551360000,56.27000000,56.30000000,56.20000000,56.20000000,69.56000000,1630551419999,3913.69390000,30,13.85000000,779.39600000,0
1630551420000,56.19000000,56.20000000,56.19000000,56.20000000,2.50000000,1630551479999,140.47940000,2,0.44000000,24.72800000,0
1630551480000,56.14000000,56.16000000,56.14000000,56.14000000,3.93000000,1630551539999,220.63160000,4,3.75000000,210.52640000,0
1630551540000,56.10000000,56.10000000,55.92000000,55.92000000,104.43000000,1630551599999,5849.21520000,23,1.62000000,90.75330000,0
1630551600000,55.92000000,56.04000000,55.92000000,56.04000000,30.81000000,1630551659999,1723.71630000,10,9.76000000,546.60030000,0
1630551660000,56.10000000,56.12000000,56.10000000,56.12000000,15.96000000,1630551719999,895.50880000,3,13.97000000,783.83000000,0
1630551720000,56.18000000,56.22000000,56.13000000,56.22000000,9.04000000,1630551779999,508.05630000,5,8.05000000,452.48760000,0
1630551780000,56.23000000,56.29000000,56.22000000,56.22000000,35.40000000,1630551839999,1991.53740000,12,25.07000000,1410.68150000,0
1630551840000,56.20000000,56.20000000,56.18000000,56.18000000,4.57000000,1630551899999,256.80260000,3,2.58000000,144.99600000,0
1630551900000,56.26000000,56.51000000,56.25000000,56.48000000,42.40000000,1630551959999,2391.56980000,15,30.31000000,1710.94980000,0
1630551960000,56.51000000,56.59000000,56.51000000,56.56000000,43.81000000,1630552019999,2476.36200000,19,35.78000000,2022.31840000,0
1630552020000,56.53000000,56.57000000,56.53000000,56.57000000,63.33000000,1630552079999,3581.85510000,7,34.03000000,1924.39650000,0
1630552080000,56.59000000,56.59000000,56.46000000,56.50000000,32.56000000,1630552139999,1840.71420000,9,7.99000000,451.96630000,0
1630552140000,56.55000000,56.60000000,56.45000000,56.56000000,127.76000000,1630552199999,7227.00300000,20,118.75000000,6718.38850000,0
1630552200000,56.61000000,56.61000000,56.58000000,56.58000000,4.19000000,1630552259999,237.11790000,3,1.59000000,90.00990000,0
1630552260000,56.62000000,56.62000000,56.58000000,56.58000000,10.17000000,1630552319999,575.42540000,2,0.17000000,9.62540000,0
1630552320000,56.60000000,56.61000000,56.60000000,56.61000000,8.88000000,1630552379999,502.63060000,7,2.26000000,127.93860000,0
1630552380000,56.61000000,56.65000000,56.60000000,56.65000000,58.15000000,1630552439999,3292.91740000,16,50.23000000,2844.46940000,0
1630552440000,56.64000000,56.64000000,56.63000000,56.63000000,58.02000000,1630552499999,3286.19720000,9,52.46000000,2971.33440000,0
1630552500000,56.64000000,56.64000000,56.59000000,56.59000000,70.35000000,1630552559999,3982.69890000,12,41.77000000,2364.38070000,0
1630552560000,56.59000000,56.65000000,56.58000000,56.58000000,130.98000000,1630552619999,7416.44190000,16,29.50000000,1671.17500000,0
1630552620000,56.60000000,56.60000000,56.55000000,56.55000000,8.44000000,1630552679999,477.30000000,5,0.36000000,20.37600000,0
1630552680000,56.56000000,56.59000000,56.56000000,56.59000000,57.18000000,1630552739999,3234.22170000,19,6.18000000,349.66170000,0
1630552740000,56.59000000,56.59000000,56.59000000,56.59000000,12.17000000,1630552799999,688.70030000,5,12.17000000,688.70030000,0
1630552800000,56.59000000,56.59000000,56.55000000,56.55000000,4.06000000,1630552859999,229.68980000,3,2.42000000,136.94780000,0
1630552860000,56.55000000,56.55000000,56.41000000,56.41000000,15.00000000,1630552919999,847.74620000,5,1.22000000,68.82020000,0
1630552920000,56.46000000,56.52000000,56.46000000,56.52000000,12.91000000,1630552979999,729.01860000,3,10.97000000,619.48620000,0
1630552980000,56.51000000,56.56000000,56.51000000,56.52000000,4.04000000,1630553039999,228.33370000,3,0.32000000,18.09920000,0
1630553040000,56.56000000,56.56000000,56.56000000,56.56000000,18.98000000,1630553099999,1073.50880000,7,0.00000000,0.00000000,0
1630553100000,56.53000000,56.53000000,56.49000000,56.49000000,7.14000000,1630553159999,403.37860000,2,6.14000000,346.84860000,0
1630553160000,56.47000000,56.56000000,56.47000000,56.54000000,5.69000000,1630553219999,321.72840000,5,3.54000000,200.20240000,0
1630553220000,56.44000000,56.44000000,56.44000000,56.44000000,2.80000000,1630553279999,158.03200000,1,0.00000000,0.00000000,0
1630553280000,56.46000000,56.46000000,56.35000000,56.35000000,12.57000000,1630553339999,708.56820000,7,1.77000000,99.93420000,0
1630553340000,56.34000000,56.76000000,56.34000000,56.76000000,761.95000000,1630553399999,43042.45730000,85,738.88000000,41737.60550000,0
1630553400000,56.82000000,56.90000000,56.76000000,56.81000000,86.19000000,1630553459999,4897.34180000,33,61.88000000,3516.44020000,0
1630553460000,56.83000000,56.98000000,56.83000000,56.98000000,168.56000000,1630553519999,9597.70606000,50,116.41000000,6629.35796000,0
1630553520000,56.98000000,57.02000000,56.96000000,56.98000000,463.09700000,1630553579999,26396.22125000,119,388.69700000,22155.46135000,0
1630553580000,57.02000000,57.14000000,57.00000000,57.06000000,266.50700000,1630553639999,15210.00728300,68,48.76700000,2782.99848300,0
1630553640000,57.02000000,57.02000000,56.88000000,56.99000000,160.46000000,1630553699999,9139.66010000,104,27.42000000,1562.29490000,0
1630553700000,56.98000000,56.98000000,56.98000000,56.98000000,10.18000000,1630553759999,580.05640000,1,0.00000000,0.00000000,0
1630553760000,56.99000000,57.07000000,56.99000000,57.07000000,10.82000000,1630553819999,617.02110000,7,6.85000000,390.67030000,0
1630553820000,57.07000000,57.15000000,57.07000000,57.07000000,134.42000000,1630553879999,7676.07923300,30,54.90000000,3135.85443300,0
1630553880000,57.06000000,57.10000000,57.04000000,57.10000000,28.37000000,1630553939999,1618.69690000,10,28.08000000,1602.13790000,0
1630553940000,57.10000000,57.12000000,57.07000000,57.12000000,168.65000000,1630553999999,9631.92900000,16,123.95000000,7079.95640000,0
1630554000000,57.13000000,57.13000000,57.08000000,57.10000000,148.51000000,1630554059999,8481.01970000,13,2.80000000,159.96400000,0
1630554060000,57.09000000,57.10000000,56.98000000,56.99000000,131.93000000,1630554119999,7530.01400000,15,10.19000000,581.55520000,0
1630554120000,56.99000000,56.99000000,56.77000000,56.80000000,30.02000000,1630554179999,1706.85890000,18,2.52000000,143.41000000,0
1630554180000,56.79000000,56.80000000,56.70000000,56.70000000,63.82000000,1630554239999,3624.28680000,12,19.37000000,1100.13010000,0
1630554240000,56.69000000,56.70000000,56.68000000,56.68000000,41.64000000,1630554299999,2360.41180000,6,24.24000000,1374.17980000,0
1630554300000,56.77000000,56.77000000,56.76000000,56.76000000,18.72000000,1630554359999,1062.60210000,5,5.49000000,311.66730000,0
1630554360000,56.76000000,56.76000000,56.69000000,56.72000000,81.28000000,1630554419999,4611.56530000,7,0.00000000,0.00000000,0
1630554420000,56.70000000,56.70000000,56.61000000,56.63000000,88.72000000,1630554479999,5023.00500000,10,44.10000000,2496.57160000,0
1630554480000,56.60000000,56.63000000,56.55000000,56.63000000,18.87000000,1630554539999,1067.97390000,8,13.77000000,779.48740000,0
1630554540000,56.55000000,56.55000000,56.55000000,56.55000000,4.08000000,1630554599999,230.72400000,2,0.00000000,0.00000000,0
1630554600000,56.57000000,56.60000000,56.57000000,56.60000000,26.82000000,1630554659999,1517.80740000,5,6.82000000,385.80740000,0
1630554660000,56.63000000,56.67000000,56.54000000,56.54000000,106.34000000,1630554719999,6023.62510000,11,93.41000000,5292.39040000,0
1630554720000,56.59000000,56.59000000,56.53000000,56.53000000,0.54000000,1630554779999,30.53820000,2,0.20000000,11.31800000,0
1630554780000,56.53000000,56.53000000,56.52000000,56.52000000,14.65000000,1630554839999,828.10450000,3,0.00000000,0.00000000,0
1630554840000,56.50000000,56.50000000,56.49000000,56.49000000,52.14000000,1630554899999,2945.72100000,8,33.24000000,1878.06000000,0
1630554900000,56.49000000,56.53000000,56.49000000,56.53000000,171.27000000,1630554959999,9679.46190000,15,134.87000000,7623.22590000,0
1630554960000,56.59000000,56.59000000,56.55000000,56.55000000,28.81000000,1630555019999,1629.32330000,5,1.48000000,83.75320000,0
1630555020000,56.58000000,56.58000000,56.58000000,56.58000000,24.40000000,1630555079999,1380.55200000,1,0.00000000,0.00000000,0
1630555080000,56.56000000,56.59000000,56.56000000,56.59000000,14.41000000,1630555139999,815.43760000,6,9.94000000,562.48900000,0
1630555140000,56.54000000,56.58000000,56.50000000,56.50000000,39.15000000,1630555199999,2213.95490000,7,37.64000000,2128.63590000,0
1630555200000,56.50000000,56.59000000,56.50000000,56.55000000,93.98000000,1630555259999,5314.98960000,17,36.28000000,2050.95960000,0
1630555260000,56.56000000,56.58000000,56.55000000,56.55000000,24.65000000,1630555319999,1394.17710000,4,3.77000000,213.20430000,0
1630555320000,56.54000000,56.54000000,56.50000000,56.50000000,34.65000000,1630555379999,1958.51410000,7,9.24000000,522.42960000,0
1630555380000,56.50000000,56.50000000,56.50000000,56.50000000,6.15000000,1630555439999,347.47500000,3,0.00000000,0.00000000,0
1630555440000,56.50000000,56.51000000,56.45000000,56.45000000,184.17000000,1630555499999,10401.30490000,14,0.00000000,0.00000000,0
1630555500000,56.58000000,56.61000000,56.54000000,56.59000000,35.64000000,1630555559999,2016.77800000,10,27.65000000,1564.79570000,0
1630555560000,56.59000000,56.59000000,56.59000000,56.59000000,0.00000000,1630555619999,0.00000000,0,0.00000000,0.00000000,0
1630555620000,56.59000000,56.59000000,56.49000000,56.49000000,117.57000000,1630555679999,6643.52170000,18,54.89000000,3100.73610000,0
1630555680000,56.54000000,56.54000000,56.54000000,56.54000000,4.42000000,1630555739999,249.90680000,1,4.42000000,249.90680000,0
1630555740000,56.48000000,56.52000000,56.43000000,56.45000000,163.29000000,1630555799999,9219.68780000,23,41.26000000,2330.33230000,0
1630555800000,56.44000000,56.44000000,56.28000000,56.28000000,11.37000000,1630555859999,640.06860000,5,0.80000000,45.15200000,0
1630555860000,56.28000000,56.29000000,56.25000000,56.29000000,47.06000000,1630555919999,2647.61820000,8,4.00000000,225.14000000,0
1630555920000,56.28000000,56.54000000,56.28000000,56.50000000,128.62000000,1630555979999,7245.24490000,22,124.99000000,7040.78990000,0
1630555980000,56.55000000,56.55000000,56.42000000,56.49000000,12.38000000,1630556039999,699.16260000,8,8.12000000,458.72040000,0
1630556040000,56.45000000,56.45000000,56.39000000,56.45000000,19.13000000,1630556099999,1078.92850000,6,1.33000000,75.07850000,0
1630556100000,56.41000000,56.44000000,56.41000000,56.44000000,6.16000000,1630556159999,347.54200000,4,1.88000000,106.10720000,0
1630556160000,56.43000000,56.45000000,56.38000000,56.38000000,24.11000000,1630556219999,1360.60110000,8,21.19000000,1195.96630000,0
1630556220000,56.38000000,56.40000000,56.32000000,56.32000000,81.01000000,1630556279999,4565.17300000,9,37.86000000,2134.62120000,0
1630556280000,56.39000000,56.39000000,56.36000000,56.36000000,11.76000000,1630556339999,663.13860000,3,11.50000000,648.48500000,0
1630556340000,56.28000000,56.29000000,56.24000000,56.29000000,8.59000000,1630556399999,483.26140000,6,0.62000000,34.89980000,0
1630556400000,56.24000000,56.25000000,56.18000000,56.19000000,71.80000000,1630556459999,4034.31410000,15,2.00000000,112.50000000,0
1630556460000,56.17000000,56.24000000,56.17000000,56.24000000,95.40000000,1630556519999,5360.74620000,13,91.92000000,5165.27460000,0
1630556520000,56.23000000,56.24000000,56.17000000,56.17000000,23.89000000,1630556579999,1342.28550000,7,5.56000000,312.68940000,0
1630556580000,56.17000000,56.17000000,56.07000000,56.07000000,127.45000000,1630556639999,7152.36430000,31,0.00000000,0.00000000,0
1630556640000,56.07000000,56.07000000,55.82000000,55.85000000,449.59000000,1630556699999,25128.87810000,88,12.34000000,691.07630000,0
1630556700000,55.77000000,55.93000000,55.69000000,55.86000000,278.64000000,1630556759999,15551.85470000,75,88.76000000,4954.73070000,0
1630556760000,55.86000000,55.86000000,55.83000000,55.83000000,54.28000000,1630556819999,3031.23640000,5,0.00000000,0.00000000,0
1630556820000,55.88000000,55.93000000,55.85000000,55.90000000,154.34000000,1630556879999,8624.35490000,53,42.92000000,2399.72510000,0
1630556880000,55.90000000,55.94000000,55.84000000,55.94000000,132.68000000,1630556939999,7415.80390000,36,65.54000000,3663.97880000,0
1630556940000,55.94000000,55.98000000,55.94000000,55.96000000,56.10000000,1630556999999,3140.00600000,28,47.08000000,2635.28680000,0
1630557000000,55.96000000,56.12000000,55.89000000,56.05000000,216.05000000,1630557059999,12108.04850000,38,139.12000000,7799.36980000,0
1630557060000,56.18000000,56.22000000,56.10000000,56.16000000,31.14000000,1630557119999,1748.52040000,18,31.14000000,1748.52040000,0
1630557120000,56.11000000,56.12000000,55.94000000,56.00000000,613.79000000,1630557179999,34386.40350000,36,0.00000000,0.00000000,0
1630557180000,56.00000000,56.00000000,55.95000000,55.97000000,22.48000000,1630557239999,1258.58500000,8,0.30000000,16.79400000,0
1630557240000,56.03000000,56.06000000,56.03000000,56.06000000,27.64000000,1630557299999,1549.22160000,4,24.92000000,1396.79280000,0
1630557300000,56.09000000,56.15000000,56.08000000,56.15000000,41.98000000,1630557359999,2355.88640000,8,40.75000000,2286.90800000,0
1630557360000,56.15000000,56.15000000,56.15000000,56.15000000,0.00000000,1630557419999,0.00000000,0,0.00000000,0.00000000,0
1630557420000,56.15000000,56.15000000,56.02000000,56.02000000,161.04000000,1630557479999,9028.48110000,14,0.86000000,48.28900000,0
1630557480000,56.02000000,56.02000000,56.01000000,56.01000000,23.05000000,1630557539999,1291.25850000,6,1.42000000,79.54840000,0
1630557540000,56.05000000,56.05000000,56.01000000,56.01000000,7.08000000,1630557599999,396.63020000,6,2.54000000,142.34100000,0
1630557600000,56.01000000,56.01000000,56.01000000,56.01000000,0.17000000,1630557659999,9.52170000,1,0.00000000,0.00000000,0
1630557660000,56.00000000,56.00000000,56.00000000,56.00000000,1.54000000,1630557719999,86.24000000,2,0.00000000,0.00000000,0
1630557720000,56.06000000,56.06000000,56.00000000,56.04000000,31.16000000,1630557779999,1745.43000000,4,2.00000000,112.12000000,0
1630557780000,56.04000000,56.07000000,56.04000000,56.07000000,5.82000000,1630557839999,326.26680000,2,3.80000000,213.06600000,0
1630557840000,56.06000000,56.06000000,56.06000000,56.06000000,0.27000000,1630557899999,15.13620000,1,0.27000000,15.13620000,0
1630557900000,56.03000000,56.10000000,56.03000000,56.07000000,130.09000000,1630557959999,7294.00130000,13,12.60000000,706.74440000,0
1630557960000,56.10000000,56.12000000,56.10000000,56.10000000,16.20000000,1630558019999,908.93200000,3,5.60000000,314.27200000,0
1630558020000,56.09000000,56.14000000,56.07000000,56.14000000,64.68000000,1630558079999,3628.35320000,11,11.04000000,619.44240000,0
1630558080000,56.14000000,56.14000000,56.14000000,56.14000000,0.00000000,1630558139999,0.00000000,0,0.00000000,0.00000000,0
1630558140000,56.09000000,56.09000000,56.07000000,56.08000000,22.66000000,1630558199999,1270.94430000,4,2.17000000,121.71360000,0
1630558200000,56.05000000,56.05000000,56.02000000,56.05000000,32.55000000,1630558259999,1824.34950000,5,6.30000000,353.03700000,0
1630558260000,56.03000000,56.08000000,55.99000000,55.99000000,221.32000000,1630558319999,12397.70190000,42,9.31000000,521.39280000,0
1630558320000,55.99000000,56.00000000,55.89000000,55.89000000,96.62000000,1630558379999,5407.28890000,31,32.97000000,1845.80190000,0
1630558380000,55.92000000,55.93000000,55.84000000,55.84000000,60.86000000,1630558439999,3401.09400000,17,29.85000000,1667.87440000,0
1630558440000,55.83000000,55.85000000,55.82000000,55.82000000,7.74000000,1630558499999,432.20470000,7,6.00000000,335.06950000,0
1630558500000,55.84000000,55.87000000,55.80000000,55.82000000,235.49000000,1630558559999,13146.44370000,22,130.84000000,7303.49440000,0
1630558560000,55.81000000,55.83000000,55.70000000,55.82000000,649.24000000,1630558619999,36205.51370000,69,53.45000000,2983.59420000,0
1630558620000,55.82000000,55.83000000,55.79000000,55.81000000,34.95000000,1630558679999,1950.78070000,8,32.95000000,1839.20070000,0
1630558680000,55.81000000,55.87000000,55.81000000,55.87000000,34.20000000,1630558739999,1910.24640000,23,32.20000000,1798.54640000,0
1630558740000,55.87000000,55.88000000,55.81000000,55.87000000,112.36000000,1630558799999,6272.47690000,15,85.29000000,4761.39780000,0
1630558800000,55.87000000,55.87000000,55.77000000,55.81000000,91.60000000,1630558859999,5112.99000000,17,1.15000000,64.21180000,0
1630558860000,55.77000000,55.80000000,55.68000000,55.68000000,76.44000000,1630558919999,4260.42550000,19,1.31000000,73.08960000,0
1630558920000,55.68000000,55.72000000,55.68000000,55.72000000,1.57000000,1630558979999,87.44360000,2,0.65000000,36.21800000,0
1630558980000,55.72000000,55.72000000,55.68000000,55.70000000,30.29000000,1630559039999,1686.83500000,9,0.90000000,50.14800000,0
1630559040000,55.72000000,55.74000000,55.72000000,55.74000000,4.13000000,1630559099999,230.13780000,2,0.71000000,39.57540000,0
1630559100000,55.73000000,55.74000000,55.73000000,55.74000000,28.26000000,1630559159999,1575.18050000,13,25.07000000,1397.40180000,0
1630559160000,55.76000000,55.76000000,55.76000000,55.76000000,2.16000000,1630559219999,120.44160000,1,0.00000000,0.00000000,0
1630559220000,55.76000000,55.76000000,55.70000000,55.71000000,23.52000000,1630559279999,1311.33410000,8,18.86000000,1051.63360000,0
1630559280000,55.71000000,55.73000000,55.71000000,55.72000000,36.19000000,1630559339999,2016.18480000,11,0.19000000,10.58870000,0
1630559340000,55.73000000,55.78000000,55.71000000,55.71000000,49.72000000,1630559399999,2771.99240000,9,37.87000000,2111.64290000,0
1630559400000,55.73000000,55.74000000,55.68000000,55.74000000,131.70000000,1630559459999,7338.04060000,16,43.99000000,2451.80090000,0
1630559460000,55.71000000,55.77000000,55.71000000,55.77000000,24.01000000,1630559519999,1338.11610000,4,8.65000000,482.41050000,0
1630559520000,55.80000000,55.80000000,55.70000000,55.70000000,484.17000000,1630559579999,27000.05370000,30,240.11000000,13386.23900000,0
1630559580000,55.70000000,55.76000000,55.67000000,55.76000000,17.32000000,1630559639999,964.68470000,11,10.19000000,567.61540000,0
1630559640000,55.71000000,55.75000000,55.66000000,55.68000000,419.85000000,1630559699999,23376.36790000,18,19.50000000,1087.03180000,0
1630559700000,55.72000000,55.73000000,55.68000000,55.72000000,29.58000000,1630559759999,1647.89870000,12,29.58000000,1647.89870000,0
1630559760000,55.74000000,55.78000000,55.74000000,55.78000000,11.91000000,1630559819999,663.87780000,3,10.96000000,610.92480000,0
1630559820000,55.76000000,55.76000000,55.70000000,55.70000000,10.83000000,1630559879999,603.41060000,7,0.20000000,11.15200000,0
1630559880000,55.73000000,55.75000000,55.73000000,55.74000000,21.84000000,1630559939999,1217.36560000,9,21.06000000,1173.88840000,0
1630559940000,55.73000000,55.75000000,55.71000000,55.73000000,30.52000000,1630559999999,1700.60560000,13,11.78000000,656.47120000,0
1630560000000,55.73000000,55.73000000,55.73000000,55.73000000,10.18000000,1630560059999,567.33140000,4,10.18000000,567.33140000,0
1630560060000,55.73000000,55.75000000,55.70000000,55.70000000,204.59000000,1630560119999,11401.70290000,21,203.30000000,11329.84000000,0
1630560120000,55.73000000,55.73000000,55.73000000,55.73000000,3.80000000,1630560179999,211.77400000,1,3.80000000,211.77400000,0
1630560180000,55.74000000,55.75000000,55.73000000,55.73000000,9.99000000,1630560239999,556.84350000,7,9.99000000,556.84350000,0
1630560240000,55.73000000,55.73000000,55.70000000,55.70000000,22.26000000,1630560299999,1240.37230000,4,0.00000000,0.00000000,0
1630560300000,55.69000000,55.69000000,55.59000000,55.63000000,28.50000000,1630560359999,1585.77330000,28,7.48000000,416.36740000,0
1630560360000,55.60000000,55.65000000,55.57000000,55.57000000,39.46000000,1630560419999,2193.59670000,12,2.11000000,117.42150000,0
1630560420000,55.57000000,55.59000000,55.56000000,55.59000000,11.06000000,1630560479999,614.53160000,3,0.30000000,16.67700000,0
1630560480000,55.62000000,55.62000000,55.51000000,55.59000000,195.25000000,1630560539999,10846.09080000,27,0.00000000,0.00000000,0
1630560540000,55.62000000,55.62000000,55.53000000,55.53000000,15.41000000,1630560599999,856.19050000,7,2.01000000,111.75980000,0
1630560600000,55.59000000,55.62000000,55.59000000,55.60000000,52.42000000,1630560659999,2915.37530000,11,45.68000000,2540.63130000,0
1630560660000,55.62000000,55.71000000,55.62000000,55.66000000,40.67000000,1630560719999,2262.55800000,15,38.68000000,2151.79460000,0
1630560720000,55.72000000,55.73000000,55.72000000,55.73000000,20.10000000,1630560779999,1120.06120000,7,11.61000000,646.99840000,0
1630560780000,55.66000000,55.68000000,55.66000000,55.68000000,3.60000000,1630560839999,200.41360000,3,3.60000000,200.41360000,0
1630560840000,55.68000000,55.74000000,55.68000000,55.74000000,8.34000000,1630560899999,464.73610000,4,8.34000000,464.73610000,0
1630560900000,55.78000000,55.78000000,55.69000000,55.69000000,13.20000000,1630560959999,736.27530000,2,0.00000000,0.00000000,0
1630560960000,55.75000000,55.80000000,55.75000000,55.79000000,85.17000000,1630561019999,4750.45000000,23,78.84000000,4397.45920000,0
1630561020000,55.79000000,55.79000000,55.75000000,55.79000000,30.38000000,1630561079999,1694.88540000,7,7.29000000,406.70910000,0
1630561080000,55.74000000,55.74000000,55.68000000,55.68000000,36.65000000,1630561139999,2041.37000000,5,0.49000000,27.31260000,0
1630561140000,55.71000000,55.74000000,55.70000000,55.74000000,26.74000000,1630561199999,1489.67950000,5,1.35000000,75.24140000,0
1630561200000,55.73000000,55.73000000,55.68000000,55.70000000,16.39000000,1630561259999,913.03370000,6,11.91000000,663.58730000,0
1630561260000,55.70000000,55.71000000,55.65000000,55.67000000,22.15000000,1630561319999,1233.22230000,7,7.74000000,431.16280000,0
1630561320000,55.64000000,55.73000000,55.62000000,55.68000000,83.99000000,1630561379999,4673.29290000,12,13.20000000,735.00880000,0
1630561380000,55.68000000,55.68000000,55.65000000,55.65000000,20.30000000,1630561439999,1129.70220000,2,0.24000000,13.36320000,0
1630561440000,55.65000000,55.69000000,55.65000000,55.69000000,14.88000000,1630561499999,828.20400000,5,14.88000000,828.20400000,0
1630561500000,55.68000000,55.69000000,55.68000000,55.69000000,5.25000000,1630561559999,292.33850000,7,5.25000000,292.33850000,0
1630561560000,55.70000000,55.85000000,55.67000000,55.82000000,69.82000000,1630561619999,3893.75230000,27,63.92000000,3565.23450000,0
1630561620000,55.81000000,55.83000000,55.73000000,55.81000000,75.64000000,1630561679999,4218.13440000,20,30.55000000,1704.04270000,0
1630561680000,55.79000000,55.84000000,55.75000000,55.80000000,69.22000000,1630561739999,3862.64210000,38,60.60000000,3381.71450000,0
1630561740000,55.79000000,55.81000000,55.59000000,55.62000000,321.85000000,1630561799999,17904.19380000,55,6.73000000,374.86400000,0
1630561800000,55.63000000,55.70000000,55.62000000,55.68000000,48.86000000,1630561859999,2718.61790000,20,12.80000000,712.57510000,0
1630561860000,55.68000000,55.73000000,55.68000000,55.68000000,22.90000000,1630561919999,1275.30250000,13,22.90000000,1275.30250000,0
1630561920000,55.68000000,55.74000000,55.64000000,55.64000000,61.12000000,1630561979999,3403.00270000,32,36.99000000,2060.26390000,0
1630561980000,55.68000000,55.72000000,55.65000000,55.65000000,18.09000000,1630562039999,1007.09770000,11,18.09000000,1007.09770000,0
1630562040000,55.64000000,55.67000000,55.60000000,55.65000000,59.78000000,1630562099999,3325.54550000,17,32.18000000,1790.41830000,0
1630562100000,55.62000000,55.62000000,55.57000000,55.57000000,51.17000000,1630562159999,2844.33670000,16,14.30000000,795.31900000,0
1630562160000,55.57000000,55.66000000,55.55000000,55.64000000,131.27000000,1630562219999,7301.36590000,14,117.94000000,6560.88440000,0
1630562220000,55.64000000,55.64000000,55.60000000,55.61000000,55.95000000,1630562279999,3112.80100000,12,5.66000000,314.90460000,0
1630562280000,55.61000000,55.65000000,55.61000000,55.65000000,10.29000000,1630562339999,572.36410000,7,10.29000000,572.36410000,0
1630562340000,55.66000000,55.71000000,55.60000000,55.68000000,64.54000000,1630562399999,3589.98720000,18,19.75000000,1099.25020000,0
1630562400000,55.57000000,55.67000000,55.57000000,55.67000000,26.77000000,1630562459999,1488.93930000,9,4.81000000,267.61070000,0
1630562460000,55.68000000,55.81000000,55.68000000,55.77000000,46.55000000,1630562519999,2596.27130000,15,46.28000000,2581.21340000,0
1630562520000,55.78000000,55.78000000,55.74000000,55.75000000,417.65000000,1630562579999,23295.89530000,14,25.70000000,1433.28900000,0
1630562580000,55.77000000,55.81000000,55.77000000,55.78000000,34.43000000,1630562639999,1920.83600000,10,31.36000000,1749.60030000,0
1630562640000,55.79000000,55.82000000,55.79000000,55.80000000,15.92000000,1630562699999,888.55390000,7,11.95000000,667.04900000,0
1630562700000,55.86000000,55.89000000,55.86000000,55.89000000,13.49000000,1630562759999,753.73780000,7,12.86000000,718.52710000,0
1630562760000,55.86000000,55.93000000,55.86000000,55.93000000,42.57000000,1630562819999,2380.37330000,8,42.57000000,2380.37330000,0
1630562820000,55.95000000,55.97000000,55.88000000,55.89000000,24.96000000,1630562879999,1395.31020000,7,1.85000000,103.52650000,0
1630562880000,55.90000000,55.90000000,55.90000000,55.90000000,2.00000000,1630562939999,111.80000000,1,0.00000000,0.00000000,0
1630562940000,55.93000000,55.93000000,55.93000000,55.93000000,1.22000000,1630562999999,68.23460000,2,1.22000000,68.23460000,0
1630563000000,55.93000000,55.99000000,55.93000000,55.93000000,16.82000000,1630563059999,941.37970000,9,3.77000000,211.01770000,0
1630563060000,56.00000000,56.00000000,55.99000000,56.00000000,7.18000000,1630563119999,402.04990000,9,4.17000000,233.52000000,0
1630563120000,56.05000000,56.11000000,56.05000000,56.07000000,30.34000000,1630563179999,1701.39990000,14,17.77000000,996.48060000,0
1630563180000,56.11000000,56.14000000,56.00000000,56.00000000,9.33000000,1630563239999,522.65370000,7,0.55000000,30.86830000,0
1630563240000,56.02000000,56.03000000,56.00000000,56.01000000,48.15000000,1630563299999,2697.33650000,10,12.17000000,681.77340000,0
1630563300000,56.04000000,56.14000000,56.03000000,56.10000000,427.79000000,1630563359999,23983.57770000,36,334.74000000,18767.53080000,0
1630563360000,56.11000000,56.11000000,56.03000000,56.03000000,1.25000000,1630563419999,70.09530000,4,1.02000000,57.19000000,0
1630563420000,55.98000000,56.01000000,55.95000000,56.01000000,12.02000000,1630563479999,672.82080000,4,0.72000000,40.32720000,0
1630563480000,56.00000000,56.00000000,56.00000000,56.00000000,32.99000000,1630563539999,1847.44000000,5,0.54000000,30.24000000,0
1630563540000,56.00000000,56.00000000,56.00000000,56.00000000,150.86000000,1630563599999,8448.16000000,7,0.00000000,0.00000000,0
1630563600000,56.00000000,56.00000000,56.00000000,56.00000000,1.00000000,1630563659999,56.00000000,1,0.00000000,0.00000000,0
1630563660000,56.00000000,56.00000000,56.00000000,56.00000000,4.50000000,1630563719999,252.00000000,1,0.00000000,0.00000000,0
1630563720000,56.00000000,56.00000000,55.93000000,56.00000000,29.41000000,1630563779999,1646.78000000,9,14.26000000,798.56000000,0
1630563780000,56.06000000,56.06000000,56.06000000,56.06000000,3.88000000,1630563839999,217.51280000,5,3.88000000,217.51280000,0
1630563840000,56.09000000,56.11000000,56.09000000,56.11000000,1.79000000,1630563899999,100.40490000,2,1.79000000,100.40490000,0
1630563900000,56.08000000,56.15000000,56.08000000,56.14000000,5.84000000,1630563959999,327.77050000,4,5.16000000,289.63610000,0
1630563960000,56.00000000,56.08000000,56.00000000,56.08000000,14.81000000,1630564019999,830.49520000,3,14.19000000,795.77520000,0
1630564020000,56.09000000,56.09000000,56.04000000,56.04000000,3.90000000,1630564079999,218.68950000,3,2.67000000,149.76030000,0
1630564080000,55.99000000,56.15000000,55.98000000,56.15000000,80.26000000,1630564139999,4502.84650000,8,76.86000000,4312.45270000,0
1630564140000,56.08000000,56.09000000,55.98000000,56.04000000,13.22000000,1630564199999,741.13780000,6,12.97000000,727.14280000,0
1630564200000,55.98000000,56.02000000,55.96000000,56.01000000,53.75000000,1630564259999,3009.36390000,9,34.59000000,1937.06390000,0
1630564260000,55.96000000,56.01000000,55.95000000,55.97000000,9.82000000,1630564319999,549.55420000,6,1.06000000,59.37060000,0
1630564320000,55.93000000,55.99000000,55.92000000,55.99000000,15.57000000,1630564379999,871.00090000,16,2.56000000,143.33440000,0
1630564380000,55.99000000,56.05000000,55.99000000,56.05000000,9.03000000,1630564439999,505.96680000,6,8.48000000,475.17230000,0
1630564440000,56.07000000,56.07000000,56.05000000,56.05000000,36.75000000,1630564499999,2060.02070000,5,36.75000000,2060.02070000,0
1630564500000,56.12000000,56.13000000,56.08000000,56.11000000,36.93000000,1630564559999,2072.48930000,4,36.48000000,2047.25330000,0
1630564560000,56.08000000,56.08000000,56.01000000,56.01000000,35.13000000,1630564619999,1969.68800000,7,6.44000000,361.09080000,0
1630564620000,56.03000000,56.05000000,56.00000000,56.05000000,3.24000000,1630564679999,181.50370000,5,1.25000000,70.04550000,0
1630564680000,56.02000000,56.02000000,56.02000000,56.02000000,6.03000000,1630564739999,337.80060000,1,0.00000000,0.00000000,0
1630564740000,56.00000000,56.03000000,55.95000000,55.95000000,9.37000000,1630564799999,524.69450000,9,0.88000000,49.30640000,0
1630564800000,55.93000000,55.93000000,55.93000000,55.93000000,3.50000000,1630564859999,195.75500000,2,0.00000000,0.00000000,0
1630564860000,55.96000000,56.00000000,55.93000000,56.00000000,30.04000000,1630564919999,1680.66750000,8,6.33000000,354.37100000,0
1630564920000,55.99000000,56.00000000,55.99000000,56.00000000,20.83000000,1630564979999,1166.45580000,8,20.83000000,1166.45580000,0
1630564980000,56.04000000,56.05000000,55.96000000,55.96000000,20.98000000,1630565039999,1175.04250000,6,8.45000000,473.54020000,0
1630565040000,55.95000000,56.01000000,55.91000000,55.93000000,29.71000000,1630565099999,1661.74450000,8,1.19000000,66.62190000,0
1630565100000,55.92000000,55.92000000,55.89000000,55.89000000,88.10000000,1630565159999,4924.44910000,15,9.13000000,510.54200000,0
1630565160000,55.92000000,55.97000000,55.81000000,55.89000000,227.85000000,1630565219999,12731.44140000,38,140.60000000,7859.12510000,0
1630565220000,55.89000000,55.91000000,55.89000000,55.91000000,9.31000000,1630565279999,520.45070000,5,9.31000000,520.45070000,0
1630565280000,55.91000000,55.98000000,55.91000000,55.92000000,110.57000000,1630565339999,6183.21110000,11,92.43000000,5168.86110000,0
1630565340000,55.92000000,56.01000000,55.91000000,56.01000000,73.47000000,1630565399999,4110.35680000,15,24.07000000,1346.61250000,0
1630565400000,55.99000000,56.08000000,55.99000000,56.00000000,91.13000000,1630565459999,5107.57040000,9,91.13000000,5107.57040000,0
1630565460000,55.94000000,56.16000000,55.94000000,56.10000000,490.19000000,1630565519999,27488.29060000,60,472.19000000,26480.03940000,0
1630565520000,56.09000000,56.10000000,56.03000000,56.08000000,28.82000000,1630565579999,1615.82760000,13,18.47000000,1035.72090000,0
1630565580000,56.00000000,56.04000000,55.98000000,56.00000000,37.74000000,1630565639999,2114.12890000,8,26.57000000,1488.68870000,0
1630565640000,56.03000000,56.03000000,55.94000000,55.97000000,41.26000000,1630565699999,2309.63730000,9,1.16000000,64.92520000,0
1630565700000,56.04000000,56.14000000,56.04000000,56.14000000,57.80000000,1630565759999,3242.69790000,8,55.44000000,3110.34910000,0
1630565760000,56.16000000,56.20000000,56.13000000,56.20000000,39.84000000,1630565819999,2238.20490000,13,37.59000000,2111.91240000,0
1630565820000,56.13000000,56.31000000,56.13000000,56.31000000,501.22000000,1630565879999,28180.05290000,52,443.09000000,24917.21600000,0
1630565880000,56.24000000,56.24000000,56.21000000,56.21000000,1.94000000,1630565939999,109.06750000,3,0.00000000,0.00000000,0
1630565940000,56.22000000,56.29000000,56.22000000,56.29000000,4.08000000,1630565999999,229.60360000,5,2.28000000,128.32490000,0
1630566000000,56.25000000,56.25000000,56.25000000,56.25000000,0.28000000,1630566059999,15.75000000,1,0.28000000,15.75000000,0
1630566060000,56.25000000,56.34000000,56.22000000,56.34000000,45.81000000,1630566119999,2577.31570000,16,12.55000000,706.93190000,0
1630566120000,56.29000000,56.33000000,56.19000000,56.29000000,64.51000000,1630566179999,3628.93640000,26,17.01000000,957.47600000,0
1630566180000,56.29000000,56.42000000,56.28000000,56.34000000,198.35000000,1630566239999,11185.42240000,24,197.59000000,11142.63580000,0
1630566240000,56.31000000,56.35000000,56.31000000,56.33000000,3.89000000,1630566299999,219.17770000,3,3.21000000,180.88350000,0
1630566300000,56.34000000,56.42000000,56.34000000,56.40000000,3.39000000,1630566359999,191.21110000,7,3.21000000,181.06990000,0
1630566360000,56.31000000,56.44000000,56.31000000,56.40000000,22.27000000,1630566419999,1255.77240000,7,14.41000000,813.09840000,0
1630566420000,56.40000000,56.40000000,56.30000000,56.30000000,32.22000000,1630566479999,1815.52010000,12,4.16000000,234.58180000,0
1630566480000,56.36000000,56.38000000,56.33000000,56.36000000,102.00000000,1630566539999,5749.41750000,44,99.76000000,5623.23260000,0
1630566540000,56.35000000,56.50000000,56.32000000,56.48000000,448.27000000,1630566599999,25290.34450000,26,439.74000000,24809.41890000,0
1630566600000,56.48000000,56.60000000,56.48000000,56.60000000,222.32000000,1630566659999,12571.95850000,42,202.78000000,11467.38980000,0
1630566660000,56.58000000,56.61000000,56.51000000,56.61000000,159.63000000,1630566719999,9031.92410000,27,121.81000000,6893.54690000,0
1630566720000,56.62000000,56.86000000,56.62000000,56.86000000,197.25000000,1630566779999,11179.72160000,57,182.31000000,10332.60140000,0
1630566780000,56.82000000,56.86000000,56.73000000,56.86000000,78.92000000,1630566839999,4483.08800000,33,59.96000000,3406.94830000,0
1630566840000,56.87000000,56.88000000,56.76000000,56.84000000,112.06000000,1630566899999,6368.77930000,22,87.65000000,4981.99570000,0
1630566900000,56.77000000,57.05000000,56.63000000,56.75000000,1016.35000000,1630566959999,57822.27510000,117,770.65000000,43886.22790000,0
1630566960000,56.60000000,56.70000000,56.60000000,56.70000000,105.49000000,1630567019999,5973.87190000,25,48.50000000,2746.74890000,0
1630567020000,56.70000000,56.70000000,56.43000000,56.45000000,441.23000000,1630567079999,24969.10010000,84,23.92000000,1352.44500000,0
1630567080000,56.40000000,56.44000000,56.39000000,56.39000000,13.73000000,1630567139999,774.73740000,9,8.19000000,462.22910000,0
1630567140000,56.41000000,56.47000000,56.39000000,56.40000000,65.64000000,1630567199999,3704.07200000,15,27.92000000,1575.81200000,0
1630567200000,56.42000000,56.49000000,56.42000000,56.48000000,28.86000000,1630567259999,1629.29790000,16,27.53000000,1554.23270000,0
1630567260000,56.49000000,56.49000000,56.32000000,56.37000000,340.11000000,1630567319999,19173.10510000,30,46.48000000,2625.35800000,0
1630567320000,56.37000000,56.39000000,56.34000000,56.34000000,23.81000000,1630567379999,1342.41050000,9,10.71000000,603.73650000,0
1630567380000,56.36000000,56.40000000,56.36000000,56.40000000,6.08000000,1630567439999,342.76760000,4,6.08000000,342.76760000,0
1630567440000,56.43000000,56.49000000,56.38000000,56.43000000,79.15000000,1630567499999,4466.62230000,33,0.77000000,43.49730000,0
1630567500000,56.43000000,56.55000000,56.43000000,56.54000000,18.09000000,1630567559999,1022.19370000,10,13.64000000,771.01070000,0
1630567560000,56.52000000,56.52000000,56.42000000,56.46000000,38.71000000,1630567619999,2185.55770000,11,36.85000000,2080.59900000,0
1630567620000,56.47000000,56.48000000,56.47000000,56.48000000,25.07000000,1630567679999,1415.90660000,4,25.07000000,1415.90660000,0
1630567680000,56.48000000,56.57000000,56.46000000,56.50000000,158.51000000,1630567739999,8961.69900000,24,143.98000000,8141.03980000,0
1630567740000,56.50000000,56.53000000,56.46000000,56.53000000,39.92000000,1630567799999,2255.45000000,8,37.22000000,2102.94750000,0
1630567800000,56.53000000,56.53000000,56.31000000,56.39000000,30.65000000,1630567859999,1727.83990000,10,7.68000000,433.76190000,0
1630567860000,56.40000000,56.46000000,56.33000000,56.33000000,109.80000000,1630567919999,6194.55670000,20,65.05000000,3672.03820000,0
1630567920000,56.36000000,56.39000000,56.34000000,56.34000000,14.02000000,1630567979999,790.01950000,4,0.87000000,49.05930000,0
1630567980000,56.34000000,56.34000000,56.29000000,56.29000000,342.89000000,1630568039999,19310.15940000,20,269.78000000,15193.31920000,0
1630568040000,56.31000000,56.32000000,56.26000000,56.26000000,31.91000000,1630568099999,1796.39370000,7,0.00000000,0.00000000,0
1630568100000,56.29000000,56.30000000,56.29000000,56.30000000,6.71000000,1630568159999,377.76940000,7,5.51000000,310.20940000,0
1630568160000,56.30000000,56.34000000,56.23000000,56.29000000,65.11000000,1630568219999,3666.54080000,15,44.22000000,2490.77720000,0
1630568220000,56.22000000,56.26000000,56.19000000,56.25000000,103.43000000,1630568279999,5815.52290000,17,65.45000000,3680.98220000,0
1630568280000,56.25000000,56.47000000,56.25000000,56.47000000,438.73000000,1630568339999,24718.91220000,45,422.54000000,23805.53240000,0
1630568340000,56.47000000,56.60000000,56.41000000,56.51000000,106.93000000,1630568399999,6041.45970000,22,63.72000000,3601.60560000,0
1630568400000,56.57000000,56.65000000,56.57000000,56.60000000,53.93000000,1630568459999,3051.88490000,15,42.64000000,2412.99220000,0
1630568460000,56.61000000,56.89000000,56.61000000,56.70000000,264.06000000,1630568519999,14995.44700000,40,237.28000000,13476.32270000,0
1630568520000,56.70000000,56.76000000,56.68000000,56.68000000,161.35000000,1630568579999,9149.52650000,33,24.87000000,1410.73200000,0
1630568580000,56.72000000,56.72000000,56.66000000,56.72000000,145.08000000,1630568639999,8222.85050000,27,35.05000000,1987.53210000,0
1630568640000,56.70000000,56.72000000,56.62000000,56.62000000,52.93000000,1630568699999,2999.21850000,13,33.49000000,1898.29710000,0
1630568700000,56.64000000,56.69000000,56.43000000,56.49000000,92.48000000,1630568759999,5221.04310000,16,2.19000000,123.78110000,0
1630568760000,56.49000000,56.53000000,56.45000000,56.45000000,81.90000000,1630568819999,4626.16730000,16,50.76000000,2867.29760000,0
1630568820000,56.45000000,56.49000000,56.45000000,56.48000000,38.91000000,1630568879999,2197.46840000,12,38.91000000,2197.46840000,0
1630568880000,56.45000000,56.45000000,56.37000000,56.38000000,52.04000000,1630568939999,2933.88570000,10,22.60000000,1273.98040000,0
1630568940000,56.32000000,56.37000000,56.27000000,56.27000000,119.51000000,1630568999999,6729.51270000,15,6.83000000,384.95110000,0
1630569000000,56.25000000,56.25000000,56.18000000,56.19000000,74.68000000,1630569059999,4197.07010000,11,33.41000000,1877.40690000,0
1630569060000,56.25000000,56.46000000,56.25000000,56.46000000,65.53000000,1630569119999,3690.72840000,22,56.87000000,3202.91040000,0
1630569120000,56.45000000,56.61000000,56.45000000,56.61000000,99.85000000,1630569179999,5641.87780000,16,97.55000000,5511.93460000,0
1630569180000,56.66000000,56.66000000,56.47000000,56.54000000,19.98000000,1630569239999,1129.50830000,12,2.13000000,120.62380000,0
1630569240000,56.60000000,56.62000000,56.54000000,56.56000000,20.07000000,1630569299999,1135.22240000,8,6.16000000,348.53620000,0
1630569300000,56.51000000,56.60000000,56.51000000,56.53000000,23.04000000,1630569359999,1303.05500000,8,6.54000000,370.16400000,0
1630569360000,56.62000000,56.65000000,56.62000000,56.64000000,4.41000000,1630569419999,249.71260000,3,4.41000000,249.71260000,0
1630569420000,56.58000000,56.60000000,56.52000000,56.60000000,210.28000000,1630569479999,11893.11370000,16,3.53000000,199.79800000,0
1630569480000,56.57000000,56.67000000,56.57000000,56.67000000,125.53000000,1630569539999,7107.64230000,30,52.27000000,2961.53730000,0
1630569540000,56.65000000,56.65000000,56.50000000,56.50000000,27.63000000,1630569599999,1562.73740000,19,1.38000000,78.15510000,0
1630569600000,56.50000000,56.55000000,56.35000000,56.35000000,81.30000000,1630569659999,4590.69160000,42,3.83000000,216.12490000,0
1630569660000,56.35000000,56.59000000,56.35000000,56.53000000,66.53000000,1630569719999,3758.02760000,12,25.31000000,1429.08410000,0
1630569720000,56.62000000,56.84000000,56.62000000,56.84000000,897.30000000,1630569779999,50880.63820000,20,888.42000000,50376.57310000,0
1630569780000,56.78000000,57.10000000,56.78000000,57.02000000,189.70000000,1630569839999,10801.13780000,83,156.07000000,8889.96590000,0
1630569840000,57.06000000,57.15000000,56.96000000,57.09000000,69.08000000,1630569899999,3943.45660000,36,34.43000000,1965.92320000,0
1630569900000,57.09000000,57.32000000,57.08000000,57.30000000,542.89600000,1630569959999,31053.70145800,148,350.20600000,20033.04115800,0
1630569960000,57.20000000,57.26000000,56.93000000,57.00000000,105.59000000,1630570019999,6025.48610000,41,41.48000000,2366.60380000,0
1630570020000,57.00000000,57.09000000,56.94000000,56.99000000,487.37000000,1630570079999,27779.18120000,16,11.04000000,629.40330000,0
1630570080000,57.05000000,57.24000000,57.05000000,57.14000000,459.27000000,1630570139999,26249.26290000,27,441.77000000,25249.86960000,0
1630570140000,57.15000000,57.25000000,57.15000000,57.17000000,290.19000000,1630570199999,16592.83160000,16,277.17000000,15848.45580000,0
1630570200000,57.28000000,57.36700000,57.22000000,57.31000000,140.04000000,1630570259999,8023.63362000,38,75.24000000,4313.65022000,0
1630570260000,57.31000000,57.36000000,57.24000000,57.32000000,382.29000000,1630570319999,21915.70340000,34,33.97000000,1947.50190000,0
1630570320000,57.36000000,57.36000000,57.00000000,57.00000000,295.67000000,1630570379999,16890.37830000,68,6.42000000,368.06760000,0
1630570380000,57.07000000,57.21000000,57.06000000,57.10000000,69.16000000,1630570439999,3951.05850000,26,14.07000000,804.01760000,0
1630570440000,57.05000000,57.16000000,57.04000000,57.05000000,50.38000000,1630570499999,2876.51210000,13,43.16000000,2464.52580000,0
1630570500000,57.07000000,57.71000000,57.05000000,57.71000000,653.95300000,1630570559999,37540.45892000,185,598.95300000,34381.76412000,0
1630570560000,57.71000000,57.86000000,57.46000000,57.72000000,1057.35000000,1630570619999,61026.83176400,190,669.38000000,38658.41846400,0
1630570620000,57.73000000,58.00000000,57.50000000,57.63000000,878.27000000,1630570679999,50761.12780800,223,272.28000000,15760.27180800,0
1630570680000,57.61000000,57.87000000,57.58000000,57.81000000,405.57000000,1630570739999,23431.41730000,67,326.96000000,18889.17040000,0
1630570740000,57.81000000,57.94000000,57.80000000,57.88000000,1041.73000000,1630570799999,60283.61190000,57,116.17000000,6723.01200000,0
1630570800000,57.88000000,58.00000000,57.80000000,57.96000000,426.38000000,1630570859999,24694.69040000,116,182.70000000,10588.29390000,0
1630570860000,57.94000000,57.96000000,57.90000000,57.96000000,95.34000000,1630570919999,5522.36730000,38,41.64000000,2411.71510000,0
1630570920000,57.98000000,58.15800000,57.96000000,58.15000000,1245.53100000,1630570979999,72287.77067000,212,1112.12100000,64539.43857000,0
1630570980000,58.14000000,58.17000000,58.00000000,58.14000000,456.37000000,1630571039999,26504.34801200,112,317.85000000,18462.55351200,0
1630571040000,58.13000000,58.18000000,58.06000000,58.16000000,137.31000000,1630571099999,7984.34580000,41,45.58000000,2650.64870000,0
1630571100000,58.17000000,58.23000000,58.15000000,58.22000000,205.61000000,1630571159999,11961.64957600,48,171.13000000,9955.48527600,0
1630571160000,58.18000000,58.26000000,58.18000000,58.26000000,191.91000000,1630571219999,11173.55395600,50,175.15000000,10198.14595600,0
1630571220000,58.26000000,58.27000000,57.95000000,58.04000000,431.61000000,1630571279999,25067.98686000,165,102.79000000,5972.81356000,0
1630571280000,58.04000000,58.20000000,57.99000000,58.20000000,74.03000000,1630571339999,4301.61300000,37,47.92000000,2786.46690000,0
1630571340000,58.20000000,58.25000000,58.10000000,58.10000000,263.51000000,1630571399999,15334.91100000,37,144.62000000,8416.77850000,0
1630571400000,58.09000000,58.09000000,57.95000000,57.98000000,248.16000000,1630571459999,14393.13870000,64,60.54000000,3512.46360000,0
1630571460000,57.96000000,57.97000000,57.91000000,57.93000000,116.37000000,1630571519999,6742.24740000,38,28.81000000,1669.22400000,0
1630571520000,57.92000000,57.93000000,57.75000000,57.85000000,206.80000000,1630571579999,11952.62990000,73,68.58000000,3964.52000000,0
1630571580000,57.88000000,58.29000000,57.88000000,58.18000000,298.01000000,1630571639999,17318.04507600,63,216.95000000,12600.88867600,0
1630571640000,58.25000000,58.40000000,57.81000000,57.87000000,1878.63000000,1630571699999,109305.76454300,272,345.23400000,20087.85964300,0
1630571700000,57.92000000,58.00000000,57.86000000,57.95000000,289.80000000,1630571759999,16792.01180000,46,195.62000000,11334.79140000,0
1630571760000,57.95000000,57.99000000,57.88000000,57.88000000,80.65000000,1630571819999,4672.15460000,18,34.78000000,2015.77400000,0
1630571820000,57.84000000,57.96000000,57.84000000,57.95000000,74.14000000,1630571879999,4294.52320000,19,52.91000000,3065.33280000,0
1630571880000,57.95000000,57.99000000,57.95000000,57.99000000,118.96000000,1630571939999,6896.68500000,21,107.51000000,6233.00800000,0
1630571940000,58.00000000,58.00000000,57.79000000,57.79000000,100.80000000,1630571999999,5837.28730000,29,36.68000000,2124.49760000,0
1630572000000,57.76000000,57.98000000,57.75000000,57.92000000,269.81000000,1630572059999,15612.37060000,50,189.41000000,10963.93760000,0
1630572060000,57.94000000,57.95000000,57.92000000,57.93000000,32.49000000,1630572119999,1882.45040000,6,30.82000000,1785.72400000,0
1630572120000,57.95000000,57.96000000,57.91000000,57.91000000,18.37000000,1630572179999,1064.07620000,8,4.95000000,286.88190000,0
1630572180000,57.91000000,57.96000000,57.79000000,57.91000000,501.31000000,1630572239999,29002.71230000,34,67.51000000,3910.58350000,0
1630572240000,57.95000000,57.96000000,57.85000000,57.92000000,146.09000000,1630572299999,8457.46710000,31,3.86000000,223.70210000,0
1630572300000,57.96000000,57.97000000,57.83000000,57.90000000,115.34000000,1630572359999,6679.23710000,18,29.83000000,1728.70900000,0
1630572360000,57.92000000,57.92000000,57.86000000,57.90000000,25.95000000,1630572419999,1502.61500000,7,25.26000000,1462.69160000,0
1630572420000,57.90000000,57.96000000,57.90000000,57.96000000,69.83000000,1630572479999,4044.35060000,16,52.59000000,3045.80980000,0
1630572480000,57.97000000,57.99000000,57.92000000,57.95000000,22.86000000,1630572539999,1324.77720000,10,18.63000000,1079.64870000,0
1630572540000,57.90000000,57.90000000,57.82000000,57.89000000,11.23000000,1630572599999,649.59650000,6,3.56000000,206.11710000,0
1630572600000,57.89000000,57.90000000,57.88000000,57.89000000,19.57000000,1630572659999,1132.91380000,6,19.57000000,1132.91380000,0
1630572660000,57.88000000,57.88000000,57.75000000,57.83000000,125.76000000,1630572719999,7269.36810000,30,31.66000000,1830.71300000,0
1630572720000,57.82000000,57.82000000,57.77000000,57.82000000,19.47000000,1630572779999,1125.64280000,5,19.02000000,1099.64630000,0
1630572780000,57.81000000,57.81000000,57.70000000,57.75000000,87.64000000,1630572839999,5061.69040000,20,59.44000000,3433.29910000,0
1630572840000,57.75000000,57.80000000,57.68000000,57.80000000,92.18000000,1630572899999,5320.41130000,25,39.54000000,2282.86030000,0
1630572900000,57.74000000,57.79000000,57.70000000,57.76000000,63.71000000,1630572959999,3678.77440000,19,20.48000000,1183.02520000,0
1630572960000,57.77000000,57.92000000,57.74000000,57.92000000,171.66000000,1630573019999,9926.56210000,29,130.65000000,7558.13200000,0
1630573020000,57.91000000,58.07000000,57.82000000,58.07000000,116.70000000,1630573079999,6760.80600000,35,75.80000000,4395.07670000,0
1630573080000,58.05000000,58.19000000,58.05000000,58.10000000,106.35000000,1630573139999,6180.27400000,37,77.33000000,4493.55870000,0
1630573140000,58.10000000,58.10000000,57.79000000,57.86000000,236.75000000,1630573199999,13714.67970000,32,63.27000000,3659.80280000,0
1630573200000,57.86000000,57.89000000,57.84000000,57.89000000,57.17000000,1630573259999,3308.61770000,13,56.16000000,3250.19930000,0
1630573260000,57.89000000,57.89000000,57.80000000,57.80000000,9.32000000,1630573319999,539.21820000,7,5.44000000,314.90200000,0
1630573320000,57.76000000,57.79000000,57.73000000,57.75000000,36.72000000,1630573379999,2120.63050000,11,16.56000000,956.41580000,0
1630573380000,57.74000000,57.80000000,57.63000000,57.65000000,151.57000000,1630573439999,8745.59670000,45,25.63000000,1479.48950000,0
1630573440000,57.66000000,57.74000000,57.63000000,57.74000000,45.03000000,1630573499999,2596.92390000,17,22.02000000,1270.00920000,0
1630573500000,57.67000000,57.67000000,57.56000000,57.58000000,291.46000000,1630573559999,16789.22100000,39,25.32000000,1458.48660000,0
1630573560000,57.50000000,57.50000000,57.30000000,57.30000000,428.69000000,1630573619999,24606.35390000,67,348.66000000,20017.61900000,0
1630573620000,57.30000000,57.30000000,57.06000000,57.19000000,412.91000000,1630573679999,23593.08130000,110,160.00000000,9146.82950000,0
1630573680000,57.15000000,57.27000000,57.15000000,57.25000000,161.95000000,1630573739999,9263.95690000,29,75.10000000,4296.13460000,0
1630573740000,57.21000000,57.48000000,57.17000000,57.38000000,150.08000000,1630573799999,8592.85020000,25,47.27000000,2711.78990000,0
1630573800000,57.35000000,57.37000000,57.35000000,57.37000000,13.81000000,1630573859999,792.10240000,5,13.81000000,792.10240000,0
1630573860000,57.40000000,57.46000000,57.33000000,57.35000000,202.69000000,1630573919999,11626.92170000,17,6.19000000,355.34260000,0
1630573920000,57.39000000,57.39000000,57.33000000,57.33000000,11.10000000,1630573979999,636.51860000,4,0.53000000,30.41670000,0
1630573980000,57.24000000,57.31000000,57.22000000,57.24000000,96.96000000,1630574039999,5550.74530000,21,77.09000000,4413.56340000,0
1630574040000,57.24000000,57.46000000,57.19000000,57.46000000,301.71000000,1630574099999,17304.30240000,25,229.78000000,13189.30860000,0
1630574100000,57.35000000,57.45000000,57.28000000,57.45000000,77.07000000,1630574159999,4419.91240000,15,19.79000000,1136.04170000,0
1630574160000,57.49000000,57.59000000,57.49000000,57.51000000,337.98000000,1630574219999,19434.31820000,9,337.63000000,19414.18970000,0
1630574220000,57.53000000,57.53000000,57.45000000,57.48000000,33.64000000,1630574279999,1934.05760000,16,20.38000000,1171.41390000,0
1630574280000,57.48000000,57.49000000,57.48000000,57.49000000,13.66000000,1630574339999,785.19250000,5,5.30000000,304.65970000,0
1630574340000,57.50000000,57.50000000,57.39000000,57.39000000,106.00000000,1630574399999,6089.11450000,17,43.12000000,2477.84120000,0
1630574400000,57.41000000,57.41000000,57.41000000,57.41000000,5.29000000,1630574459999,303.69890000,1,0.00000000,0.00000000,0
1630574460000,57.42000000,57.47000000,57.39000000,57.42000000,36.63000000,1630574519999,2104.41180000,11,25.66000000,1474.54560000,0
1630574520000,57.39000000,57.39000000,57.31000000,57.34000000,118.38000000,1630574579999,6791.56920000,26,67.05000000,3846.07670000,0
1630574580000,57.35000000,57.35000000,57.18000000,57.18000000,208.71000000,1630574639999,11947.48530000,18,5.40000000,309.69000000,0
1630574640000,57.27000000,57.35000000,57.26000000,57.31000000,138.46000000,1630574699999,7933.75180000,22,16.25000000,931.41250000,0
1630574700000,57.32000000,57.33000000,57.32000000,57.33000000,1.86000000,1630574759999,106.61720000,2,1.86000000,106.61720000,0
1630574760000,57.32000000,57.33000000,57.20000000,57.20000000,101.75000000,1630574819999,5828.57120000,21,63.99000000,3665.50740000,0
1630574820000,57.21000000,57.28000000,57.21000000,57.28000000,50.21000000,1630574879999,2873.71670000,19,46.62000000,2668.33280000,0
1630574880000,57.28000000,57.33000000,57.27000000,57.27000000,61.12000000,1630574939999,3501.05160000,15,27.09000000,1551.90950000,0
1630574940000,57.29000000,57.29000000,57.15000000,57.22000000,133.50000000,1630574999999,7635.34350000,19,10.95000000,627.11690000,0
1630575000000,57.22000000,57.39000000,57.22000000,57.36000000,186.31000000,1630575059999,10683.52390000,25,108.98000000,6248.95180000,0
1630575060000,57.36000000,57.36000000,57.23000000,57.23000000,91.95000000,1630575119999,5264.46940000,10,2.65000000,151.77250000,0
1630575120000,57.24000000,57.33000000,57.24000000,57.33000000,25.13000000,1630575179999,1439.26860000,11,11.06000000,633.76560000,0
1630575180000,57.24000000,57.24000000,57.12000000,57.12000000,203.81000000,1630575239999,11652.70000000,27,17.78000000,1017.19380000,0
1630575240000,57.15000000,57.29000000,57.15000000,57.24000000,38.76000000,1630575299999,2219.77040000,20,37.49000000,2147.17280000,0
1630575300000,57.28000000,57.28000000,57.16000000,57.16000000,29.73000000,1630575359999,1701.16820000,9,1.24000000,71.02340000,0
1630575360000,57.25000000,57.26000000,57.20000000,57.26000000,26.21000000,1630575419999,1500.68780000,9,22.42000000,1283.71380000,0
1630575420000,57.21000000,57.26000000,57.18000000,57.26000000,6.16000000,1630575479999,352.34120000,4,0.86000000,49.24190000,0
1630575480000,57.26000000,57.26000000,57.19000000,57.24000000,11.54000000,1630575539999,660.32700000,8,4.68000000,267.91480000,0
1630575540000,57.19000000,57.24000000,57.17000000,57.24000000,28.59000000,1630575599999,1635.52530000,13,15.75000000,901.34550000,0
1630575600000,57.24000000,57.26000000,57.20000000,57.25000000,49.94000000,1630575659999,2858.51900000,12,39.51000000,2261.91440000,0
1630575660000,57.28000000,57.28000000,57.27000000,57.27000000,1.75000000,1630575719999,100.22430000,2,0.00000000,0.00000000,0
1630575720000,57.27000000,57.29000000,57.21000000,57.21000000,26.52000000,1630575779999,1518.29400000,8,0.36000000,20.62440000,0
1630575780000,57.24000000,57.26000000,57.17000000,57.22000000,6.44000000,1630575839999,368.63630000,5,5.87000000,336.04020000,0
1630575840000,57.17000000,57.24000000,57.13000000,57.18000000,227.39000000,1630575899999,13000.25040000,25,34.89000000,1995.41820000,0
1630575900000,57.15000000,57.28000000,57.15000000,57.22000000,82.89000000,1630575959999,4742.46390000,16,22.26000000,1273.66190000,0
1630575960000,57.18000000,57.20000000,57.15000000,57.20000000,49.64000000,1630576019999,2837.71290000,8,22.02000000,1259.21130000,0
1630576020000,57.17000000,57.17000000,57.17000000,57.17000000,6.04000000,1630576079999,345.30680000,1,0.00000000,0.00000000,0
1630576080000,57.20000000,57.28000000,57.20000000,57.20000000,52.28000000,1630576139999,2992.33960000,11,21.06000000,1206.24960000,0
1630576140000,57.17000000,57.17000000,57.11000000,57.17000000,45.34000000,1630576199999,2591.05850000,12,9.77000000,558.55090000,0
1630576200000,57.13000000,57.27000000,57.12000000,57.20000000,84.80000000,1630576259999,4848.55710000,26,27.13000000,1552.01810000,0
1630576260000,57.15000000,57.15000000,57.15000000,57.15000000,7.55000000,1630576319999,431.48250000,1,0.00000000,0.00000000,0
1630576320000,57.11000000,57.18000000,57.10000000,57.13000000,27.76000000,1630576379999,1585.84900000,11,11.78000000,673.07010000,0
1630576380000,57.18000000,57.24000000,57.10000000,57.24000000,59.29000000,1630576439999,3389.36420000,15,22.01000000,1258.60080000,0
1630576440000,57.24000000,57.30000000,57.10000000,57.10000000,46.53000000,1630576499999,2661.33080000,20,7.04000000,403.06360000,0
1630576500000,57.10000000,57.21000000,57.10000000,57.21000000,47.35000000,1630576559999,2704.53380000,15,37.48000000,2140.88770000,0
1630576560000,57.13000000,57.16000000,57.10000000,57.10000000,458.14000000,1630576619999,26182.94630000,27,83.87000000,4792.18350000,0
1630576620000,57.09000000,57.09000000,57.08000000,57.08000000,81.58000000,1630576679999,4656.63350000,13,0.00000000,0.00000000,0
1630576680000,57.06000000,57.15000000,57.04000000,57.15000000,61.73000000,1630576739999,3522.85100000,16,50.46000000,2879.62030000,0
1630576740000,57.16000000,57.28000000,57.13000000,57.28000000,22.09000000,1630576799999,1263.49080000,10,19.39000000,1109.08220000,0
1630576800000,57.25000000,57.25000000,57.09000000,57.18000000,115.28000000,1630576859999,6592.59740000,32,12.90000000,737.98810000,0
1630576860000,57.13000000,57.14000000,57.06000000,57.13000000,53.10000000,1630576919999,3032.68540000,15,13.70000000,782.67080000,0
1630576920000,57.13000000,57.15000000,56.96000000,56.96000000,264.82000000,1630576979999,15111.95780000,44,91.74000000,5233.88900000,0
1630576980000,57.02000000,57.10000000,57.02000000,57.06000000,70.50000000,1630577039999,4022.23690000,10,66.69000000,3804.94510000,0
1630577040000,57.09000000,57.09000000,57.01000000,57.04000000,27.28000000,1630577099999,1556.69100000,11,3.66000000,208.84290000,0
1630577100000,57.08000000,57.08000000,57.06000000,57.06000000,4.84000000,1630577159999,276.24040000,2,3.50000000,199.78000000,0
1630577160000,57.04000000,57.05000000,57.04000000,57.04000000,16.51000000,1630577219999,941.80050000,3,16.51000000,941.80050000,0
1630577220000,57.01000000,57.04000000,56.93000000,57.00000000,45.27000000,1630577279999,2579.28240000,16,23.39000000,1333.19480000,0
1630577280000,56.95000000,57.01000000,56.93000000,56.97000000,43.85000000,1630577339999,2498.36090000,10,18.66000000,1063.79610000,0
1630577340000,57.01000000,57.04000000,57.00000000,57.02000000,26.08000000,1630577399999,1486.99510000,7,24.11000000,1374.67010000,0
1630577400000,57.03000000,57.04000000,57.03000000,57.04000000,9.89000000,1630577459999,564.10800000,5,9.89000000,564.10800000,0
1630577460000,57.04000000,57.04000000,57.03000000,57.03000000,8.45000000,1630577519999,481.97050000,4,6.70000000,382.16800000,0
1630577520000,57.04000000,57.04000000,57.01000000,57.04000000,60.89000000,1630577579999,3472.87370000,10,30.68000000,1749.89150000,0
1630577580000,57.01000000,57.03000000,57.01000000,57.01000000,14.58000000,1630577639999,831.25740000,7,2.58000000,147.13740000,0
1630577640000,57.00000000,57.03000000,56.98000000,57.01000000,92.16000000,1630577699999,5253.54330000,21,60.68000000,3459.14940000,0
1630577700000,57.03000000,57.03000000,57.01000000,57.01000000,2.54000000,1630577759999,144.81660000,2,0.56000000,31.93680000,0
1630577760000,57.01000000,57.01000000,56.99000000,57.00000000,35.54000000,1630577819999,2025.78660000,11,18.14000000,1033.98840000,0
1630577820000,56.99000000,56.99000000,56.98000000,56.98000000,27.76000000,1630577879999,1581.83520000,5,0.00000000,0.00000000,0
1630577880000,56.98000000,57.36000000,56.92000000,57.36000000,717.97000000,1630577939999,40988.83840000,141,596.64000000,34076.20260000,0
1630577940000,57.39000000,57.46000000,57.39000000,57.46000000,142.36000000,1630577999999,8173.82420000,22,103.55000000,5944.92780000,0
1630578000000,57.47000000,57.69000000,57.46000000,57.46000000,114.95000000,1630578059999,6615.75020000,30,98.11000000,5646.87700000,0
1630578060000,57.44000000,57.54000000,57.43000000,57.48000000,16.44000000,1630578119999,944.95820000,8,4.43000000,254.80140000,0
1630578120000,57.46000000,57.46000000,57.34000000,57.34000000,7.75000000,1630578179999,445.11310000,9,2.32000000,133.28140000,0
1630578180000,57.40000000,57.44000000,57.40000000,57.44000000,44.04000000,1630578239999,2529.43600000,7,14.61000000,839.19840000,0
1630578240000,57.47000000,57.47000000,57.44000000,57.44000000,15.68000000,1630578299999,900.95800000,4,9.96000000,572.40120000,0
1630578300000,57.51000000,57.51000000,57.49000000,57.49000000,10.69000000,1630578359999,614.60310000,4,3.39000000,194.92610000,0
1630578360000,57.44000000,57.46000000,57.40000000,57.40000000,32.11000000,1630578419999,1843.59280000,10,9.46000000,543.02480000,0
1630578420000,57.40000000,57.40000000,57.32000000,57.32000000,16.21000000,1630578479999,929.88410000,5,0.00000000,0.00000000,0
1630578480000,57.35000000,57.35000000,57.35000000,57.35000000,10.40000000,1630578539999,596.44000000,2,0.00000000,0.00000000,0
1630578540000,57.35000000,57.35000000,57.28000000,57.35000000,287.00000000,1630578599999,16456.51060000,13,44.59000000,2556.61410000,0
1630578600000,57.29000000,57.35000000,57.29000000,57.33000000,347.39000000,1630578659999,19922.40260000,12,328.49000000,18838.89650000,0
1630578660000,57.35000000,57.36000000,57.35000000,57.36000000,3.68000000,1630578719999,211.05870000,2,0.00000000,0.00000000,0
1630578720000,57.35000000,57.35000000,57.33000000,57.34000000,25.50000000,1630578779999,1462.03620000,4,16.84000000,965.51660000,0
1630578780000,57.26000000,57.26000000,57.23000000,57.23000000,9.39000000,1630578839999,537.55480000,7,0.00000000,0.00000000,0
1630578840000,57.25000000,57.27000000,57.14000000,57.21000000,121.82000000,1630578899999,6968.17210000,18,37.32000000,2135.63220000,0
1630578900000,57.22000000,57.32000000,57.22000000,57.26000000,4.38000000,1630578959999,250.66900000,4,0.21000000,12.03720000,0
1630578960000,57.26000000,57.35000000,57.26000000,57.31000000,43.88000000,1630579019999,2515.48350000,12,7.34000000,420.87160000,0
1630579020000,57.31000000,57.31000000,57.24000000,57.24000000,20.24000000,1630579079999,1159.88100000,8,0.62000000,35.52950000,0
1630579080000,57.24000000,57.24000000,57.24000000,57.24000000,2.45000000,1630579139999,140.23800000,1,0.00000000,0.00000000,0
1630579140000,57.31000000,57.31000000,57.27000000,57.31000000,21.47000000,1630579199999,1229.85640000,6,6.28000000,359.90680000,0
1630579200000,57.31000000,57.31000000,57.28000000,57.28000000,31.28000000,1630579259999,1791.73400000,8,4.28000000,245.17400000,0
1630579260000,57.27000000,57.28000000,57.26000000,57.26000000,20.27000000,1630579319999,1160.97830000,4,7.05000000,403.75350000,0
1630579320000,57.30000000,57.30000000,57.10000000,57.19000000,55.58000000,1630579379999,3178.60630000,14,15.06000000,862.36460000,0
1630579380000,57.20000000,57.22000000,57.16000000,57.22000000,6.34000000,1630579439999,362.70130000,5,4.34000000,248.33480000,0
1630579440000,57.25000000,57.25000000,57.22000000,57.22000000,19.20000000,1630579499999,1099.05840000,7,0.00000000,0.00000000,0
1630579500000,57.22000000,57.35000000,57.22000000,57.25000000,8.03000000,1630579559999,460.30290000,5,7.60000000,435.69080000,0
1630579560000,57.27000000,57.27000000,57.27000000,57.27000000,5.77000000,1630579619999,330.44790000,1,0.00000000,0.00000000,0
1630579620000,57.33000000,57.33000000,57.33000000,57.33000000,3.48000000,1630579679999,199.50840000,1,3.48000000,199.50840000,0
1630579680000,57.31000000,57.35000000,57.27000000,57.35000000,30.71000000,1630579739999,1760.52820000,6,21.20000000,1215.78000000,0
1630579740000,57.38000000,57.43000000,57.38000000,57.41000000,86.43000000,1630579799999,4963.31550000,12,6.46000000,370.90040000,0
1630579800000,57.42000000,57.49000000,57.42000000,57.47000000,6.63000000,1630579859999,380.96700000,4,6.36000000,365.45010000,0
1630579860000,57.50000000,57.50000000,57.45000000,57.49000000,49.63000000,1630579919999,2852.75550000,9,22.44000000,1290.26350000,0
1630579920000,57.49000000,57.49000000,57.43000000,57.43000000,97.19000000,1630579979999,5583.56050000,6,15.85000000,910.57750000,0
1630579980000,57.37000000,57.40000000,57.37000000,57.39000000,149.64000000,1630580039999,8584.93720000,6,131.35000000,7535.63990000,0
1630580040000,57.39000000,57.39000000,57.39000000,57.39000000,0.00000000,1630580099999,0.00000000,0,0.00000000,0.00000000,0
1630580100000,57.36000000,57.36000000,57.28000000,57.35000000,15.71000000,1630580159999,900.61110000,7,3.48000000,199.57800000,0
1630580160000,57.33000000,57.33000000,57.29000000,57.30000000,3.59000000,1630580219999,205.73430000,3,1.31000000,75.10230000,0
1630580220000,57.33000000,57.33000000,57.33000000,57.33000000,1.00000000,1630580279999,57.33000000,1,0.00000000,0.00000000,0
1630580280000,57.33000000,57.37000000,57.11000000,57.28000000,822.15000000,1630580339999,47031.13130000,57,60.11000000,3447.21340000,0
1630580340000,57.28000000,57.32000000,57.28000000,57.32000000,86.42000000,1630580399999,4952.64580000,13,86.42000000,4952.64580000,0
1630580400000,57.30000000,57.31000000,57.23000000,57.27000000,34.34000000,1630580459999,1967.10330000,15,19.59000000,1122.13120000,0
1630580460000,57.23000000,57.23000000,57.10000000,57.23000000,731.81000000,1630580519999,41803.65990000,23,98.92000000,5658.15220000,0
1630580520000,57.22000000,57.22000000,57.14000000,57.14000000,32.24000000,1630580579999,1842.59320000,6,0.17000000,9.72740000,0
1630580580000,57.10000000,57.10000000,57.04000000,57.05000000,87.46000000,1630580639999,4990.56450000,13,40.86000000,2331.19720000,0
1630580640000,57.09000000,57.14000000,57.09000000,57.14000000,9.51000000,1630580699999,543.07690000,3,1.27000000,72.56780000,0
1630580700000,57.12000000,57.14000000,57.12000000,57.12000000,45.79000000,1630580759999,2615.55980000,22,1.75000000,99.99500000,0
1630580760000,57.14000000,57.16000000,57.12000000,57.12000000,245.99000000,1630580819999,14055.15120000,30,192.19000000,10981.74700000,0
1630580820000,57.11000000,57.12000000,57.05000000,57.05000000,84.72000000,1630580879999,4836.08490000,17,1.55000000,88.53260000,0
1630580880000,57.04000000,57.10000000,57.02000000,57.09000000,75.67000000,1630580939999,4318.24050000,12,37.13000000,2119.95890000,0
1630580940000,57.10000000,57.10000000,56.96000000,57.01000000,441.48000000,1630580999999,25166.09580000,54,3.65000000,208.41500000,0
1630581000000,57.02000000,57.02000000,56.99000000,56.99000000,8.43000000,1630581059999,480.54900000,5,0.00000000,0.00000000,0
1630581060000,56.99000000,57.00000000,56.91000000,56.95000000,229.16000000,1630581119999,13043.80030000,29,1.76000000,100.28810000,0
1630581120000,56.96000000,56.96000000,56.89000000,56.89000000,9.85000000,1630581179999,560.58100000,11,6.98000000,397.29230000,0
1630581180000,56.89000000,56.96000000,56.87000000,56.89000000,37.26000000,1630581239999,2120.81600000,13,16.25000000,925.35260000,0
1630581240000,56.94000000,56.94000000,56.86000000,56.87000000,74.53000000,1630581299999,4239.69470000,26,18.15000000,1033.16410000,0
1630581300000,56.90000000,56.92000000,56.85000000,56.86000000,34.08000000,1630581359999,1938.58970000,10,31.54000000,1794.16540000,0
1630581360000,56.88000000,56.90000000,56.86000000,56.90000000,16.07000000,1630581419999,914.03210000,6,9.98000000,567.68000000,0
1630581420000,56.92000000,56.92000000,56.84000000,56.89000000,32.64000000,1630581479999,1855.64240000,10,1.84000000,104.70400000,0
1630581480000,56.91000000,56.92000000,56.89000000,56.92000000,17.44000000,1630581539999,992.32440000,7,5.52000000,314.19560000,0
1630581540000,56.86000000,56.93000000,56.84000000,56.90000000,109.88000000,1630581599999,6247.41010000,27,2.69000000,153.07710000,0
1630581600000,56.86000000,56.90000000,56.82000000,56.90000000,72.76000000,1630581659999,4135.44920000,13,33.89000000,1926.81180000,0
1630581660000,56.89000000,56.94000000,56.89000000,56.94000000,20.29000000,1630581719999,1154.60430000,6,20.29000000,1154.60430000,0
1630581720000,56.93000000,56.94000000,56.89000000,56.89000000,6.59000000,1630581779999,375.08000000,4,4.28000000,243.66410000,0
1630581780000,56.94000000,56.98000000,56.94000000,56.98000000,114.47000000,1630581839999,6518.07990000,11,114.47000000,6518.07990000,0
1630581840000,56.99000000,56.99000000,56.95000000,56.95000000,3.63000000,1630581899999,206.79710000,6,3.63000000,206.79710000,0
1630581900000,56.94000000,56.95000000,56.94000000,56.94000000,3.29000000,1630581959999,187.33950000,3,2.05000000,116.73390000,0
1630581960000,56.88000000,56.93000000,56.85000000,56.92000000,236.89000000,1630582019999,13469.85410000,12,166.65000000,9475.65650000,0
1630582020000,56.85000000,56.86000000,56.85000000,56.85000000,14.09000000,1630582079999,801.09750000,4,0.00000000,0.00000000,0
1630582080000,56.91000000,56.91000000,56.90000000,56.91000000,21.42000000,1630582139999,1218.99250000,4,21.42000000,1218.99250000,0
1630582140000,56.88000000,56.98000000,56.88000000,56.98000000,17.41000000,1630582199999,990.60170000,9,15.60000000,887.63540000,0
1630582200000,56.93000000,56.93000000,56.88000000,56.88000000,11.24000000,1630582259999,639.41220000,2,9.62000000,547.18560000,0
1630582260000,56.88000000,56.92000000,56.88000000,56.92000000,2.25000000,1630582319999,128.02880000,2,1.22000000,69.44240000,0
1630582320000,56.84000000,56.90000000,56.84000000,56.90000000,9.86000000,1630582379999,560.54620000,4,2.43000000,138.22500000,0
1630582380000,56.87000000,56.91000000,56.79000000,56.85000000,86.81000000,1630582439999,4937.41310000,17,74.45000000,4235.31390000,0
1630582440000,56.87000000,56.87000000,56.79000000,56.85000000,578.33000000,1630582499999,32849.46940000,40,542.94000000,30839.16790000,0
1630582500000,56.85000000,56.85000000,56.85000000,56.85000000,29.89000000,1630582559999,1699.24650000,7,29.89000000,1699.24650000,0
1630582560000,56.85000000,56.91000000,56.85000000,56.91000000,32.96000000,1630582619999,1873.89310000,10,32.96000000,1873.89310000,0
1630582620000,56.91000000,56.95000000,56.87000000,56.87000000,10.30000000,1630582679999,586.00270000,7,3.77000000,214.64160000,0
1630582680000,56.87000000,56.93000000,56.87000000,56.93000000,12.38000000,1630582739999,704.11240000,8,1.03000000,58.63790000,0
1630582740000,56.93000000,56.98000000,56.92000000,56.98000000,4.42000000,1630582799999,251.64110000,5,3.62000000,206.10510000,0
1630582800000,56.99000000,56.99000000,56.93000000,56.93000000,2.55000000,1630582859999,145.19500000,4,0.17000000,9.68830000,0
1630582860000,56.95000000,57.02000000,56.93000000,56.99000000,54.93000000,1630582919999,3129.50730000,13,29.36000000,1673.49730000,0
1630582920000,57.04000000,57.06000000,56.97000000,56.99000000,33.96000000,1630582979999,1935.68980000,13,16.28000000,928.44460000,0
1630582980000,56.96000000,56.99000000,56.94000000,56.99000000,24.90000000,1630583039999,1418.22110000,8,12.31000000,701.21660000,0
1630583040000,56.99000000,56.99000000,56.92000000,56.92000000,25.64000000,1630583099999,1459.87200000,10,4.44000000,252.92800000,0
1630583100000,56.98000000,56.98000000,56.94000000,56.98000000,14.62000000,1630583159999,832.52720000,8,14.62000000,832.52720000,0
1630583160000,56.94000000,56.94000000,56.91000000,56.94000000,43.37000000,1630583219999,2469.44160000,9,41.83000000,2381.80020000,0
1630583220000,56.92000000,57.01000000,56.88000000,57.01000000,837.43000000,1630583279999,47650.94590000,43,652.51000000,37128.10260000,0
1630583280000,56.96000000,57.01000000,56.93000000,56.99000000,78.03000000,1630583339999,4446.50640000,21,58.59000000,3338.86740000,0
1630583340000,57.00000000,57.00000000,56.88000000,56.96000000,669.62000000,1630583399999,38115.58040000,69,605.63000000,34473.09060000,0
1630583400000,56.96000000,56.96000000,56.89000000,56.94000000,11.27000000,1630583459999,641.33090000,16,10.29000000,585.56890000,0
1630583460000,56.88000000,56.88000000,56.88000000,56.88000000,4.18000000,1630583519999,237.75840000,4,2.43000000,138.21840000,0
1630583520000,56.86000000,56.94000000,56.86000000,56.94000000,134.52000000,1630583579999,7654.15300000,23,82.57000000,4699.52000000,0
1630583580000,56.94000000,56.98000000,56.91000000,56.91000000,47.06000000,1630583639999,2678.80970000,10,6.42000000,365.62760000,0
1630583640000,56.91000000,56.92000000,56.87000000,56.87000000,121.03000000,1630583699999,6886.43160000,24,29.67000000,1688.81640000,0
1630583700000,56.86000000,56.89000000,56.86000000,56.88000000,34.43000000,1630583759999,1958.10140000,16,15.19000000,864.01910000,0
1630583760000,56.88000000,56.92000000,56.78000000,56.92000000,387.49000000,1630583819999,22025.77560000,67,109.17000000,6210.11660000,0
1630583820000,56.87000000,56.91000000,56.87000000,56.87000000,3.47000000,1630583879999,197.40690000,3,1.70000000,96.74700000,0
1630583880000,56.91000000,56.91000000,56.88000000,56.88000000,4.83000000,1630583939999,274.78140000,2,1.70000000,96.74700000,0
1630583940000,56.88000000,56.92000000,56.87000000,56.87000000,50.15000000,1630583999999,2853.14170000,23,35.63000000,2027.19510000,0
1630584000000,56.92000000,56.95000000,56.92000000,56.95000000,42.93000000,1630584059999,2444.28260000,13,21.17000000,1205.23210000,0
1630584060000,56.93000000,56.94000000,56.89000000,56.93000000,69.73000000,1630584119999,3968.86690000,13,44.01000000,2505.47430000,0
1630584120000,56.92000000,56.92000000,56.85000000,56.89000000,48.74000000,1630584179999,2772.99750000,14,45.59000000,2593.90960000,0
1630584180000,56.87000000,56.91000000,56.83000000,56.83000000,9.97000000,1630584239999,567.05410000,9,7.77000000,442.00010000,0
1630584240000,56.87000000,56.87000000,56.42000000,56.51000000,820.79000000,1630584299999,46436.05420000,176,14.09000000,797.24920000,0
1630584300000,56.47000000,56.64000000,56.47000000,56.53000000,49.74000000,1630584359999,2813.74900000,27,30.87000000,1746.63760000,0
1630584360000,56.58000000,56.63000000,56.55000000,56.62000000,204.41000000,1630584419999,11565.81970000,27,140.18000000,7933.43710000,0
1630584420000,56.57000000,56.63000000,56.51000000,56.58000000,457.31000000,1630584479999,25865.16640000,48,281.46000000,15920.56170000,0
1630584480000,56.57000000,56.58000000,56.48000000,56.56000000,90.57000000,1630584539999,5118.97840000,33,38.84000000,2196.58150000,0
1630584540000,56.57000000,56.70000000,56.57000000,56.70000000,301.75000000,1630584599999,17082.22340000,42,292.91000000,16581.64960000,0
1630584600000,56.70000000,56.75000000,56.65000000,56.73000000,52.67000000,1630584659999,2987.36260000,18,32.79000000,1859.94490000,0
1630584660000,56.66000000,56.72000000,56.60000000,56.61000000,25.69000000,1630584719999,1455.06900000,9,16.17000000,915.90320000,0
1630584720000,56.63000000,56.63000000,56.60000000,56.63000000,20.24000000,1630584779999,1145.96220000,4,12.04000000,681.82520000,0
1630584780000,56.66000000,56.66000000,56.66000000,56.66000000,1.77000000,1630584839999,100.28820000,1,1.77000000,100.28820000,0
1630584840000,56.61000000,56.67000000,56.56000000,56.66000000,102.57000000,1630584899999,5806.32170000,24,30.91000000,1751.37060000,0
1630584900000,56.62000000,56.62000000,56.49000000,56.54000000,49.62000000,1630584959999,2806.79750000,10,35.22000000,1992.61100000,0
1630584960000,56.61000000,56.61000000,56.58000000,56.59000000,4.93000000,1630585019999,279.01030000,4,2.07000000,117.18270000,0
1630585020000,56.61000000,56.66000000,56.56000000,56.66000000,73.47000000,1630585079999,4157.43590000,13,9.64000000,546.12090000,0
1630585080000,56.66000000,56.66000000,56.66000000,56.66000000,0.00000000,1630585139999,0.00000000,0,0.00000000,0.00000000,0
1630585140000,56.56000000,56.59000000,56.53000000,56.59000000,44.74000000,1630585199999,2530.31280000,8,0.00000000,0.00000000,0
1630585200000,56.56000000,56.61000000,56.54000000,56.61000000,182.99000000,1630585259999,10357.31490000,24,153.56000000,8691.73630000,0
1630585260000,56.60000000,56.60000000,56.48000000,56.48000000,58.21000000,1630585319999,3288.21290000,10,47.83000000,2701.43840000,0
1630585320000,56.54000000,56.54000000,56.53000000,56.54000000,130.85000000,1630585379999,7398.25100000,14,17.20000000,972.48000000,0
1630585380000,56.47000000,56.49000000,56.39000000,56.39000000,65.57000000,1630585439999,3699.53420000,14,3.86000000,217.98740000,0
1630585440000,56.47000000,56.47000000,56.40000000,56.47000000,301.10000000,1630585499999,17002.51100000,14,50.14000000,2831.19380000,0
1630585500000,56.43000000,56.48000000,56.41000000,56.41000000,4.62000000,1630585559999,260.80980000,7,2.02000000,114.08960000,0
1630585560000,56.44000000,56.53000000,56.43000000,56.51000000,134.92000000,1630585619999,7621.65210000,16,118.32000000,6684.73390000,0
1630585620000,56.43000000,56.43000000,56.42000000,56.42000000,15.30000000,1630585679999,863.31540000,2,0.00000000,0.00000000,0
1630585680000,56.49000000,56.58000000,56.48000000,56.58000000,111.01000000,1630585739999,6277.06300000,8,109.76000000,6206.46300000,0
1630585740000,56.49000000,56.60000000,56.49000000,56.60000000,30.06000000,1630585799999,1700.09260000,8,23.71000000,1341.19810000,0
1630585800000,56.57000000,56.64000000,56.55000000,56.60000000,25.67000000,1630585859999,1452.18280000,9,23.53000000,1331.07580000,0
1630585860000,56.66000000,56.66000000,56.66000000,56.66000000,8.82000000,1630585919999,499.74120000,2,8.82000000,499.74120000,0
1630585920000,56.57000000,56.60000000,56.57000000,56.60000000,55.07000000,1630585979999,3115.95070000,4,21.36000000,1208.97600000,0
1630585980000,56.64000000,57.12000000,56.59000000,57.04000000,1217.69000000,1630586039999,69305.81260000,237,834.85000000,47495.75790000,0
1630586040000,57.08000000,57.31000000,57.08000000,57.13000000,246.62000000,1630586099999,14104.17820000,84,100.54000000,5751.03010000,0
1630586100000,57.13000000,57.23000000,57.09000000,57.19000000,176.87000000,1630586159999,10112.51330000,43,80.12000000,4582.19930000,0
1630586160000,57.19000000,57.23000000,57.08000000,57.15000000,400.84000000,1630586219999,22904.32750000,63,110.61000000,6320.31950000,0
1630586220000,57.15000000,57.21000000,57.15000000,57.17000000,75.13000000,1630586279999,4295.40130000,16,64.23000000,3672.27030000,0
1630586280000,57.16000000,57.18000000,57.10000000,57.10000000,274.55000000,1630586339999,15688.50540000,53,131.23000000,7497.99120000,0
1630586340000,57.09000000,57.15000000,57.03000000,57.10000000,566.99000000,1630586399999,32368.33220000,55,207.67000000,11861.43690000,0
1630586400000,57.10000000,57.27000000,57.07000000,57.27000000,575.10000000,1630586459999,32883.43310000,71,475.80000000,27212.98110000,0
1630586460000,57.17000000,57.21000000,57.07000000,57.13000000,184.85000000,1630586519999,10557.58180000,49,48.65000000,2779.18950000,0
1630586520000,57.13000000,57.18000000,57.06000000,57.12000000,249.46000000,1630586579999,14246.63230000,42,82.95000000,4739.84830000,0
1630586580000,57.14000000,57.18000000,57.12000000,57.12000000,140.48000000,1630586639999,8029.37000000,37,41.65000000,2380.83780000,0
1630586640000,57.16000000,57.16000000,57.14000000,57.16000000,64.14000000,1630586699999,3666.00140000,18,34.84000000,1991.45440000,0
1630586700000,57.16000000,57.20000000,57.11000000,57.12000000,84.47000000,1630586759999,4826.31310000,32,6.40000000,366.03860000,0
1630586760000,57.12000000,57.15000000,57.06000000,57.06000000,277.29000000,1630586819999,15831.49820000,28,12.93000000,738.75610000,0
1630586820000,57.09000000,57.15000000,57.00000000,57.02000000,240.30000000,1630586879999,13708.83410000,49,75.08000000,4287.68910000,0
1630586880000,57.02000000,57.04000000,56.85000000,56.85000000,407.66000000,1630586939999,23228.26710000,51,8.18000000,466.14840000,0
1630586940000,56.82000000,56.89000000,56.78000000,56.78000000,109.43000000,1630586999999,6219.77980000,29,3.28000000,186.50950000,0
1630587000000,56.79000000,56.84000000,56.77000000,56.84000000,24.13000000,1630587059999,1370.91730000,9,3.04000000,172.74320000,0
1630587060000,56.84000000,56.93000000,56.84000000,56.93000000,82.85000000,1630587119999,4711.65260000,24,8.30000000,471.96100000,0
1630587120000,56.87000000,56.87000000,56.78000000,56.79000000,97.65000000,1630587179999,5548.47940000,28,18.33000000,1041.04890000,0
1630587180000,56.81000000,56.91000000,56.80000000,56.81000000,72.54000000,1630587239999,4121.98630000,21,23.84000000,1354.40330000,0
1630587240000,56.83000000,56.85000000,56.74000000,56.79000000,108.81000000,1630587299999,6182.21060000,22,62.16000000,3532.73350000,0
1630587300000,56.84000000,56.93000000,56.84000000,56.90000000,79.47000000,1630587359999,4520.82460000,20,52.49000000,2985.72340000,0
1630587360000,56.91000000,56.94000000,56.88000000,56.94000000,25.77000000,1630587419999,1466.78710000,11,4.27000000,243.04710000,0
1630587420000,56.92000000,56.92000000,56.88000000,56.89000000,42.97000000,1630587479999,2444.83200000,11,0.00000000,0.00000000,0
1630587480000,56.89000000,56.89000000,56.89000000,56.89000000,0.00000000,1630587539999,0.00000000,0,0.00000000,0.00000000,0
1630587540000,56.90000000,56.98000000,56.89000000,56.92000000,13.27000000,1630587599999,755.17600000,7,0.18000000,10.25640000,0
1630587600000,56.92000000,56.96000000,56.74000000,56.74000000,218.78000000,1630587659999,12422.15450000,27,1.54000000,87.71840000,0
1630587660000,56.82000000,56.92000000,56.82000000,56.88000000,71.83000000,1630587719999,4084.97620000,20,64.96000000,3694.06880000,0
1630587720000,56.88000000,56.94000000,56.88000000,56.93000000,60.15000000,1630587779999,3424.31370000,10,20.25000000,1152.57030000,0
1630587780000,56.96000000,57.03000000,56.96000000,57.02000000,66.03000000,1630587839999,3763.74390000,21,22.86000000,1303.02000000,0
1630587840000,57.02000000,57.12000000,57.02000000,57.06000000,54.73000000,1630587899999,3124.62730000,27,3.75000000,213.95950000,0
1630587900000,57.06000000,57.15000000,57.03000000,57.15000000,200.05000000,1630587959999,11421.13900000,29,144.31000000,8240.00590000,0
1630587960000,57.07000000,57.09000000,57.02000000,57.09000000,71.74000000,1630588019999,4092.11380000,13,46.54000000,2654.44760000,0
1630588020000,57.08000000,57.09000000,57.02000000,57.06000000,75.39000000,1630588079999,4301.08400000,19,38.71000000,2208.51540000,0
1630588080000,57.00000000,57.11000000,56.98000000,57.06000000,20.83000000,1630588139999,1188.22390000,16,1.33000000,75.93590000,0
1630588140000,57.09000000,57.12000000,57.05000000,57.12000000,89.90000000,1630588199999,5131.98250000,27,9.93000000,566.83320000,0
1630588200000,57.10000000,57.11000000,57.08000000,57.08000000,102.32000000,1630588259999,5841.38910000,18,9.67000000,552.11290000,0
1630588260000,57.08000000,57.11000000,57.07000000,57.11000000,66.74000000,1630588319999,3809.91470000,12,54.74000000,3124.59470000,0
1630588320000,57.08000000,57.10000000,56.98000000,57.08000000,135.09000000,1630588379999,7702.63100000,22,13.28000000,757.97750000,0
1630588380000,57.00000000,57.00000000,56.99000000,57.00000000,20.31000000,1630588439999,1157.58640000,4,11.60000000,661.11640000,0
1630588440000,56.97000000,57.02000000,56.97000000,56.97000000,8.66000000,1630588499999,493.36920000,4,0.18000000,10.26360000,0
1630588500000,57.01000000,57.01000000,56.82000000,56.98000000,57.81000000,1630588559999,3288.45610000,15,8.65000000,492.39690000,0
1630588560000,56.96000000,57.00000000,56.95000000,56.95000000,25.84000000,1630588619999,1471.71720000,8,2.52000000,143.62440000,0
1630588620000,56.92000000,57.01000000,56.92000000,56.96000000,82.41000000,1630588679999,4695.15520000,16,71.31000000,4063.17520000,0
1630588680000,56.96000000,57.00000000,56.88000000,57.00000000,69.52000000,1630588739999,3956.07460000,24,24.50000000,1393.56000000,0
1630588740000,56.94000000,56.94000000,56.88000000,56.91000000,38.57000000,1630588799999,2195.02530000,18,0.00000000,0.00000000,0
1630588800000,56.90000000,56.93000000,56.89000000,56.89000000,119.72000000,1630588859999,6812.32660000,38,24.40000000,1388.36000000,0
1630588860000,56.90000000,56.90000000,56.87000000,56.88000000,50.18000000,1630588919999,2854.57260000,16,1.53000000,87.04170000,0
1630588920000,56.88000000,56.89000000,56.87000000,56.87000000,26.79000000,1630588979999,1523.87310000,14,5.27000000,299.81030000,0
1630588980000,56.88000000,56.88000000,56.80000000,56.80000000,92.30000000,1630589039999,5243.18560000,25,3.70000000,210.34960000,0
1630589040000,56.80000000,56.81000000,56.73000000,56.77000000,62.39000000,1630589099999,3542.44250000,26,2.64000000,149.87280000,0
1630589100000,56.84000000,56.84000000,56.80000000,56.80000000,5.14000000,1630589159999,292.02880000,6,1.32000000,75.02880000,0
1630589160000,56.80000000,56.81000000,56.80000000,56.81000000,31.55000000,1630589219999,1792.05540000,6,0.00000000,0.00000000,0
1630589220000,56.83000000,56.83000000,56.80000000,56.80000000,8.20000000,1630589279999,465.83740000,8,2.90000000,164.78940000,0
1630589280000,56.80000000,56.83000000,56.79000000,56.83000000,32.40000000,1630589339999,1840.58890000,23,0.00000000,0.00000000,0
1630589340000,56.83000000,56.96000000,56.82000000,56.91000000,195.78000000,1630589399999,11140.62870000,36,103.86000000,5912.89670000,0
1630589400000,56.91000000,57.02000000,56.88000000,56.98000000,299.64000000,1630589459999,17073.50240000,79,94.00000000,5356.11390000,0
1630589460000,56.98000000,57.26000000,56.97000000,57.12000000,871.78000000,1630589519999,49826.55940000,130,684.79000000,39143.59010000,0
1630589520000,57.14000000,57.34000000,57.12000000,57.22000000,707.88000000,1630589579999,40511.12190000,132,182.46000000,10442.31250000,0
1630589580000,57.23000000,57.34000000,57.23000000,57.26000000,238.31000000,1630589639999,13654.54740000,58,103.44000000,5925.17880000,0
1630589640000,57.27000000,57.36000000,57.26000000,57.31000000,239.64000000,1630589699999,13734.50150000,80,64.68000000,3707.40120000,0
1630589700000,57.29000000,57.37000000,57.29000000,57.29000000,145.81000000,1630589759999,8359.28680000,45,64.70000000,3709.18200000,0
1630589760000,57.25000000,57.26000000,57.15000000,57.25000000,373.12000000,1630589819999,21344.50490000,55,86.78000000,4965.16460000,0
1630589820000,57.23000000,57.32000000,57.23000000,57.28000000,223.33000000,1630589879999,12791.74020000,73,38.91000000,2229.14410000,0
1630589880000,57.29000000,57.34000000,57.27000000,57.30000000,174.68000000,1630589939999,10010.20850000,82,28.86000000,1653.69540000,0
1630589940000,57.30000000,57.30000000,57.26000000,57.26000000,85.33000000,1630589999999,4889.07410000,26,21.62000000,1238.75640000,0
1630590000000,57.29000000,57.33000000,57.28000000,57.33000000,67.71000000,1630590059999,3880.07650000,25,20.83000000,1193.94670000,0
1630590060000,57.34000000,57.61000000,57.32000000,57.54000000,299.01000000,1630590119999,17177.52720000,86,194.06000000,11146.20400000,0
1630590120000,57.57000000,57.94000000,57.56000000,57.83000000,1858.43000000,1630590179999,107435.48920000,194,1726.59000000,99815.26230000,0
1630590180000,57.83000000,57.87000000,57.67000000,57.69000000,708.95000000,1630590239999,40964.31110000,102,57.94000000,3351.59920000,0
1630590240000,57.75000000,57.84000000,57.70000000,57.78000000,337.25000000,1630590299999,19497.35230000,34,273.79000000,15828.81810000,0
1630590300000,57.78000000,57.90000000,57.69000000,57.82000000,509.03000000,1630590359999,29414.86930000,84,268.08000000,15491.86280000,0
1630590360000,57.83000000,58.17000000,57.81000000,58.11000000,929.87000000,1630590419999,53959.51540000,149,671.78000000,38962.33690000,0
1630590420000,58.10000000,58.19000000,57.97000000,58.12000000,347.71000000,1630590479999,20201.91610000,75,250.04000000,14527.28810000,0
1630590480000,58.14000000,58.36000000,58.14000000,58.23000000,131.41000000,1630590539999,7652.75620000,37,91.41000000,5323.75630000,0
1630590540000,58.31000000,58.32000000,58.25000000,58.32000000,146.83000000,1630590599999,8558.27360000,28,62.89000000,3665.83110000,0
1630590600000,58.27000000,58.29000000,57.96000000,58.08000000,190.01000000,1630590659999,11033.93960000,81,89.92000000,5223.39700000,0
1630590660000,58.03000000,58.25000000,57.94000000,58.25000000,295.54000000,1630590719999,17162.80990000,47,139.10000000,8089.38720000,0
1630590720000,58.31000000,58.44000000,58.28000000,58.41000000,264.43100000,1630590779999,15441.48555300,67,168.03100000,9813.30245300,0
1630590780000,58.44000000,58.49000000,58.12000000,58.27000000,339.59300000,1630590839999,19807.49862000,89,198.75300000,11592.20122000,0
1630590840000,58.27000000,58.34000000,58.24000000,58.28000000,80.99000000,1630590899999,4719.84100000,25,47.11000000,2745.89990000,0
1630590900000,58.26000000,58.40000000,58.26000000,58.29000000,114.10000000,1630590959999,6655.34640000,42,64.85000000,3783.13900000,0
1630590960000,58.30000000,58.40000000,58.29000000,58.29000000,183.56000000,1630591019999,10710.42460000,33,39.12000000,2283.82090000,0
1630591020000,58.36000000,58.36000000,58.12000000,58.15000000,667.98000000,1630591079999,38885.78620000,80,26.63000000,1552.57390000,0
1630591080000,58.16000000,58.19000000,57.95000000,58.02000000,245.23000000,1630591139999,14221.15460000,55,23.97000000,1391.15640000,0
1630591140000,58.00000000,58.21000000,58.00000000,58.11000000,54.89000000,1630591199999,3190.81280000,23,15.04000000,874.06540000,0
1630591200000,58.16000000,58.32000000,58.15000000,58.24000000,67.79000000,1630591259999,3946.09700000,26,32.83000000,1912.24990000,0
1630591260000,58.24000000,58.30000000,58.17000000,58.29000000,58.23000000,1630591319999,3392.83830000,15,30.72000000,1790.12470000,0
1630591320000,58.29000000,58.32000000,58.27000000,58.28000000,49.98000000,1630591379999,2913.19370000,9,14.94000000,870.66450000,0
1630591380000,58.27000000,58.33000000,58.15000000,58.15000000,203.28000000,1630591439999,11832.07250000,35,56.13000000,3267.15550000,0
1630591440000,58.15000000,58.20000000,57.93000000,58.02000000,481.46000000,1630591499999,27934.10460000,61,103.60000000,6017.35290000,0
1630591500000,57.98000000,58.10000000,57.77000000,57.83000000,458.20000000,1630591559999,26516.63520000,99,67.21000000,3891.01550000,0
1630591560000,57.84000000,58.20000000,57.84000000,58.20000000,456.66000000,1630591619999,26495.54300000,63,236.77000000,13739.17610000,0
1630591620000,58.17000000,58.36000000,58.17000000,58.29000000,355.79000000,1630591679999,20734.83790000,69,154.58000000,9007.20700000,0
1630591680000,58.31000000,58.41000000,58.31000000,58.32000000,626.22000000,1630591739999,36544.70060000,48,410.87000000,23972.83250000,0
1630591740000,58.36000000,58.36000000,58.00000000,58.10000000,372.26000000,1630591799999,21629.26070000,46,21.26000000,1238.48500000,0
1630591800000,58.10000000,58.14000000,57.94000000,57.94000000,100.97000000,1630591859999,5860.10850000,20,10.63000000,617.07690000,0
1630591860000,58.00000000,58.06000000,57.97000000,58.01000000,94.68000000,1630591919999,5493.22760000,13,74.12000000,4300.93610000,0
1630591920000,58.05000000,58.27000000,58.05000000,58.27000000,114.20000000,1630591979999,6646.82860000,21,77.58000000,4517.45360000,0
1630591980000,58.26000000,58.26000000,58.03000000,58.12000000,72.49000000,1630592039999,4217.08450000,16,47.22000000,2748.67270000,0
1630592040000,58.10000000,58.18000000,58.00000000,58.00000000,6.26000000,1630592099999,363.79980000,7,1.31000000,76.16800000,0
1630592100000,57.98000000,57.98000000,57.73000000,57.89000000,311.89000000,1630592159999,18043.42780000,45,5.33000000,308.62950000,0
1630592160000,57.85000000,57.85000000,57.52000000,57.70000000,534.69000000,1630592219999,30822.44260000,107,152.27000000,8782.91290000,0
1630592220000,57.76000000,57.81000000,57.71000000,57.72000000,68.26000000,1630592279999,3942.32060000,20,47.93000000,2768.81380000,0
1630592280000,57.72000000,57.78000000,57.70000000,57.76000000,96.81000000,1630592339999,5588.93230000,14,64.79000000,3740.99300000,0
1630592340000,57.79000000,57.85000000,57.73000000,57.85000000,69.92000000,1630592399999,4039.20780000,14,15.30000000,884.24020000,0
1630592400000,57.74000000,57.92000000,57.74000000,57.92000000,25.04000000,1630592459999,1448.64070000,8,23.94000000,1385.12670000,0
1630592460000,57.84000000,57.84000000,57.78000000,57.78000000,53.48000000,1630592519999,3090.70200000,8,40.02000000,2312.35560000,0
1630592520000,57.74000000,57.80000000,57.74000000,57.77000000,64.29000000,1630592579999,3714.40540000,20,50.14000000,2896.95460000,0
1630592580000,57.79000000,57.88000000,57.78000000,57.86000000,95.54000000,1630592639999,5526.27870000,18,57.85000000,3345.91240000,0
1630592640000,57.82000000,57.87000000,57.76000000,57.82000000,80.26000000,1630592699999,4639.46270000,18,78.52000000,4538.90430000,0
1630592700000,57.81000000,57.84000000,57.74000000,57.79000000,61.96000000,1630592759999,3579.68960000,18,11.66000000,673.67210000,0
1630592760000,57.79000000,58.00000000,57.78000000,58.00000000,151.16000000,1630592819999,8751.05240000,38,99.38000000,5753.77980000,0
1630592820000,57.99000000,58.09000000,57.97000000,58.00000000,103.69000000,1630592879999,6017.21700000,27,11.71000000,679.64270000,0
1630592880000,58.01000000,58.19000000,58.01000000,58.19000000,65.41000000,1630592939999,3799.51290000,21,36.68000000,2130.90800000,0
1630592940000,58.16000000,58.35000000,58.16000000,58.31000000,122.92000000,1630592999999,7163.16980000,39,43.08000000,2510.97070000,0
1630593000000,58.30000000,58.40000000,58.28000000,58.28000000,268.26000000,1630593059999,15654.45090000,50,116.77000000,6814.49490000,0
1630593060000,58.28000000,58.28000000,58.14000000,58.18000000,110.56000000,1630593119999,6434.61110000,22,12.50000000,727.81820000,0
1630593120000,58.16000000,58.16000000,57.97000000,58.03000000,438.33000000,1630593179999,25443.81710000,53,104.53000000,6067.17850000,0
1630593180000,58.04000000,58.10000000,57.98000000,58.03000000,130.24000000,1630593239999,7562.11570000,27,83.07000000,4824.58340000,0
1630593240000,57.96000000,57.99000000,57.77000000,57.83000000,177.85000000,1630593299999,10302.96950000,30,85.85000000,4975.16670000,0
1630593300000,57.74000000,57.82000000,57.60000000,57.60000000,814.77000000,1630593359999,47010.12230000,74,248.18000000,14304.21050000,0
1630593360000,57.63000000,57.73000000,57.60000000,57.73000000,341.41000000,1630593419999,19681.48370000,21,239.24000000,13792.73640000,0
1630593420000,57.65000000,57.75000000,57.60000000,57.60000000,151.32000000,1630593479999,8726.01240000,32,48.82000000,2816.65960000,0
1630593480000,57.65000000,57.75000000,57.65000000,57.72000000,99.61000000,1630593539999,5747.90010000,14,83.92000000,4842.98570000,0
1630593540000,57.69000000,57.75000000,57.64000000,57.68000000,66.45000000,1630593599999,3834.58590000,12,30.85000000,1780.59770000,0
1630593600000,57.68000000,57.71000000,57.38000000,57.39000000,372.06000000,1630593659999,21417.37220000,62,144.77000000,8327.61290000,0
1630593660000,57.40000000,57.40000000,57.00000000,57.24000000,1000.83000000,1630593719999,57114.55610000,103,77.38000000,4424.48140000,0
1630593720000,57.23000000,57.37000000,57.20000000,57.25000000,94.59000000,1630593779999,5416.18570000,18,62.18000000,3560.32880000,0
1630593780000,57.26000000,57.26000000,57.16000000,57.17000000,73.70000000,1630593839999,4215.66100000,16,35.39000000,2024.05250000,0
1630593840000,57.18000000,57.28000000,57.08000000,57.09000000,89.66000000,1630593899999,5131.92490000,17,3.87000000,221.41990000,0
1630593900000,57.09000000,57.30000000,56.94000000,57.28000000,239.57000000,1630593959999,13678.26930000,54,46.12000000,2638.47940000,0
1630593960000,57.31000000,57.67000000,57.17000000,57.64000000,372.33000000,1630594019999,21390.73050000,68,298.58000000,17163.17600000,0
1630594020000,57.64000000,58.08000000,57.62000000,58.08000000,352.48000000,1630594079999,20365.45250000,76,280.80000000,16224.69900000,0
1630594080000,58.08000000,58.32000000,58.04000000,58.16000000,293.14000000,1630594139999,17060.51600000,89,238.96000000,13907.22790000,0
1630594140000,58.15000000,58.43000000,58.13000000,58.31000000,215.17000000,1630594199999,12542.46400000,48,133.69000000,7794.43690000,0
1630594200000,58.34000000,58.47000000,58.34000000,58.40000000,910.07000000,1630594259999,53111.36500000,46,791.36000000,46178.74050000,0
1630594260000,58.37000000,58.71000000,58.37000000,58.59000000,548.83900000,1630594319999,32141.60006900,107,502.70900000,29445.26316900,0
1630594320000,58.59000000,58.85000000,58.57000000,58.62000000,899.25000000,1630594379999,52799.88170000,169,412.21000000,24216.47080000,0
1630594380000,58.65000000,58.85000000,58.08000000,58.28000000,5860.00000000,1630594439999,341716.61320000,405,2264.60000000,132065.87580000,0
1630594440000,58.28000000,58.35000000,58.25000000,58.25000000,573.55000000,1630594499999,33440.82860000,67,389.15000000,22692.83690000,0
1630594500000,58.27000000,58.28000000,58.23000000,58.27000000,125.48000000,1630594559999,7309.65160000,28,19.29000000,1124.05400000,0
1630594560000,58.24000000,58.24000000,57.92000000,58.02000000,438.90000000,1630594619999,25472.91200000,94,201.00000000,11661.78600000,0
1630594620000,58.00000000,58.00000000,57.24000000,57.29000000,827.78000000,1630594679999,47927.61490000,141,38.86000000,2239.12140000,0
1630594680000,57.39000000,57.61000000,57.30000000,57.60000000,571.24000000,1630594739999,32852.73980000,57,514.73000000,29605.96250000,0
1630594740000,57.58000000,57.59000000,57.37000000,57.54000000,189.31000000,1630594799999,10879.95570000,53,26.39000000,1518.06700000,0
1630594800000,57.47000000,57.62000000,57.39000000,57.62000000,64.11000000,1630594859999,3686.67900000,14,19.43000000,1119.28470000,0
1630594860000,57.62000000,58.21000000,57.62000000,58.09000000,1222.16000000,1630594919999,70816.89920000,87,389.59000000,22539.73340000,0
1630594920000,58.09000000,58.27000000,58.00000000,58.25000000,69.36000000,1630594979999,4028.76940000,21,14.99000000,872.02800000,0
1630594980000,58.21000000,58.28000000,58.12000000,58.26000000,106.14000000,1630595039999,6175.80450000,29,23.44000000,1364.50660000,0
1630595040000,58.29000000,58.39000000,58.16000000,58.17000000,54.01000000,1630595099999,3147.95100000,28,20.37000000,1187.68680000,0
1630595100000,58.17000000,58.25000000,57.87000000,57.87000000,675.44000000,1630595159999,39267.15710000,101,587.50000000,34155.03040000,0
1630595160000,57.92000000,58.00000000,57.91000000,57.99000000,408.28000000,1630595219999,23650.60900000,36,368.37000000,21338.20880000,0
1630595220000,58.00000000,58.03000000,57.74000000,57.74000000,141.44000000,1630595279999,8190.07900000,44,77.44000000,4482.93930000,0
1630595280000,57.80000000,57.91000000,57.36000000,57.43000000,760.87000000,1630595339999,43767.44780000,103,368.76000000,21202.16550000,0
1630595340000,57.36000000,57.73000000,57.35000000,57.69000000,373.56000000,1630595399999,21510.67020000,50,234.62000000,13513.65960000,0
1630595400000,57.69000000,57.84000000,57.52000000,57.75000000,152.76000000,1630595459999,8803.26330000,27,18.90000000,1090.91820000,0
1630595460000,57.74000000,57.97000000,57.74000000,57.94000000,123.39000000,1630595519999,7140.13640000,21,45.21000000,2613.78480000,0
1630595520000,57.93000000,57.96000000,57.90000000,57.90000000,69.92000000,1630595579999,4050.18140000,12,4.48000000,259.61060000,0
1630595580000,57.90000000,57.90000000,57.78000000,57.84000000,28.21000000,1630595639999,1630.69070000,9,24.03000000,1388.88720000,0
1630595640000,57.81000000,57.81000000,57.70000000,57.81000000,165.35000000,1630595699999,9552.42600000,39,65.19000000,3767.18480000,0
1630595700000,57.79000000,58.19000000,57.78000000,58.14000000,497.20000000,1630595759999,28826.72400000,64,329.01000000,19052.46920000,0
1630595760000,58.16000000,59.12000000,58.15000000,58.74000000,2781.20700000,1630595819999,162822.47100700,507,2148.98700000,125677.49710700,0
1630595820000,58.64000000,58.95000000,58.64000000,58.85000000,595.07000000,1630595879999,35014.62830000,131,204.32000000,12022.65000000,0
1630595880000,58.80000000,59.07000000,58.80000000,58.99000000,789.00000000,1630595939999,46528.25430000,156,589.19000000,34753.71170000,0
1630595940000,58.95000000,59.15000000,58.90000000,59.00000000,1204.05000000,1630595999999,71060.71568000,150,673.76000000,39764.47948000,0
1630596000000,59.01000000,59.18700000,58.89000000,59.05000000,2353.45000000,1630596059999,138948.36890000,173,1154.53000000,68162.02030000,0
1630596060000,59.05000000,59.07000000,58.94000000,58.96000000,275.58000000,1630596119999,16260.81150000,61,118.41000000,6990.33830000,0
1630596120000,59.00000000,59.07000000,58.89000000,59.00000000,596.88000000,1630596179999,35212.65310000,91,320.74000000,18926.56600000,0
1630596180000,58.98000000,58.98000000,58.70000000,58.94000000,854.37000000,1630596239999,50259.03310000,135,487.47000000,28677.58950000,0
1630596240000,58.98000000,58.98000000,58.80000000,58.80000000,445.93000000,1630596299999,26247.09680000,70,311.20000000,18318.59960000,0
1630596300000,58.82000000,59.00000000,58.82000000,58.93000000,297.53000000,1630596359999,17537.33640000,22,183.11000000,10796.66150000,0
1630596360000,58.92000000,58.96000000,58.81000000,58.91000000,128.61000000,1630596419999,7570.73810000,31,29.13000000,1715.29800000,0
1630596420000,58.89000000,58.90000000,58.86000000,58.90000000,67.07000000,1630596479999,3948.99960000,17,11.80000000,694.94820000,0
1630596480000,58.86000000,58.91000000,58.84000000,58.86000000,201.71000000,1630596539999,11876.78620000,40,78.36000000,4615.40540000,0
1630596540000,58.88000000,58.90000000,58.81000000,58.83000000,236.21000000,1630596599999,13899.17950000,15,1.77000000,104.22760000,0
1630596600000,58.89000000,58.89000000,58.75000000,58.76000000,290.00000000,1630596659999,17057.33640000,41,82.77000000,4869.59750000,0
1630596660000,58.75000000,58.75000000,58.58000000,58.64000000,1223.80000000,1630596719999,71817.71400000,76,224.92000000,13194.49280000,0
1630596720000,58.66000000,58.81000000,58.59000000,58.74000000,116.02000000,1630596779999,6811.64800000,31,20.22000000,1187.48230000,0
1630596780000,58.74000000,58.85000000,58.74000000,58.82000000,129.94000000,1630596839999,7643.20750000,20,53.95000000,3173.44430000,0
1630596840000,58.81000000,59.38000000,58.70000000,59.33000000,1203.57400000,1630596899999,71137.82307700,224,743.84400000,43951.16957700,0
1630596900000,59.33000000,59.39000000,59.07000000,59.28000000,494.05000000,1630596959999,29281.03410000,89,133.93000000,7938.34010000,0
1630596960000,59.21000000,59.40000000,59.20000000,59.31000000,1023.43000000,1630597019999,60719.56450000,94,674.62000000,40030.20030000,0
1630597020000,59.34000000,59.63000000,59.31000000,59.59000000,718.29100000,1630597079999,42755.19450400,176,458.27400000,27278.41770400,0
1630597080000,59.57000000,59.65000000,59.50000000,59.65000000,450.61000000,1630597139999,26845.08925800,86,182.47000000,10874.91655800,0
1630597140000,59.65000000,59.70000000,59.58000000,59.69000000,930.92000000,1630597199999,55536.11175400,113,361.83000000,21591.11235400,0
1630597200000,59.62000000,59.70000000,59.34000000,59.34000000,1326.51000000,1630597259999,78933.68790000,249,500.51000000,29806.09870000,0
1630597260000,59.34000000,59.45000000,59.12000000,59.25000000,543.40000000,1630597319999,32257.15120000,91,315.90000000,18764.49240000,0
1630597320000,59.16000000,59.57000000,59.12000000,59.41000000,693.35000000,1630597379999,41145.17550000,86,216.64000000,12862.90960000,0
1630597380000,59.42000000,59.55000000,59.33000000,59.45000000,285.65000000,1630597439999,16969.15020000,56,157.15000000,9341.00650000,0
1630597440000,59.44000000,59.51000000,59.27000000,59.27000000,239.19000000,1630597499999,14201.65630000,46,97.74000000,5802.27060000,0
1630597500000,59.31000000,59.50000000,59.31000000,59.45000000,1364.19000000,1630597559999,81082.36540000,60,1339.25000000,79601.37860000,0
1630597560000,59.47000000,59.50000000,59.39000000,59.46000000,312.20000000,1630597619999,18565.17420000,32,236.25000000,14048.52870000,0
1630597620000,59.46000000,59.49000000,59.29000000,59.39000000,584.72000000,1630597679999,34743.38130000,79,174.20000000,10351.39220000,0
1630597680000,59.39000000,59.45000000,59.32000000,59.42000000,369.59000000,1630597739999,21955.26130000,43,211.60000000,12573.85930000,0
1630597740000,59.40000000,59.46000000,59.21000000,59.25000000,431.75000000,1630597799999,25644.20680000,55,283.94000000,16871.81630000,0
1630597800000,59.31000000,59.31000000,59.00000000,59.01000000,182.12000000,1630597859999,10752.85990000,47,14.94000000,882.97380000,0
1630597860000,59.01000000,59.01000000,58.73000000,58.81000000,1160.91000000,1630597919999,68353.22670000,81,190.95000000,11244.82370000,0
1630597920000,58.81000000,58.87000000,58.76000000,58.76000000,84.66000000,1630597979999,4982.15590000,24,25.22000000,1484.36830000,0
1630597980000,58.83000000,58.83000000,58.53000000,58.63000000,176.47000000,1630598039999,10355.24430000,43,31.19000000,1830.74700000,0
1630598040000,58.64000000,58.79000000,58.64000000,58.79000000,48.16000000,1630598099999,2828.61000000,11,3.91000000,229.73680000,0
1630598100000,58.79000000,58.79000000,58.58000000,58.61000000,195.66000000,1630598159999,11476.04440000,19,6.99000000,410.40010000,0
1630598160000,58.61000000,58.69000000,58.60000000,58.65000000,20.39000000,1630598219999,1195.82510000,13,11.60000000,680.60890000,0
1630598220000,58.64000000,58.64000000,58.52000000,58.52000000,69.11000000,1630598279999,4048.21670000,12,13.50000000,790.53220000,0
1630598280000,58.52000000,58.55000000,58.47000000,58.47000000,160.72000000,1630598339999,9403.46980000,22,34.75000000,2033.15330000,0
1630598340000,58.45000000,58.76000000,58.37000000,58.68000000,1735.25000000,1630598399999,101550.44750000,73,1630.54000000,95414.96180000,0
1630598400000,58.71000000,58.96000000,58.68000000,58.68000000,331.02000000,1630598459999,19483.60360000,64,200.85000000,11831.55160000,0
1630598460000,58.67000000,58.67000000,58.43000000,58.61000000,182.16000000,1630598519999,10666.20300000,40,21.64000000,1268.03620000,0
1630598520000,58.53000000,58.65000000,58.42000000,58.50000000,817.78000000,1630598579999,47866.65710000,45,33.78000000,1979.52460000,0
1630598580000,58.43000000,58.56000000,58.36000000,58.48000000,66.52000000,1630598639999,3885.38550000,15,2.65000000,154.98360000,0
1630598640000,58.53000000,58.67000000,58.53000000,58.65000000,77.46000000,1630598699999,4537.23840000,21,28.48000000,1669.33680000,0
1630598700000,58.70000000,58.84000000,58.66000000,58.81000000,304.87000000,1630598759999,17934.36360000,21,58.75000000,3454.27390000,0
1630598760000,58.86000000,59.10000000,58.83000000,59.05000000,326.09000000,1630598819999,19232.03240000,59,288.26000000,17004.15390000,0
1630598820000,59.09000000,59.36000000,59.09000000,59.36000000,340.92000000,1630598879999,20188.79800000,59,280.77000000,16624.86740000,0
1630598880000,59.33000000,59.46000000,59.15000000,59.46000000,481.56000000,1630598939999,28561.65480000,125,310.19000000,18402.13620000,0
1630598940000,59.46000000,60.07600000,59.39000000,59.75000000,5081.89900000,1630598999999,304299.12907500,901,3456.34900000,207069.83577500,0
1630599000000,59.87000000,60.31000000,59.81000000,60.17000000,3022.69000000,1630599059999,181706.98961400,421,1606.43300000,96573.68201400,0
1630599060000,60.22000000,60.45000000,59.91000000,60.00000000,4319.83000000,1630599119999,260030.92252700,499,1521.91000000,91683.66912700,0
1630599120000,60.07000000,60.55000000,60.01000000,60.15000000,2256.77000000,1630599179999,136000.45494000,353,1698.98000000,102472.40284000,0
1630599180000,60.15000000,60.39000000,60.10000000,60.22000000,706.48000000,1630599239999,42542.84150000,161,445.14000000,26809.87150000,0
1630599240000,60.26000000,60.42000000,60.18000000,60.38000000,1362.14000000,1630599299999,82164.68600000,218,859.80000000,51895.39640000,0
1630599300000,60.40000000,61.20000000,60.36000000,61.15000000,4627.06400000,1630599359999,281447.34572300,843,3185.39400000,193761.57992300,0
1630599360000,61.18000000,61.34000000,61.00000000,61.18000000,3841.29000000,1630599419999,234775.66592800,810,1974.95000000,120811.33912800,0
1630599420000,61.15000000,61.40000000,61.06000000,61.25000000,2332.79000000,1630599479999,142829.39290800,432,985.88000000,60397.30820800,0
1630599480000,61.21000000,61.29000000,61.17000000,61.23000000,1271.39000000,1630599539999,77852.45050000,246,491.14000000,30093.20610000,0
1630599540000,61.23000000,62.13000000,61.22000000,62.00000000,8131.57600000,1630599599999,502520.82591800,1370,3668.46500000,226675.88064800,0
1630599600000,62.01000000,62.40000000,61.62000000,61.62000000,6730.68100000,1630599659999,417536.81713500,1180,2808.92100000,174427.39653500,0
1630599660000,61.66000000,62.45000000,61.62000000,62.17000000,3685.56000000,1630599719999,228702.11741400,468,2631.52000000,163207.44471400,0
1630599720000,62.18000000,62.20000000,61.70000000,61.90000000,2476.70000000,1630599779999,153206.74240000,333,1562.44000000,96606.86130000,0
1630599780000,61.92000000,62.15000000,61.83000000,61.89000000,1958.82000000,1630599839999,121426.22060000,213,497.81000000,30873.89220000,0
1630599840000,61.91000000,62.28000000,61.82000000,62.00000000,3403.76000000,1630599899999,211222.86390000,384,1586.82000000,98528.38420000,0
1630599900000,62.05000000,62.05000000,61.66000000,61.82000000,3247.71000000,1630599959999,200998.43360000,348,655.11000000,40543.05740000,0
1630599960000,61.84000000,62.00000000,61.75000000,61.95000000,835.15000000,1630600019999,51694.80220000,155,467.66000000,28961.35330000,0
1630600020000,61.98000000,61.99000000,61.75000000,61.84000000,1746.85000000,1630600079999,108053.48430000,192,800.04000000,49498.88150000,0
1630600080000,61.84000000,62.50000000,61.79000000,62.23000000,3380.14000000,1630600139999,210150.94840000,334,1453.52000000,90326.80200000,0
1630600140000,62.24000000,62.28000000,62.07000000,62.15000000,2159.92000000,1630600199999,134311.25290000,308,767.87000000,47745.53440000,0
1630600200000,62.15000000,62.25000000,61.88000000,62.13000000,2011.29000000,1630600259999,124835.00840000,294,877.22000000,54460.37570000,0
1630600260000,62.12000000,62.15000000,61.90000000,62.01000000,1791.16000000,1630600319999,111118.09970000,222,378.71000000,23495.77640000,0
1630600320000,61.99000000,62.08000000,61.91000000,61.98000000,1416.06000000,1630600379999,87772.16570000,145,207.96000000,12890.48460000,0
1630600380000,61.98000000,62.40000000,61.86000000,62.29000000,3113.88000000,1630600439999,193518.31460000,308,2544.59000000,158188.76610000,0
1630600440000,62.29000000,62.96900000,61.84000000,62.15000000,5201.56700000,1630600499999,324333.97062500,1152,2406.73500000,150183.05560500,0
1630600500000,62.15000000,62.39000000,61.67000000,62.10000000,4185.93000000,1630600559999,259928.83850000,536,1891.27000000,117480.33190000,0
1630600560000,62.10000000,62.29000000,62.07000000,62.13000000,859.96000000,1630600619999,53464.12060000,155,367.32000000,22840.11800000,0
1630600620000,62.13000000,62.71000000,62.13000000,62.51000000,1939.77000000,1630600679999,121157.18350000,382,1173.35000000,73324.75280000,0
1630600680000,62.52000000,62.61000000,62.45000000,62.45000000,1126.29000000,1630600739999,70432.71050000,254,558.78000000,34952.23950000,0
1630600740000,62.45000000,62.45000000,62.20000000,62.35000000,2958.39000000,1630600799999,184482.64230000,381,728.37000000,45375.06260000,0
1630600800000,62.35000000,62.46000000,62.31000000,62.45000000,521.08000000,1630600859999,32510.96300000,137,340.92000000,21273.55280000,0
1630600860000,62.45000000,62.50000000,62.31000000,62.39000000,286.50000000,1630600919999,17878.48040000,84,125.32000000,7824.25540000,0
1630600920000,62.39000000,62.49000000,62.30000000,62.33000000,545.98000000,1630600979999,34058.56370000,105,291.81000000,18210.56740000,0
1630600980000,62.32000000,62.33000000,62.00000000,62.04000000,2080.62000000,1630601039999,129326.92980000,209,692.01000000,43028.58040000,0
1630601040000,62.07000000,62.10000000,61.75000000,62.04000000,1416.40000000,1630601099999,87723.79810000,184,838.50000000,51952.43130000,0
1630601100000,61.92000000,62.03000000,61.78000000,61.86000000,961.20000000,1630601159999,59524.24700000,104,502.84000000,31159.39220000,0
1630601160000,61.84000000,61.94000000,61.64000000,61.87000000,1352.95000000,1630601219999,83601.89020000,203,491.95000000,30412.68070000,0
1630601220000,61.81000000,61.94000000,61.74000000,61.74000000,380.01000000,1630601279999,23505.84420000,87,96.33000000,5962.45650000,0
1630601280000,61.83000000,61.87000000,61.60000000,61.60000000,521.29000000,1630601339999,32159.75860000,99,51.40000000,3172.58070000,0
1630601340000,61.59000000,61.64000000,61.13000000,61.27000000,2820.64000000,1630601399999,173020.54860000,425,1390.36000000,85342.04850000,0
1630601400000,61.24000000,61.31000000,61.12000000,61.29000000,1571.23000000,1630601459999,96196.55680000,207,782.84000000,47946.63700000,0
1630601460000,61.28000000,61.53000000,61.22000000,61.48000000,1460.35000000,1630601519999,89682.27130000,232,883.38000000,54258.62080000,0
1630601520000,61.42000000,61.48000000,61.25000000,61.32000000,1607.12000000,1630601579999,98665.35450000,218,621.85000000,38189.66780000,0
1630601580000,61.37000000,61.37000000,61.15000000,61.30000000,1283.94000000,1630601639999,78629.04320000,195,638.18000000,39079.98930000,0
1630601640000,61.26000000,61.33000000,61.11000000,61.20000000,1175.67000000,1630601699999,71962.83620000,171,496.80000000,30418.08000000,0
1630601700000,61.20000000,61.25000000,61.08000000,61.25000000,911.03000000,1630601759999,55722.48490000,165,410.69000000,25129.62520000,0
1630601760000,61.25000000,61.30000000,60.96000000,61.18000000,1681.02000000,1630601819999,102803.11890000,195,495.73000000,30346.69590000,0
1630601820000,61.11000000,61.19000000,60.85000000,60.91000000,1708.63000000,1630601879999,104368.17450000,265,590.88000000,36121.72260000,0
1630601880000,60.87000000,61.03000000,60.71000000,60.85000000,1874.63000000,1630601939999,114097.19850000,325,791.63000000,48212.47360000,0
1630601940000,60.88000000,61.13000000,60.83000000,61.13000000,959.12000000,1630601999999,58466.27040000,182,627.78000000,38267.17440000,0
1630602000000,61.13000000,61.13000000,60.88000000,60.90000000,359.70000000,1630602059999,21934.96250000,82,128.36000000,7827.38100000,0
1630602060000,60.91000000,60.95000000,60.62000000,60.70000000,1199.88000000,1630602119999,72958.10920000,202,294.10000000,17891.95220000,0
1630602120000,60.72000000,60.88000000,60.66000000,60.78000000,647.64000000,1630602179999,39363.62810000,107,327.82000000,19927.53090000,0
1630602180000,60.75000000,60.85000000,60.71000000,60.77000000,477.06000000,1630602239999,28992.85910000,100,310.40000000,18865.86220000,0
1630602240000,60.76000000,60.81000000,60.53000000,60.56000000,853.72000000,1630602299999,51793.86640000,176,350.96000000,21292.92950000,0
1630602300000,60.56000000,60.56000000,60.16000000,60.23000000,1339.80000000,1630602359999,80904.45410000,243,643.68000000,38897.24330000,0
1630602360000,60.28000000,60.45000000,60.16000000,60.36000000,831.11000000,1630602419999,50084.04290000,206,466.56000000,28124.76540000,0
1630602420000,60.36000000,60.66000000,60.36000000,60.59000000,686.01000000,1630602479999,41507.35870000,126,609.61000000,36887.47450000,0
1630602480000,60.56000000,60.67000000,60.50000000,60.51000000,136.21000000,1630602539999,8254.08560000,58,49.84000000,3021.42110000,0
1630602540000,60.51000000,60.60000000,60.36000000,60.59000000,578.87000000,1630602599999,34979.36130000,78,225.15000000,13614.72060000,0
1630602600000,60.59000000,60.65000000,60.39000000,60.41000000,685.65000000,1630602659999,41513.28610000,162,480.27000000,29090.23130000,0
1630602660000,60.45000000,60.48000000,60.34000000,60.45000000,454.98000000,1630602719999,27489.41430000,124,246.66000000,14910.30750000,0
1630602720000,60.41000000,60.49000000,60.36000000,60.38000000,151.73000000,1630602779999,9170.90210000,63,122.85000000,7426.75400000,0
1630602780000,60.38000000,60.51000000,60.25000000,60.37000000,408.32000000,1630602839999,24642.17440000,113,176.63000000,10667.45140000,0
1630602840000,60.37000000,60.39000000,60.16000000,60.28000000,381.36000000,1630602899999,22983.37470000,110,108.95000000,6574.55770000,0
1630602900000,60.29000000,60.56000000,60.28000000,60.52000000,404.95000000,1630602959999,24479.25780000,102,379.20000000,22922.35040000,0
1630602960000,60.49000000,60.55000000,60.32000000,60.51000000,390.70000000,1630603019999,23621.67140000,121,179.45000000,10846.82510000,0
1630603020000,60.51000000,60.90000000,60.50000000,60.80000000,726.84000000,1630603079999,44151.87690000,157,356.62000000,21661.29320000,0
1630603080000,60.83000000,60.89000000,60.68000000,60.72000000,151.83000000,1630603139999,9227.72630000,72,110.43000000,6711.28080000,0
1630603140000,60.70000000,60.77000000,60.54000000,60.64000000,495.23000000,1630603199999,30014.08660000,65,185.58000000,11252.45900000,0
1630603200000,60.64000000,60.70000000,60.58000000,60.68000000,247.98000000,1630603259999,15033.90920000,48,124.58000000,7554.63840000,0
1630603260000,60.69000000,60.69000000,60.54000000,60.60000000,137.29000000,1630603319999,8323.96990000,41,129.91000000,7876.95610000,0
1630603320000,60.56000000,60.56000000,60.43000000,60.50000000,427.11000000,1630603379999,25834.30020000,81,131.82000000,7974.48330000,0
1630603380000,60.50000000,60.55000000,60.43000000,60.47000000,315.41000000,1630603439999,19078.86800000,72,132.10000000,7995.82380000,0
1630603440000,60.44000000,60.44000000,60.24000000,60.36000000,1836.13000000,1630603499999,110890.22520000,163,265.15000000,15994.54030000,0
1630603500000,60.36000000,60.50000000,60.27000000,60.47000000,804.40000000,1630603559999,48558.09820000,86,641.49000000,38723.04470000,0
1630603560000,60.44000000,60.44000000,60.30000000,60.30000000,314.79000000,1630603619999,19004.22730000,72,98.41000000,5943.10470000,0
1630603620000,60.33000000,60.37000000,59.92000000,60.18000000,1730.31000000,1630603679999,104025.66040000,259,354.91000000,21324.76690000,0
1630603680000,60.13000000,60.28000000,60.05000000,60.28000000,465.79000000,1630603739999,28017.84970000,143,320.54000000,19285.99700000,0
1630603740000,60.29000000,60.36000000,60.17000000,60.23000000,193.60000000,1630603799999,11665.04420000,59,147.97000000,8916.15530000,0
1630603800000,60.22000000,60.49000000,60.17000000,60.45000000,357.77000000,1630603859999,21595.59330000,97,196.05000000,11832.54040000,0
1630603860000,60.44000000,60.60000000,60.34000000,60.41000000,781.73000000,1630603919999,47291.10160000,139,637.32000000,38562.45460000,0
1630603920000,60.40000000,60.50000000,60.35000000,60.47000000,138.16000000,1630603979999,8351.87080000,62,114.22000000,6905.55390000,0
1630603980000,60.45000000,60.75000000,60.43000000,60.68000000,749.18000000,1630604039999,45387.32850000,137,729.16000000,44177.22660000,0
1630604040000,60.72000000,60.84000000,60.13000000,60.23000000,392.43000000,1630604099999,23728.29340000,145,208.44000000,12612.45720000,0
1630604100000,60.24000000,60.31000000,60.12000000,60.17000000,218.72000000,1630604159999,13160.28040000,49,108.43000000,6527.25270000,0
1630604160000,60.14000000,60.16000000,59.96000000,60.05000000,378.81000000,1630604219999,22758.73460000,76,111.84000000,6718.69530000,0
1630604220000,60.05000000,60.12000000,59.97000000,60.12000000,327.73000000,1630604279999,19678.36730000,79,221.23000000,13287.31520000,0
1630604280000,60.04000000,60.08000000,59.99000000,60.01000000,278.70000000,1630604339999,16726.10680000,45,145.73000000,8746.08670000,0
1630604340000,59.99000000,60.20000000,59.90000000,60.05000000,420.45000000,1630604399999,25240.79550000,74,253.10000000,15208.25300000,0
1630604400000,60.08000000,60.25000000,59.98000000,60.18000000,454.67000000,1630604459999,27330.08760000,80,330.91000000,19897.05460000,0
1630604460000,60.13000000,60.25000000,60.06000000,60.14000000,384.80000000,1630604519999,23151.36940000,57,318.74000000,19179.79660000,0
1630604520000,60.09000000,60.10000000,60.00000000,60.00000000,55.36000000,1630604579999,3324.72440000,10,42.12000000,2530.29040000,0
1630604580000,60.00000000,60.05000000,59.72000000,59.76000000,323.02000000,1630604639999,19338.08630000,84,35.65000000,2136.19610000,0
1630604640000,59.78000000,59.88000000,59.72000000,59.88000000,112.93000000,1630604699999,6752.16580000,31,54.24000000,3245.31780000,0
1630604700000,59.82000000,60.01000000,59.79000000,60.01000000,591.83000000,1630604759999,35461.61480000,109,526.72000000,31557.00800000,0
1630604760000,59.93000000,59.96000000,59.54000000,59.56000000,551.65000000,1630604819999,32960.82500000,99,225.99000000,13507.52040000,0
1630604820000,59.57000000,59.76000000,59.44000000,59.64000000,801.64000000,1630604879999,47737.54210000,164,513.28000000,30571.62640000,0
1630604880000,59.58000000,59.69000000,59.55000000,59.67000000,407.75000000,1630604939999,24312.53790000,58,304.97000000,18186.39840000,0
1630604940000,59.56000000,59.66000000,59.56000000,59.59000000,137.92000000,1630604999999,8223.97180000,41,111.89000000,6672.64100000,0
1630605000000,59.56000000,59.69000000,59.55000000,59.69000000,246.76000000,1630605059999,14713.90230000,76,173.49000000,10347.01210000,0
1630605060000,59.68000000,59.72000000,59.60000000,59.61000000,218.68000000,1630605119999,13045.22790000,91,112.40000000,6706.45440000,0
1630605120000,59.63000000,59.89000000,59.63000000,59.89000000,785.19000000,1630605179999,46952.48930000,93,694.31000000,41523.24290000,0
1630605180000,59.86000000,60.00000000,59.76000000,59.98000000,416.65000000,1630605239999,24959.27840000,128,272.69000000,16338.07350000,0
1630605240000,60.00000000,60.05000000,59.90000000,59.91000000,240.23000000,1630605299999,14407.87850000,58,179.16000000,10746.64380000,0
1630605300000,59.91000000,59.97000000,59.90000000,59.93000000,126.58000000,1630605359999,7584.39970000,23,115.99000000,6949.98040000,0
1630605360000,59.92000000,59.95000000,59.90000000,59.90000000,160.58000000,1630605419999,9622.54760000,29,118.57000000,7105.56880000,0
1630605420000,59.93000000,59.96000000,59.82000000,59.83000000,172.93000000,1630605479999,10356.44050000,35,101.96000000,6108.26550000,0
1630605480000,59.84000000,59.91000000,59.66000000,59.66000000,219.58000000,1630605539999,13122.17970000,48,149.45000000,8933.33320000,0
1630605540000,59.60000000,59.63000000,59.54000000,59.63000000,98.48000000,1630605599999,5866.14830000,26,76.86000000,4578.77790000,0
1630605600000,59.62000000,59.87000000,59.62000000,59.84000000,172.62000000,1630605659999,10317.46250000,46,124.04000000,7411.87200000,0
1630605660000,59.83000000,59.89000000,59.69000000,59.76000000,150.44000000,1630605719999,8996.89660000,35,117.34000000,7017.55880000,0
1630605720000,59.77000000,59.83000000,59.73000000,59.75000000,39.55000000,1630605779999,2363.76470000,21,22.59000000,1350.26420000,0
1630605780000,59.75000000,59.86000000,59.71000000,59.83000000,159.82000000,1630605839999,9550.51990000,60,119.47000000,7140.13890000,0
1630605840000,59.79000000,59.81000000,59.74000000,59.79000000,87.84000000,1630605899999,5250.11260000,32,57.24000000,3422.06860000,0
1630605900000,59.80000000,59.80000000,59.77000000,59.78000000,130.76000000,1630605959999,7818.77230000,28,98.77000000,5905.77030000,0
1630605960000,59.79000000,59.85000000,59.76000000,59.81000000,109.82000000,1630606019999,6566.25530000,22,54.49000000,3258.99220000,0
1630606020000,59.83000000,59.88000000,59.70000000,59.71000000,295.20000000,1630606079999,17640.75330000,36,41.50000000,2482.58700000,0
1630606080000,59.75000000,59.75000000,59.66000000,59.66000000,54.37000000,1630606139999,3246.64080000,22,42.49000000,2537.30120000,0
1630606140000,59.64000000,59.70000000,59.55000000,59.55000000,260.86000000,1630606199999,15545.53150000,29,81.86000000,4881.52530000,0
1630606200000,59.56000000,59.66000000,59.30000000,59.31000000,706.48000000,1630606259999,42024.87400000,150,248.54000000,14805.84210000,0
1630606260000,59.30000000,59.36000000,59.14000000,59.23000000,693.75000000,1630606319999,41110.15370000,166,166.75000000,9880.14360000,0
1630606320000,59.24000000,59.28000000,59.09000000,59.18000000,329.95000000,1630606379999,19522.49730000,60,264.72000000,15664.27450000,0
1630606380000,59.18000000,59.19000000,58.86000000,59.10000000,1962.26000000,1630606439999,115865.26010000,203,252.14000000,14897.68890000,0
1630606440000,59.08000000,59.25000000,59.08000000,59.21000000,53.89000000,1630606499999,3188.78050000,18,51.57000000,3051.67410000,0
1630606500000,59.05000000,59.21000000,59.05000000,59.12000000,78.38000000,1630606559999,4634.10840000,19,69.61000000,4116.03770000,0
1630606560000,59.12000000,59.15000000,59.00000000,59.02000000,261.24000000,1630606619999,15430.45070000,85,59.48000000,3512.15240000,0
1630606620000,59.00000000,59.00000000,58.85000000,58.85000000,915.59000000,1630606679999,53992.43450000,55,308.06000000,18156.16650000,0
1630606680000,58.85000000,58.92000000,58.78000000,58.86000000,490.72000000,1630606739999,28866.35510000,49,149.29000000,8784.63110000,0
1630606740000,58.85000000,58.90000000,58.85000000,58.85000000,81.11000000,1630606799999,4775.25070000,16,63.05000000,3712.25090000,0
1630606800000,58.85000000,58.94000000,58.80000000,58.86000000,247.52000000,1630606859999,14568.27150000,39,127.16000000,7487.40920000,0
1630606860000,58.87000000,58.88000000,58.79000000,58.79000000,110.31000000,1630606919999,6486.34130000,15,5.72000000,336.67280000,0
1630606920000,58.79000000,58.82000000,58.65000000,58.79000000,259.92000000,1630606979999,15269.77450000,56,171.23000000,10059.81510000,0
1630606980000,58.75000000,58.75000000,58.62000000,58.69000000,276.23000000,1630607039999,16209.35460000,47,207.17000000,12157.91480000,0
1630607040000,58.62000000,58.69000000,58.57000000,58.61000000,217.18000000,1630607099999,12739.80000000,36,180.61000000,10596.43810000,0
1630607100000,58.60000000,58.67000000,58.49000000,58.58000000,487.11000000,1630607159999,28524.40990000,74,187.16000000,10966.19790000,0
1630607160000,58.54000000,58.55000000,58.29000000,58.29000000,1583.08000000,1630607219999,92385.88750000,161,798.44000000,46589.21630000,0
1630607220000,58.25000000,58.32000000,58.23000000,58.32000000,547.43000000,1630607279999,31891.03050000,40,76.24000000,4444.30700000,0
1630607280000,58.27000000,58.32000000,58.15000000,58.16000000,165.47000000,1630607339999,9634.75830000,37,117.21000000,6825.03710000,0
1630607340000,58.19000000,58.32000000,58.19000000,58.32000000,96.29000000,1630607399999,5608.62490000,27,50.97000000,2969.48310000,0
1630607400000,58.26000000,58.50000000,58.26000000,58.50000000,122.94000000,1630607459999,7176.72890000,53,107.50000000,6276.72660000,0
1630607460000,58.49000000,58.72000000,58.49000000,58.63000000,493.48000000,1630607519999,28929.92360000,72,423.25000000,24815.23600000,0
1630607520000,58.61000000,58.67000000,58.55000000,58.60000000,47.95000000,1630607579999,2810.04740000,26,41.40000000,2426.42190000,0
1630607580000,58.55000000,58.73000000,58.55000000,58.70000000,68.51000000,1630607639999,4016.46820000,23,38.50000000,2257.92130000,0
1630607640000,58.72000000,58.85000000,58.66000000,58.85000000,68.05000000,1630607699999,3998.80380000,29,57.68000000,3389.82980000,0
1630607700000,58.88000000,58.88000000,58.65000000,58.75000000,51.18000000,1630607759999,3004.25150000,19,35.15000000,2063.16800000,0
1630607760000,58.70000000,58.70000000,58.58000000,58.59000000,83.79000000,1630607819999,4915.60000000,19,28.94000000,1696.07240000,0
1630607820000,58.57000000,58.69000000,58.57000000,58.59000000,69.03000000,1630607879999,4046.55360000,16,68.14000000,3994.40150000,0
1630607880000,58.59000000,58.59000000,58.50000000,58.50000000,87.41000000,1630607939999,5117.42260000,30,48.40000000,2834.10920000,0
1630607940000,58.57000000,58.58000000,58.44000000,58.50000000,159.49000000,1630607999999,9325.80700000,36,42.33000000,2476.30310000,0
1630608000000,58.50000000,58.65000000,58.50000000,58.65000000,80.84000000,1630608059999,4737.47430000,32,75.88000000,4446.81830000,0
1630608060000,58.61000000,58.61000000,58.61000000,58.61000000,33.55000000,1630608119999,1966.36550000,9,0.00000000,0.00000000,0
1630608120000,58.61000000,58.74000000,58.59000000,58.68000000,70.96000000,1630608179999,4163.52760000,29,56.98000000,3343.32060000,0
1630608180000,58.72000000,58.83000000,58.67000000,58.78000000,96.33000000,1630608239999,5659.66100000,25,34.85000000,2046.48500000,0
1630608240000,58.74000000,58.76000000,58.67000000,58.70000000,49.71000000,1630608299999,2918.68100000,21,36.78000000,2159.39330000,0
1630608300000,58.69000000,58.85000000,58.69000000,58.84000000,151.81000000,1630608359999,8928.44500000,21,151.48000000,8909.07400000,0
1630608360000,58.82000000,58.86000000,58.76000000,58.81000000,34.15000000,1630608419999,2007.72370000,11,26.19000000,1539.93650000,0
1630608420000,58.86000000,59.00000000,58.86000000,58.96000000,176.40000000,1630608479999,10398.13790000,32,172.52000000,10169.37310000,0
1630608480000,58.97000000,59.00000000,58.85000000,58.85000000,47.42000000,1630608539999,2793.69600000,16,45.71000000,2693.04710000,0
1630608540000,58.91000000,58.92000000,58.84000000,58.89000000,15.25000000,1630608599999,898.23640000,8,13.15000000,774.66240000,0
1630608600000,58.87000000,58.95000000,58.81000000,58.92000000,56.16000000,1630608659999,3307.00300000,13,40.50000000,2385.75840000,0
1630608660000,58.92000000,58.92000000,58.79000000,58.82000000,386.04000000,1630608719999,22707.86930000,30,126.74000000,7452.44640000,0
1630608720000,58.86000000,58.97000000,58.86000000,58.94000000,188.47000000,1630608779999,11107.85680000,24,187.79000000,11067.83200000,0
1630608780000,58.94000000,58.94000000,58.89000000,58.89000000,128.07000000,1630608839999,7548.27490000,31,24.39000000,1437.46170000,0
1630608840000,58.87000000,58.94000000,58.87000000,58.94000000,16.02000000,1630608899999,943.51270000,12,8.21000000,483.62140000,0
1630608900000,58.94000000,58.99000000,58.85000000,58.92000000,34.63000000,1630608959999,2040.68550000,13,33.04000000,1947.07050000,0
1630608960000,58.87000000,58.91000000,58.79000000,58.83000000,165.40000000,1630609019999,9735.55600000,21,27.82000000,1638.46980000,0
1630609020000,58.88000000,58.93000000,58.80000000,58.88000000,163.18000000,1630609079999,9610.09330000,17,149.70000000,8816.34950000,0
1630609080000,58.83000000,58.85000000,58.82000000,58.85000000,39.31000000,1630609139999,2312.45710000,6,15.29000000,899.44780000,0
1630609140000,58.84000000,58.87000000,58.80000000,58.82000000,45.13000000,1630609199999,2655.51770000,13,37.52000000,2207.92930000,0
1630609200000,58.87000000,58.87000000,58.73000000,58.79000000,122.06000000,1630609259999,7178.16830000,20,9.34000000,549.15700000,0
1630609260000,58.72000000,58.78000000,58.72000000,58.78000000,5.81000000,1630609319999,341.38480000,4,3.81000000,223.94480000,0
1630609320000,58.72000000,58.72000000,58.64000000,58.66000000,326.38000000,1630609379999,19153.72860000,23,26.36000000,1547.48230000,0
1630609380000,58.71000000,58.72000000,58.55000000,58.68000000,151.48000000,1630609439999,8883.04430000,20,104.24000000,6113.37090000,0
1630609440000,58.69000000,58.72000000,58.51000000,58.57000000,15.13000000,1630609499999,886.69780000,8,8.74000000,512.51610000,0
1630609500000,58.57000000,58.71000000,58.57000000,58.71000000,39.46000000,1630609559999,2314.10810000,8,39.46000000,2314.10810000,0
1630609560000,58.69000000,58.69000000,58.61000000,58.65000000,38.81000000,1630609619999,2276.40170000,9,16.18000000,949.57500000,0
1630609620000,58.61000000,58.65000000,58.59000000,58.64000000,67.01000000,1630609679999,3926.88960000,10,52.06000000,3050.67010000,0
1630609680000,58.64000000,58.69000000,58.61000000,58.63000000,94.24000000,1630609739999,5527.09200000,19,78.77000000,4620.16620000,0
1630609740000,58.68000000,58.68000000,58.64000000,58.68000000,13.73000000,1630609799999,805.65480000,6,13.19000000,773.98920000,0
1630609800000,58.65000000,58.65000000,58.52000000,58.59000000,39.19000000,1630609859999,2294.43370000,9,8.05000000,471.67010000,0
1630609860000,58.59000000,58.59000000,58.55000000,58.56000000,62.78000000,1630609919999,3678.01510000,7,48.14000000,2820.48710000,0
1630609920000,58.55000000,58.55000000,58.50000000,58.50000000,70.55000000,1630609979999,4130.50010000,16,3.97000000,232.36410000,0
1630609980000,58.51000000,58.58000000,58.49000000,58.58000000,113.15000000,1630610039999,6622.23160000,24,54.69000000,3201.83550000,0
1630610040000,58.54000000,58.70000000,58.54000000,58.70000000,45.02000000,1630610099999,2639.95520000,14,29.47000000,1728.37900000,0
1630610100000,58.66000000,58.66000000,58.61000000,58.63000000,26.19000000,1630610159999,1536.00850000,6,18.95000000,1111.60010000,0
1630610160000,58.55000000,58.55000000,58.50000000,58.50000000,19.35000000,1630610219999,1132.28670000,9,2.26000000,132.32300000,0
1630610220000,58.49000000,58.51000000,58.42000000,58.48000000,97.13000000,1630610279999,5678.48910000,14,39.82000000,2329.75150000,0
1630610280000,58.44000000,58.50000000,58.43000000,58.50000000,87.15000000,1630610339999,5093.81300000,24,50.72000000,2964.84380000,0
1630610340000,58.50000000,58.55000000,58.50000000,58.53000000,19.95000000,1630610399999,1167.87670000,5,19.95000000,1167.87670000,0
1630610400000,58.52000000,58.53000000,58.24000000,58.26000000,118.99000000,1630610459999,6940.46010000,37,24.40000000,1426.03700000,0
1630610460000,58.28000000,58.33000000,58.26000000,58.33000000,135.25000000,1630610519999,7884.28570000,15,131.25000000,7651.16910000,0
1630610520000,58.33000000,58.36000000,58.30000000,58.30000000,41.05000000,1630610579999,2393.60790000,8,5.78000000,337.17320000,0
1630610580000,58.26000000,58.26000000,58.00000000,58.21000000,2582.47000000,1630610639999,150069.85480000,182,930.46000000,54095.03100000,0
1630610640000,58.17000000,58.26000000,58.17000000,58.22000000,117.13000000,1630610699999,6820.57200000,33,104.82000000,6104.19920000,0
1630610700000,58.22000000,58.37000000,58.22000000,58.31000000,437.53000000,1630610759999,25500.02110000,43,403.45000000,23515.17790000,0
1630610760000,58.30000000,58.34000000,58.30000000,58.32000000,15.14000000,1630610819999,882.92570000,5,12.14000000,707.96570000,0
1630610820000,58.32000000,58.37000000,58.22000000,58.22000000,114.26000000,1630610879999,6657.40800000,15,49.46000000,2882.01460000,0
1630610880000,58.20000000,58.32000000,58.20000000,58.27000000,79.32000000,1630610939999,4621.11110000,11,78.77000000,4589.10110000,0
1630610940000,58.20000000,58.30000000,58.20000000,58.23000000,232.11000000,1630610999999,13516.65190000,27,100.84000000,5873.70460000,0
1630611000000,58.23000000,58.25000000,58.20000000,58.25000000,102.03000000,1630611059999,5942.71940000,20,65.29000000,3802.69410000,0
1630611060000,58.23000000,58.25000000,58.14000000,58.17000000,102.14000000,1630611119999,5943.68920000,24,55.99000000,3258.48100000,0
1630611120000,58.21000000,58.21000000,58.16000000,58.19000000,43.63000000,1630611179999,2538.64870000,18,34.19000000,1989.58530000,0
1630611180000,58.18000000,58.27000000,58.17000000,58.27000000,103.41000000,1630611239999,6021.24950000,26,99.84000000,5813.58260000,0
1630611240000,58.26000000,58.29000000,58.20000000,58.28000000,139.13000000,1630611299999,8104.09750000,17,64.16000000,3736.34530000,0
1630611300000,58.21000000,58.24000000,58.18000000,58.24000000,54.14000000,1630611359999,3151.85640000,10,42.84000000,2494.32580000,0
1630611360000,58.23000000,58.25000000,58.22000000,58.25000000,393.12000000,1630611419999,22898.28680000,15,118.27000000,6888.92150000,0
1630611420000,58.25000000,58.25000000,58.06000000,58.09000000,98.62000000,1630611479999,5732.52030000,32,37.46000000,2175.94780000,0
1630611480000,58.07000000,58.15000000,58.05000000,58.05000000,115.14000000,1630611539999,6686.44240000,28,14.09000000,818.90420000,0
1630611540000,58.16000000,58.18000000,58.16000000,58.18000000,12.21000000,1630611599999,710.26750000,5,12.01000000,698.63550000,0
1630611600000,58.18000000,58.28000000,58.18000000,58.20000000,21.44000000,1630611659999,1248.20250000,10,15.01000000,873.95760000,0
1630611660000,58.21000000,58.22000000,58.17000000,58.20000000,59.41000000,1630611719999,3457.47650000,15,22.01000000,1281.11060000,0
1630611720000,58.20000000,58.30000000,58.20000000,58.30000000,192.99000000,1630611779999,11249.01100000,14,102.25000000,5958.86900000,0
1630611780000,58.29000000,58.32000000,58.29000000,58.32000000,38.61000000,1630611839999,2251.33080000,11,35.50000000,2070.03270000,0
1630611840000,58.32000000,58.33000000,58.16000000,58.27000000,165.10000000,1630611899999,9611.61350000,25,125.07000000,7282.16950000,0
1630611900000,58.24000000,58.29000000,58.24000000,58.28000000,5.10000000,1630611959999,297.20820000,3,4.35000000,253.52820000,0
1630611960000,58.24000000,58.30000000,58.22000000,58.26000000,26.55000000,1630612019999,1547.06830000,16,2.40000000,139.85580000,0
1630612020000,58.29000000,58.29000000,58.22000000,58.22000000,16.28000000,1630612079999,948.49430000,5,9.61000000,560.16690000,0
1630612080000,58.25000000,58.30000000,58.25000000,58.30000000,17.83000000,1630612139999,1038.61730000,6,0.72000000,41.95980000,0
1630612140000,58.26000000,58.26000000,58.22000000,58.22000000,38.00000000,1630612199999,2213.29720000,7,23.03000000,1341.37460000,0
1630612200000,58.24000000,58.29000000,58.24000000,58.29000000,29.80000000,1630612259999,1735.80750000,9,29.80000000,1735.80750000,0
1630612260000,58.29000000,58.29000000,58.15000000,58.17000000,340.82000000,1630612319999,19829.41220000,16,26.75000000,1558.43260000,0
1630612320000,58.14000000,58.20000000,58.00000000,58.13000000,385.36000000,1630612379999,22363.63100000,44,91.65000000,5317.04760000,0
1630612380000,58.14000000,58.14000000,58.14000000,58.14000000,8.43000000,1630612439999,490.12020000,1,8.43000000,490.12020000,0
1630612440000,58.13000000,58.14000000,58.08000000,58.13000000,43.31000000,1630612499999,2517.63270000,8,41.49000000,2411.92710000,0
1630612500000,58.07000000,58.10000000,58.01000000,58.05000000,18.03000000,1630612559999,1046.53940000,14,2.27000000,131.86100000,0
1630612560000,58.07000000,58.13000000,58.07000000,58.07000000,114.37000000,1630612619999,6641.51690000,7,79.93000000,4641.58610000,0
1630612620000,58.07000000,58.08000000,58.07000000,58.08000000,9.26000000,1630612679999,537.80780000,2,0.00000000,0.00000000,0
1630612680000,58.09000000,58.09000000,58.08000000,58.08000000,18.55000000,1630612739999,1077.47640000,3,10.07000000,584.87320000,0
1630612740000,58.07000000,58.07000000,57.97000000,58.00000000,159.13000000,1630612799999,9231.04170000,47,18.91000000,1096.49800000,0
1630612800000,58.11000000,58.12000000,58.07000000,58.12000000,56.95000000,1630612859999,3309.02960000,15,44.43000000,2581.99320000,0
1630612860000,58.12000000,58.21000000,58.12000000,58.14000000,198.08000000,1630612919999,11516.23810000,29,104.33000000,6064.69290000,0
1630612920000,58.08000000,58.09000000,58.00000000,58.03000000,98.56000000,1630612979999,5723.96170000,15,28.38000000,1648.25040000,0
1630612980000,58.00000000,58.07000000,58.00000000,58.07000000,66.73000000,1630613039999,3870.70310000,8,4.01000000,232.86070000,0
1630613040000,58.07000000,58.13000000,58.07000000,58.09000000,132.28000000,1630613099999,7683.80070000,12,92.93000000,5398.42320000,0
1630613100000,58.13000000,58.14000000,58.07000000,58.07000000,81.41000000,1630613159999,4728.16460000,5,10.40000000,604.56990000,0
1630613160000,58.04000000,58.12000000,58.04000000,58.12000000,25.66000000,1630613219999,1490.74130000,8,23.90000000,1388.59090000,0
1630613220000,58.10000000,58.19000000,58.10000000,58.15000000,127.64000000,1630613279999,7422.51780000,9,112.46000000,6540.21760000,0
1630613280000,58.22000000,58.57000000,58.18000000,58.55000000,621.14000000,1630613339999,36274.92400000,127,491.73000000,28707.95220000,0
1630613340000,58.55000000,58.57000000,58.48000000,58.54000000,119.41000000,1630613399999,6990.08330000,21,77.78000000,4553.68260000,0
1630613400000,58.57000000,58.62000000,58.57000000,58.62000000,127.00000000,1630613459999,7442.96050000,14,19.75000000,1157.23990000,0
1630613460000,58.63000000,58.69000000,58.60000000,58.60000000,55.12000000,1630613519999,3232.48530000,12,47.31000000,2774.76040000,0
1630613520000,58.60000000,58.76000000,58.60000000,58.76000000,193.78000000,1630613579999,11375.52560000,28,158.28000000,9290.02960000,0
1630613580000,58.75000000,58.75000000,58.67000000,58.67000000,148.07000000,1630613639999,8694.22670000,17,140.57000000,8254.06640000,0
1630613640000,58.65000000,58.73000000,58.65000000,58.73000000,91.44000000,1630613699999,5366.96440000,6,83.84000000,4921.22440000,0
1630613700000,58.67000000,58.67000000,58.43000000,58.46000000,547.11000000,1630613759999,32020.64010000,92,70.21000000,4105.10350000,0
1630613760000,58.44000000,58.44000000,58.34000000,58.37000000,92.33000000,1630613819999,5388.62220000,21,67.33000000,3929.86400000,0
1630613820000,58.35000000,58.35000000,58.31000000,58.31000000,5.96000000,1630613879999,347.69880000,4,0.00000000,0.00000000,0
1630613880000,58.35000000,58.40000000,58.27000000,58.31000000,107.25000000,1630613939999,6252.45910000,16,34.96000000,2039.23710000,0
1630613940000,58.30000000,58.34000000,58.22000000,58.34000000,162.33000000,1630613999999,9457.12280000,17,60.75000000,3540.73000000,0
1630614000000,58.33000000,58.33000000,58.21000000,58.21000000,155.51000000,1630614059999,9063.38430000,15,16.77000000,977.61660000,0
1630614060000,58.25000000,58.29000000,58.21000000,58.29000000,61.32000000,1630614119999,3571.10900000,7,45.17000000,2631.01750000,0
1630614120000,58.30000000,58.33000000,58.29000000,58.33000000,110.11000000,1630614179999,6419.73120000,9,105.38000000,6143.97220000,0
1630614180000,58.40000000,58.42000000,58.39000000,58.39000000,12.16000000,1630614239999,710.13530000,4,11.98000000,699.61970000,0
1630614240000,58.40000000,58.41000000,58.40000000,58.41000000,32.50000000,1630614299999,1898.01900000,2,32.50000000,1898.01900000,0
1630614300000,58.41000000,58.41000000,58.39000000,58.39000000,2.76000000,1630614359999,161.18730000,3,2.12000000,123.80490000,0
1630614360000,58.36000000,58.43000000,58.36000000,58.43000000,51.48000000,1630614419999,3005.93480000,10,50.47000000,2946.94500000,0
1630614420000,58.32000000,58.33000000,58.32000000,58.32000000,127.50000000,1630614479999,7435.88800000,8,90.70000000,5289.62400000,0
1630614480000,58.42000000,58.50000000,58.42000000,58.50000000,111.00000000,1630614539999,6487.41040000,7,111.00000000,6487.41040000,0
1630614540000,58.47000000,58.48000000,58.37000000,58.43000000,50.76000000,1630614599999,2965.20040000,14,45.69000000,2669.25030000,0
1630614600000,58.42000000,58.42000000,58.27000000,58.27000000,14.89000000,1630614659999,868.33410000,8,2.25000000,131.29470000,0
1630614660000,58.27000000,58.36000000,58.27000000,58.36000000,46.83000000,1630614719999,2729.42550000,6,46.83000000,2729.42550000,0
1630614720000,58.38000000,58.40000000,58.38000000,58.40000000,96.65000000,1630614779999,5642.44420000,6,58.93000000,3440.35060000,0
1630614780000,58.40000000,58.40000000,58.27000000,58.30000000,124.30000000,1630614839999,7249.49430000,19,23.37000000,1363.36520000,0
1630614840000,58.30000000,58.36000000,58.29000000,58.33000000,29.50000000,1630614899999,1720.25020000,10,20.98000000,1223.61940000,0
1630614900000,58.29000000,58.30000000,58.15000000,58.15000000,33.24000000,1630614959999,1936.08700000,11,19.75000000,1151.04160000,0
1630614960000,58.20000000,58.21000000,58.20000000,58.21000000,21.07000000,1630615019999,1226.28390000,3,20.08000000,1168.65600000,0
1630615020000,58.23000000,58.25000000,58.19000000,58.22000000,8.55000000,1630615079999,497.73050000,5,0.25000000,14.56250000,0
1630615080000,58.22000000,58.27000000,58.22000000,58.22000000,120.45000000,1630615139999,7012.61600000,9,0.34000000,19.81180000,0
1630615140000,58.23000000,58.28000000,58.22000000,58.22000000,148.74000000,1630615199999,8660.35640000,13,3.43000000,199.90040000,0
1630615200000,58.23000000,58.24000000,58.22000000,58.24000000,336.56000000,1630615259999,19594.65460000,15,0.31000000,18.05440000,0
1630615260000,58.22000000,58.22000000,58.19000000,58.19000000,13.54000000,1630615319999,787.92560000,2,13.54000000,787.92560000,0
1630615320000,58.19000000,58.19000000,58.16000000,58.16000000,2.35000000,1630615379999,136.68200000,3,0.20000000,11.63800000,0
1630615380000,58.15000000,58.17000000,58.13000000,58.17000000,45.51000000,1630615439999,2646.61630000,8,13.30000000,773.63700000,0
1630615440000,58.17000000,58.17000000,58.17000000,58.17000000,3.70000000,1630615499999,215.22900000,5,3.70000000,215.22900000,0
1630615500000,58.17000000,58.19000000,58.08000000,58.08000000,33.25000000,1630615559999,1932.34190000,9,6.30000000,366.53200000,0
1630615560000,58.14000000,58.14000000,58.14000000,58.14000000,0.62000000,1630615619999,36.04680000,2,0.62000000,36.04680000,0
1630615620000,58.08000000,58.14000000,58.06000000,58.10000000,45.17000000,1630615679999,2623.47590000,12,7.46000000,433.48380000,0
1630615680000,58.10000000,58.16000000,58.02000000,58.02000000,471.59000000,1630615739999,27374.32440000,33,270.18000000,15687.36660000,0
1630615740000,58.02000000,58.08000000,58.00000000,58.00000000,111.23000000,1630615799999,6453.16190000,19,5.00000000,290.40000000,0
1630615800000,58.03000000,58.07000000,57.98000000,58.01000000,349.10000000,1630615859999,20259.75630000,33,213.73000000,12405.34130000,0
1630615860000,58.02000000,58.02000000,57.94000000,57.95000000,115.25000000,1630615919999,6684.15360000,18,21.50000000,1246.63400000,0
1630615920000,57.95000000,58.00000000,57.95000000,58.00000000,25.75000000,1630615979999,1492.62300000,5,1.72000000,99.76000000,0
1630615980000,58.00000000,58.00000000,58.00000000,58.00000000,1.14000000,1630616039999,66.12000000,2,0.70000000,40.60000000,0
1630616040000,57.96000000,58.02000000,57.96000000,58.02000000,38.49000000,1630616099999,2232.10340000,7,30.46000000,1766.68460000,0
1630616100000,58.07000000,58.10000000,58.01000000,58.07000000,36.10000000,1630616159999,2096.36620000,8,26.67000000,1549.24390000,0
1630616160000,57.99000000,58.05000000,57.99000000,58.05000000,8.86000000,1630616219999,514.09800000,6,4.30000000,249.61500000,0
1630616220000,58.02000000,58.05000000,58.00000000,58.01000000,25.24000000,1630616279999,1464.26320000,5,0.75000000,43.53750000,0
1630616280000,58.01000000,58.07000000,57.99000000,58.07000000,56.63000000,1630616339999,3285.23900000,11,1.92000000,111.49440000,0
1630616340000,58.00000000,58.05000000,58.00000000,58.02000000,26.34000000,1630616399999,1528.31140000,5,11.28000000,654.64200000,0
1630616400000,58.07000000,58.22000000,58.02000000,58.20000000,80.10000000,1630616459999,4660.71210000,31,75.67000000,4403.53350000,0
1630616460000,58.17000000,58.29000000,58.17000000,58.24000000,121.41000000,1630616519999,7067.38550000,30,56.29000000,3277.22010000,0
1630616520000,58.19000000,58.25000000,58.11000000,58.11000000,42.36000000,1630616579999,2463.02940000,13,3.41000000,198.34450000,0
1630616580000,58.11000000,58.15000000,58.10000000,58.15000000,22.95000000,1630616639999,1333.67210000,11,5.37000000,312.26550000,0
1630616640000,58.15000000,58.15000000,58.03000000,58.07000000,123.58000000,1630616699999,7175.37620000,31,47.35000000,2750.46930000,0
1630616700000,58.03000000,58.13000000,58.03000000,58.10000000,250.13000000,1630616759999,14531.48210000,25,184.49000000,10719.12870000,0
1630616760000,58.10000000,58.16000000,58.10000000,58.16000000,24.87000000,1630616819999,1445.89780000,9,20.43000000,1187.93380000,0
1630616820000,58.16000000,58.22000000,58.14000000,58.22000000,15.75000000,1630616879999,916.37800000,12,15.75000000,916.37800000,0
1630616880000,58.23000000,58.23000000,58.19000000,58.19000000,39.83000000,1630616939999,2318.61390000,10,13.02000000,758.15460000,0
1630616940000,58.18000000,58.21000000,58.12000000,58.12000000,24.30000000,1630616999999,1412.67030000,10,1.73000000,100.69250000,0
1630617000000,58.15000000,58.15000000,58.02000000,58.02000000,360.25000000,1630617059999,20921.16590000,35,146.81000000,8520.98580000,0
1630617060000,58.06000000,58.06000000,58.06000000,58.06000000,572.74000000,1630617119999,33253.28440000,44,572.74000000,33253.28440000,0
1630617120000,58.06000000,58.06000000,57.62000000,57.62000000,1050.81000000,1630617179999,60772.02510000,202,182.13000000,10534.53690000,0
1630617180000,57.64000000,57.65000000,57.56000000,57.57000000,87.34000000,1630617239999,5029.45200000,34,39.98000000,2302.49670000,0
1630617240000,57.57000000,57.63000000,57.57000000,57.62000000,74.50000000,1630617299999,4289.61900000,14,20.35000000,1171.61460000,0
1630617300000,57.60000000,57.69000000,57.56000000,57.66000000,496.93000000,1630617359999,28633.40310000,54,474.79000000,27358.73270000,0
1630617360000,57.69000000,57.69000000,57.63000000,57.63000000,23.95000000,1630617419999,1381.33220000,6,6.81000000,392.86890000,0
1630617420000,57.66000000,57.71000000,57.66000000,57.69000000,0.90000000,1630617479999,51.91510000,3,0.51000000,29.42770000,0
1630617480000,57.69000000,57.69000000,57.64000000,57.64000000,8.69000000,1630617539999,500.99960000,6,6.87000000,396.09480000,0
1630617540000,57.67000000,57.68000000,57.63000000,57.68000000,107.67000000,1630617599999,6209.54120000,21,100.26000000,5782.50290000,0
1630617600000,57.66000000,57.68000000,57.61000000,57.65000000,55.45000000,1630617659999,3196.88400000,15,37.99000000,2190.84590000,0
1630617660000,57.65000000,57.66000000,57.64000000,57.65000000,60.15000000,1630617719999,3467.73110000,7,9.68000000,558.05200000,0
1630617720000,57.65000000,57.71000000,57.65000000,57.71000000,60.71000000,1630617779999,3501.98040000,10,40.52000000,2338.02690000,0
1630617780000,57.76000000,57.76000000,57.71000000,57.76000000,119.31000000,1630617839999,6890.83060000,8,50.49000000,2916.30240000,0
1630617840000,57.72000000,57.77000000,57.72000000,57.77000000,6.87000000,1630617899999,396.63970000,5,2.29000000,132.28210000,0
1630617900000,57.72000000,57.78000000,57.71000000,57.71000000,18.55000000,1630617959999,1070.79710000,5,1.87000000,108.04860000,0
1630617960000,57.73000000,57.82000000,57.73000000,57.82000000,78.63000000,1630618019999,4541.73570000,11,34.20000000,1976.72700000,0
1630618020000,57.83000000,57.89000000,57.83000000,57.89000000,18.61000000,1630618079999,1076.69420000,10,8.20000000,474.47570000,0
1630618080000,57.86000000,57.92000000,57.86000000,57.91000000,25.60000000,1630618139999,1482.38970000,9,21.94000000,1270.60660000,0
1630618140000,57.91000000,57.96000000,57.91000000,57.95000000,307.74000000,1630618199999,17830.36810000,30,248.94000000,14425.26010000,0
1630618200000,57.93000000,57.96000000,57.91000000,57.96000000,225.31000000,1630618259999,13057.03610000,41,174.83000000,10132.18650000,0
1630618260000,57.96000000,57.98000000,57.96000000,57.98000000,11.33000000,1630618319999,656.70720000,13,8.67000000,502.53360000,0
1630618320000,57.98000000,57.99000000,57.98000000,57.99000000,14.11000000,1630618379999,818.18530000,12,14.11000000,818.18530000,0
1630618380000,57.98000000,58.03000000,57.96000000,58.03000000,46.77000000,1630618439999,2712.78630000,14,16.93000000,982.33210000,0
1630618440000,58.04000000,58.04000000,58.04000000,58.04000000,1.48000000,1630618499999,85.89920000,2,1.48000000,85.89920000,0
1630618500000,58.02000000,58.04000000,58.02000000,58.04000000,14.53000000,1630618559999,843.31720000,6,14.33000000,831.71320000,0
1630618560000,58.02000000,58.02000000,58.02000000,58.02000000,4.79000000,1630618619999,277.91580000,5,2.92000000,169.41840000,0
1630618620000,58.00000000,58.03000000,58.00000000,58.00000000,27.36000000,1630618679999,1586.90030000,7,0.80000000,46.42030000,0
1630618680000,58.00000000,58.04000000,57.99000000,58.04000000,283.57000000,1630618739999,16447.47280000,37,127.80000000,7413.11810000,0
1630618740000,58.04000000,58.05000000,58.02000000,58.02000000,33.06000000,1630618799999,1918.86440000,5,31.16000000,1808.62640000,0
1630618800000,58.04000000,58.04000000,58.02000000,58.04000000,7.24000000,1630618859999,420.10740000,7,5.60000000,324.95460000,0
1630618860000,58.02000000,58.03000000,57.91000000,58.02000000,300.70000000,1630618919999,17436.51820000,31,8.51000000,493.55330000,0
1630618920000,58.01000000,58.01000000,57.95000000,57.95000000,2.88000000,1630618979999,166.90860000,2,0.00000000,0.00000000,0
1630618980000,57.99000000,58.21000000,57.99000000,58.17000000,191.95000000,1630619039999,11145.59070000,51,188.79000000,10962.12740000,0
1630619040000,58.18000000,58.28000000,58.17000000,58.22000000,333.78000000,1630619099999,19437.64580000,36,310.85000000,18103.73560000,0
1630619100000,58.15000000,58.22000000,58.15000000,58.22000000,45.39000000,1630619159999,2640.31400000,11,2.33000000,135.62620000,0
1630619160000,58.22000000,58.24000000,58.19000000,58.24000000,25.66000000,1630619219999,1494.06220000,10,19.68000000,1146.04000000,0
1630619220000,58.19000000,58.19000000,58.13000000,58.15000000,134.75000000,1630619279999,7837.48380000,20,30.86000000,1794.26320000,0
1630619280000,58.21000000,58.21000000,58.14000000,58.14000000,14.45000000,1630619339999,840.41800000,4,10.11000000,588.09040000,0
1630619340000,58.11000000,58.11000000,58.08000000,58.09000000,87.09000000,1630619399999,5058.71540000,6,86.23000000,5008.75800000,0
1630619400000,58.09000000,58.21000000,58.09000000,58.14000000,79.98000000,1630619459999,4652.17790000,22,63.88000000,3716.32890000,0
1630619460000,58.16000000,58.16000000,58.14000000,58.15000000,9.00000000,1630619519999,523.29700000,6,0.00000000,0.00000000,0
1630619520000,58.15000000,58.20000000,58.15000000,58.20000000,30.68000000,1630619579999,1784.15090000,21,5.79000000,336.79740000,0
1630619580000,58.16000000,58.20000000,58.16000000,58.16000000,9.84000000,1630619639999,572.45120000,3,3.92000000,228.14400000,0
1630619640000,58.22000000,58.30000000,58.18000000,58.18000000,128.32000000,1630619699999,7476.67760000,18,93.80000000,5465.72860000,0
1630619700000,58.26000000,58.27000000,58.17000000,58.20000000,17.29000000,1630619759999,1007.10290000,7,13.23000000,770.69990000,0
1630619760000,58.18000000,58.19000000,58.16000000,58.16000000,8.98000000,1630619819999,522.45350000,3,0.00000000,0.00000000,0
1630619820000,58.15000000,58.15000000,58.10000000,58.10000000,16.88000000,1630619879999,980.95910000,8,6.07000000,352.78840000,0
1630619880000,58.17000000,58.20000000,58.15000000,58.20000000,90.15000000,1630619939999,5246.18220000,10,79.52000000,4627.94520000,0
1630619940000,58.25000000,58.25000000,58.18000000,58.18000000,15.84000000,1630619999999,922.06230000,7,1.23000000,71.56740000,0
1630620000000,58.20000000,58.20000000,58.11000000,58.13000000,48.77000000,1630620059999,2835.93870000,8,34.50000000,2006.43180000,0
1630620060000,58.13000000,58.25000000,58.13000000,58.25000000,335.98000000,1630620119999,19534.75670000,15,301.38000000,17523.16650000,0
1630620120000,58.17000000,58.18000000,58.16000000,58.18000000,43.24000000,1630620179999,2515.49080000,9,0.00000000,0.00000000,0
1630620180000,58.19000000,58.27000000,58.19000000,58.27000000,12.88000000,1630620239999,749.97400000,3,6.40000000,372.90280000,0
1630620240000,58.22000000,58.22000000,58.13000000,58.18000000,73.95000000,1630620299999,4303.10960000,14,0.35000000,20.36300000,0
1630620300000,58.18000000,58.19000000,58.14000000,58.15000000,77.87000000,1630620359999,4528.08590000,8,29.01000000,1686.98790000,0
1630620360000,58.14000000,58.15000000,58.12000000,58.12000000,114.24000000,1630620419999,6640.08570000,10,86.36000000,5019.24320000,0
1630620420000,58.16000000,58.17000000,58.11000000,58.11000000,32.13000000,1630620479999,1868.57430000,12,25.00000000,1454.24290000,0
1630620480000,58.12000000,58.15000000,58.10000000,58.15000000,403.72000000,1630620539999,23456.26280000,28,0.18000000,10.46700000,0
1630620540000,58.15000000,58.25000000,58.12000000,58.12000000,166.20000000,1630620599999,9667.90620000,22,149.28000000,8684.30640000,0
1630620600000,58.12000000,58.13000000,58.10000000,58.12000000,828.89000000,1630620659999,48159.07770000,25,0.00000000,0.00000000,0
1630620660000,58.18000000,58.18000000,58.11000000,58.15000000,91.96000000,1630620719999,5348.61790000,34,90.57000000,5267.83300000,0
1630620720000,58.14000000,58.20000000,58.10000000,58.20000000,214.41000000,1630620779999,12457.61170000,20,3.35000000,194.87950000,0
1630620780000,58.16000000,58.18000000,58.16000000,58.17000000,71.40000000,1630620839999,4153.70410000,6,69.76000000,4058.30530000,0
1630620840000,58.17000000,58.17000000,58.17000000,58.17000000,0.00000000,1630620899999,0.00000000,0,0.00000000,0.00000000,0
1630620900000,58.12000000,58.13000000,58.12000000,58.12000000,28.28000000,1630620959999,1643.71880000,6,0.00000000,0.00000000,0
1630620960000,58.12000000,58.16000000,58.10000000,58.10000000,31.43000000,1630621019999,1827.35200000,9,0.00000000,0.00000000,0
1630621020000,58.15000000,58.20000000,58.11000000,58.13000000,100.77000000,1630621079999,5858.80180000,20,51.90000000,3018.78000000,0
1630621080000,58.10000000,58.10000000,58.10000000,58.10000000,28.18000000,1630621139999,1637.25800000,7,0.00000000,0.00000000,0
1630621140000,58.10000000,58.10000000,58.10000000,58.10000000,14.23000000,1630621199999,826.76300000,3,0.00000000,0.00000000,0
1630621200000,58.12000000,58.12000000,58.11000000,58.12000000,29.31000000,1630621259999,1703.24360000,4,0.66000000,38.35920000,0
1630621260000,58.15000000,58.15000000,58.12000000,58.12000000,4.57000000,1630621319999,265.62910000,2,4.57000000,265.62910000,0
1630621320000,58.12000000,58.16000000,58.10000000,58.16000000,831.20000000,1630621379999,48294.52600000,62,11.16000000,648.84900000,0
1630621380000,58.17000000,58.17000000,58.14000000,58.14000000,35.02000000,1630621439999,2036.70580000,5,30.86000000,1794.81760000,0
1630621440000,58.12000000,58.19000000,58.11000000,58.19000000,39.00000000,1630621499999,2267.17860000,9,24.89000000,1447.17960000,0
1630621500000,58.10000000,58.16000000,58.10000000,58.13000000,155.18000000,1630621559999,9016.56040000,22,8.66000000,503.64580000,0
1630621560000,58.14000000,58.17000000,58.13000000,58.17000000,9.24000000,1630621619999,537.20050000,5,0.59000000,34.32030000,0
1630621620000,58.13000000,58.17000000,58.13000000,58.14000000,5.28000000,1630621679999,307.01170000,6,4.66000000,270.96800000,0
1630621680000,58.14000000,58.15000000,58.10000000,58.10000000,194.21000000,1630621739999,11288.34640000,19,146.28000000,8502.78790000,0
1630621740000,58.12000000,58.16000000,58.10000000,58.16000000,13.71000000,1630621799999,796.84140000,6,2.93000000,170.40880000,0
1630621800000,58.19000000,58.19000000,58.12000000,58.18000000,45.94000000,1630621859999,2672.11830000,15,34.47000000,2004.99290000,0
1630621860000,58.18000000,58.24000000,58.17000000,58.24000000,78.02000000,1630621919999,4539.69790000,18,77.01000000,4480.94620000,0
1630621920000,58.16000000,58.16000000,58.16000000,58.16000000,0.56000000,1630621979999,32.56960000,1,0.00000000,0.00000000,0
1630621980000,58.17000000,58.19000000,58.10000000,58.10000000,236.78000000,1630622039999,13760.95270000,20,6.95000000,404.37090000,0
1630622040000,58.10000000,58.10000000,58.10000000,58.10000000,33.92000000,1630622099999,1970.75200000,2,0.00000000,0.00000000,0
1630622100000,58.10000000,58.10000000,58.10000000,58.10000000,3.28000000,1630622159999,190.56800000,1,0.00000000,0.00000000,0
1630622160000,58.10000000,58.15000000,58.10000000,58.10000000,135.32000000,1630622219999,7862.27870000,15,11.83000000,687.50970000,0
1630622220000,58.10000000,58.21000000,58.10000000,58.12000000,199.83000000,1630622279999,11627.31770000,17,194.42000000,11312.93070000,0
1630622280000,58.14000000,58.19000000,58.10000000,58.12000000,43.69000000,1630622339999,2541.31340000,25,17.17000000,998.89230000,0
1630622340000,58.12000000,58.12000000,58.10000000,58.12000000,16.19000000,1630622399999,940.91940000,5,0.00000000,0.00000000,0
1630622400000,58.13000000,58.14000000,58.12000000,58.12000000,12.85000000,1630622459999,746.91400000,4,8.95000000,520.17400000,0
1630622460000,58.12000000,58.12000000,58.12000000,58.12000000,0.00000000,1630622519999,0.00000000,0,0.00000000,0.00000000,0
1630622520000,58.16000000,58.19000000,58.15000000,58.18000000,74.10000000,1630622579999,4310.61960000,28,67.38000000,3919.71720000,0
1630622580000,58.16000000,58.37000000,58.16000000,58.37000000,277.20000000,1630622639999,16142.12480000,85,239.19000000,13931.46320000,0
1630622640000,58.37000000,58.39000000,58.31000000,58.31000000,61.97000000,1630622699999,3617.48300000,21,51.07000000,2981.22040000,0
1630622700000,58.33000000,58.39000000,58.28000000,58.30000000,88.41000000,1630622759999,5156.22950000,9,41.92000000,2445.69760000,0
1630622760000,58.34000000,58.34000000,58.12000000,58.16000000,129.16000000,1630622819999,7510.47140000,14,16.24000000,945.16130000,0
1630622820000,58.17000000,58.28000000,58.17000000,58.28000000,18.08000000,1630622879999,1051.90720000,3,1.76000000,102.57280000,0
1630622880000,58.23000000,58.25000000,58.23000000,58.23000000,52.05000000,1630622939999,3031.43670000,5,52.05000000,3031.43670000,0
1630622940000,58.20000000,58.33000000,58.20000000,58.20000000,281.97000000,1630622999999,16425.56150000,20,272.77000000,15890.12150000,0
1630623000000,58.19000000,58.24000000,58.19000000,58.24000000,3.46000000,1630623059999,201.42290000,2,0.00000000,0.00000000,0
1630623060000,58.22000000,58.22000000,58.16000000,58.16000000,18.62000000,1630623119999,1083.81550000,10,12.89000000,750.45580000,0
1630623120000,58.20000000,58.20000000,58.19000000,58.19000000,14.85000000,1630623179999,864.13580000,7,14.50000000,843.76930000,0
1630623180000,58.20000000,58.33000000,58.18000000,58.20000000,106.59000000,1630623239999,6208.69550000,16,88.18000000,5137.18570000,0
1630623240000,58.20000000,58.21000000,58.17000000,58.20000000,103.54000000,1630623299999,6026.27550000,13,0.00000000,0.00000000,0
1630623300000,58.20000000,58.20000000,58.20000000,58.20000000,0.00000000,1630623359999,0.00000000,0,0.00000000,0.00000000,0
1630623360000,58.20000000,58.22000000,58.20000000,58.20000000,9.46000000,1630623419999,550.59200000,6,1.00000000,58.22000000,0
1630623420000,58.20000000,58.22000000,58.20000000,58.20000000,24.97000000,1630623479999,1453.42860000,11,8.73000000,508.26060000,0
1630623480000,58.20000000,58.21000000,58.20000000,58.21000000,14.68000000,1630623539999,854.48580000,9,10.98000000,639.14580000,0
1630623540000,58.28000000,58.32000000,58.21000000,58.21000000,32.93000000,1630623599999,1918.86640000,17,21.43000000,1249.31440000,0
1630623600000,58.21000000,58.27000000,58.20000000,58.22000000,145.47000000,1630623659999,8468.29190000,27,54.88000000,3195.91340000,0
1630623660000,58.22000000,58.26000000,58.14000000,58.14000000,104.14000000,1630623719999,6057.30010000,15,75.49000000,4390.48910000,0
1630623720000,58.21000000,58.22000000,58.11000000,58.11000000,79.38000000,1630623779999,4619.11080000,15,59.92000000,3488.07420000,0
1630623780000,58.11000000,58.32000000,58.10000000,58.20000000,450.57000000,1630623839999,26235.36400000,35,411.16000000,23944.17720000,0
1630623840000,58.15000000,58.19000000,58.10000000,58.12000000,65.45000000,1630623899999,3803.78030000,13,38.86000000,2258.55580000,0
1630623900000,58.16000000,58.17000000,58.15000000,58.17000000,4.79000000,1630623959999,278.61230000,3,0.00000000,0.00000000,0
1630623960000,58.15000000,58.17000000,58.11000000,58.12000000,16.89000000,1630624019999,982.15330000,6,15.47000000,899.61310000,0
1630624020000,58.15000000,58.16000000,58.13000000,58.13000000,57.91000000,1630624079999,3367.50400000,6,3.23000000,187.82450000,0
1630624080000,58.13000000,58.13000000,58.13000000,58.13000000,53.71000000,1630624139999,3122.16230000,19,5.87000000,341.22310000,0
1630624140000,58.13000000,58.13000000,58.10000000,58.10000000,307.61000000,1630624199999,17872.71230000,8,0.00000000,0.00000000,0
1630624200000,58.14000000,58.14000000,58.00000000,58.00000000,3543.05000000,1630624259999,205667.51070000,147,9.17000000,533.14380000,0
1630624260000,58.00000000,58.07000000,58.00000000,58.00000000,67.50000000,1630624319999,3916.70500000,27,18.85000000,1094.61950000,0
1630624320000,58.00000000,58.02000000,58.00000000,58.00000000,115.14000000,1630624379999,6678.94870000,9,30.60000000,1775.41200000,0
1630624380000,58.02000000,58.02000000,58.02000000,58.02000000,13.19000000,1630624439999,765.28380000,3,0.00000000,0.00000000,0
1630624440000,58.02000000,58.05000000,58.00000000,58.00000000,236.86000000,1630624499999,13738.66450000,7,0.61000000,35.39220000,0
1630624500000,58.06000000,58.12000000,58.01000000,58.01000000,212.53000000,1630624559999,12342.93910000,10,212.53000000,12342.93910000,0
1630624560000,58.05000000,58.05000000,58.00000000,58.00000000,13.06000000,1630624619999,757.60480000,3,0.00000000,0.00000000,0
1630624620000,58.02000000,58.02000000,58.00000000,58.01000000,74.88000000,1630624679999,4343.33700000,17,0.00000000,0.00000000,0
1630624680000,58.06000000,58.06000000,58.06000000,58.06000000,7.74000000,1630624739999,449.38440000,1,7.74000000,449.38440000,0
1630624740000,58.00000000,58.01000000,58.00000000,58.01000000,56.31000000,1630624799999,3266.12650000,21,13.37000000,775.59370000,0
1630624800000,58.02000000,58.05000000,58.02000000,58.05000000,27.00000000,1630624859999,1566.97900000,13,0.00000000,0.00000000,0
1630624860000,58.05000000,58.11000000,58.05000000,58.10000000,92.65000000,1630624919999,5380.41720000,7,88.53000000,5141.05200000,0
1630624920000,58.07000000,58.07000000,58.01000000,58.01000000,6.97000000,1630624979999,404.47990000,3,0.00000000,0.00000000,0
1630624980000,58.00000000,58.02000000,58.00000000,58.00000000,420.20000000,1630625039999,24372.06020000,52,44.83000000,2600.60020000,0
1630625040000,58.00000000,58.02000000,58.00000000,58.00000000,166.07000000,1630625099999,9632.52860000,31,23.43000000,1359.40860000,0
1630625100000,58.00000000,58.04000000,58.00000000,58.00000000,511.39000000,1630625159999,29661.74820000,52,70.11000000,4067.50820000,0
1630625160000,58.04000000,58.04000000,58.00000000,58.00000000,19.79000000,1630625219999,1147.91030000,4,0.96000000,55.71840000,0
1630625220000,58.02000000,58.07000000,58.01000000,58.01000000,17.82000000,1630625279999,1034.45620000,5,14.30000000,830.25920000,0
1630625280000,58.00000000,58.00000000,58.00000000,58.00000000,216.00000000,1630625339999,12528.00000000,32,0.00000000,0.00000000,0
1630625340000,58.00000000,58.03000000,58.00000000,58.00000000,338.22000000,1630625399999,19618.10350000,42,98.31000000,5703.32350000,0
1630625400000,58.00000000,58.12000000,58.00000000,58.12000000,229.34000000,1630625459999,13315.39980000,44,182.84000000,10618.02850000,0
1630625460000,58.09000000,58.22000000,58.09000000,58.17000000,145.24000000,1630625519999,8449.74690000,13,127.38000000,7410.58730000,0
1630625520000,58.09000000,58.14000000,58.09000000,58.14000000,3.39000000,1630625579999,197.04460000,2,0.00000000,0.00000000,0
1630625580000,58.17000000,58.17000000,58.08000000,58.08000000,193.22000000,1630625639999,11230.15880000,15,59.64000000,3465.38460000,0
1630625640000,58.09000000,58.09000000,58.00000000,58.00000000,12.81000000,1630625699999,743.93220000,4,0.00000000,0.00000000,0
1630625700000,58.00000000,58.00000000,57.73000000,57.85000000,897.71000000,1630625759999,52047.11470000,105,15.69000000,907.69300000,0
1630625760000,57.87000000,57.91000000,57.87000000,57.91000000,28.87000000,1630625819999,1670.94770000,7,25.55000000,1478.81930000,0
1630625820000,57.95000000,57.95000000,57.95000000,57.95000000,3.33000000,1630625879999,192.97350000,1,0.00000000,0.00000000,0
1630625880000,57.91000000,57.91000000,57.88000000,57.88000000,38.33000000,1630625939999,2219.63980000,7,31.36000000,1816.05760000,0
1630625940000,57.93000000,57.97000000,57.93000000,57.94000000,15.14000000,1630625999999,877.18790000,4,11.81000000,684.24770000,0
1630626000000,57.97000000,58.00000000,57.97000000,58.00000000,34.49000000,1630626059999,1999.92520000,4,34.49000000,1999.92520000,0
1630626060000,57.92000000,57.96000000,57.90000000,57.90000000,10.44000000,1630626119999,604.58970000,5,0.18000000,10.43280000,0
1630626120000,57.90000000,58.06000000,57.90000000,58.01000000,481.55000000,1630626179999,27934.76740000,30,478.22000000,27741.96040000,0
1630626180000,57.87000000,57.94000000,57.87000000,57.94000000,10.52000000,1630626239999,609.29570000,3,7.19000000,416.58860000,0
1630626240000,57.97000000,57.97000000,57.95000000,57.96000000,45.17000000,1630626299999,2618.07050000,6,0.00000000,0.00000000,0
1630626300000,57.95000000,57.99000000,57.81000000,57.92000000,37.73000000,1630626359999,2185.55670000,12,20.66000000,1197.06340000,0
1630626360000,57.93000000,58.00000000,57.93000000,58.00000000,171.97000000,1630626419999,9973.97800000,4,168.07000000,9748.05100000,0
1630626420000,58.06000000,58.09000000,58.06000000,58.09000000,8.87000000,1630626479999,515.12650000,4,8.87000000,515.12650000,0
1630626480000,58.16000000,58.17000000,58.15000000,58.17000000,7.26000000,1630626539999,422.24840000,3,4.51000000,262.33590000,0
1630626540000,58.17000000,58.17000000,58.15000000,58.15000000,2.80000000,1630626599999,162.83500000,3,0.00000000,0.00000000,0
1630626600000,58.17000000,58.17000000,58.14000000,58.14000000,50.00000000,1630626659999,2907.82000000,7,4.78000000,277.90920000,0
1630626660000,58.17000000,58.17000000,58.17000000,58.17000000,1.71000000,1630626719999,99.47070000,1,1.71000000,99.47070000,0
1630626720000,58.12000000,58.13000000,57.97000000,58.10000000,212.57000000,1630626779999,12333.93690000,19,3.23000000,187.75990000,0
1630626780000,58.09000000,58.11000000,58.09000000,58.11000000,0.92000000,1630626839999,53.45420000,3,0.57000000,33.12270000,0
1630626840000,58.05000000,58.13000000,58.05000000,58.10000000,325.01000000,1630626899999,18888.08410000,17,174.26000000,10124.98660000,0
1630626900000,58.10000000,58.12000000,58.06000000,58.06000000,45.12000000,1630626959999,2620.99740000,8,3.29000000,191.21480000,0
1630626960000,58.12000000,58.18000000,58.12000000,58.18000000,8.16000000,1630627019999,474.33670000,3,7.07000000,410.97500000,0
1630627020000,58.13000000,58.13000000,58.13000000,58.13000000,0.61000000,1630627079999,35.45930000,1,0.00000000,0.00000000,0
1630627080000,58.13000000,58.13000000,58.13000000,58.13000000,0.00000000,1630627139999,0.00000000,0,0.00000000,0.00000000,0
1630627140000,58.07000000,58.07000000,58.05000000,58.05000000,28.63000000,1630627199999,1662.45350000,6,0.00000000,0.00000000,0
